10.0002,9
10.0161,0
10.0216,6
10.0221,5
10.0428,1
10.0428,0
10.043,9
10.0596,2
10.0597,0
10.0651,14
10.1474,0
10.1528,5
10.1529,3
10.1529,0
10.1584,10
10.1585,2
10.1585,0
10.1587,4
10.1587,0
10.1641,14
10.1643,2
10.1643,0
10.1697,7
10.1701,2
10.1701,0
10.1904,10
10.2019,3
10.2019,0
10.2073,12
10.2074,11
10.2075,1
10.2077,0
10.2133,1
10.2136,0
10.2138,11
10.2138,10
10.2139,0
10.2194,15
10.2248,14
10.2249,6
10.225,0
10.2251,23
10.2252,18
10.2254,0
10.2255,14
10.2256,11
10.2257,0
10.2311,9
10.2312,6
10.2367,0
10.2421,9
10.2703,7
10.2761,0
10.2815,8
10.2816,0
10.2871,6
10.2871,0
10.3207,7
10.3258,0
10.326,3
10.326,0
10.3315,9
10.3315,7
10.3426,3
10.348,2
10.4147,1
10.4147,0
10.4201,11
10.4203,0
10.4257,14
10.4257,12
10.4259,0
10.4313,1
10.4313,0
10.4367,6
10.4368,5
10.4368,0
10.4423,15
10.4424,10
10.4425,0
10.4426,7
10.4427,0
10.4481,4
10.4482,3
10.4482,0
10.4536,6
10.4537,0
10.4646,2
10.4646,0
10.47,5
10.4701,0
10.4755,14
10.4756,6
10.4757,0
10.4811,4
10.4814,3
10.4815,0
10.4869,2
10.4869,0
10.4924,8
10.4925,6
10.4925,0
10.4927,9
10.4928,0
10.493,56
10.493,54
10.4932,33
10.4934,13
10.4935,0
10.4937,108
10.4938,102
10.494,81
10.4941,61
10.4943,40
10.4945,19
10.4947,0
10.4949,239
10.4951,219
10.4953,198
10.4955,177
10.4956,156
10.4958,136
10.496,115
10.4962,94
10.4964,73
10.4966,53
10.4968,32
10.4969,11
10.4971,0
10.4972,304
10.4973,297
10.4975,276
10.4977,255
10.4979,234
10.4981,213
10.4983,193
10.4984,172
10.4986,151
10.4988,130
10.499,110
10.4992,89
10.4994,68
10.4996,47
10.4997,27
10.4999,6
10.5,0
10.5002,260
10.5003,247
10.5005,226
10.5007,206
10.5009,185
10.5011,164
10.5012,143
10.5014,123
10.5016,102
10.5018,81
10.502,60
10.5022,40
10.5024,19
10.5025,0
10.5027,966
10.5029,945
10.5031,925
10.5033,904
10.5035,883
10.5037,862
10.5039,842
10.504,821
10.5042,800
10.5044,779
10.5046,759
10.5048,738
10.505,717
10.5052,696
10.5054,676
10.5055,655
10.5057,634
10.5059,613
10.5061,592
10.5063,572
10.5065,551
10.5067,530
10.5069,509
10.507,489
10.5072,468
10.5074,447
10.5076,426
10.5078,406
10.508,385
10.5082,364
10.5083,343
10.5085,323
10.5087,302
10.5089,281
10.5091,260
10.5093,239
10.5095,219
10.5097,198
10.5098,177
10.51,156
10.5102,136
10.5104,115
10.5106,94
10.5108,73
10.511,53
10.5111,32
10.5113,11
10.5114,0
10.5116,6
10.5117,0
10.5171,9
10.5171,8
10.5172,0
10.5227,8
10.5227,6
10.5228,0
10.5229,6
10.523,0
10.5285,4
10.5286,0
10.5287,3
10.5288,0
10.5342,4
10.5343,0
10.5397,4
10.5397,1
10.5398,0
10.5452,1
10.5452,0
10.5506,15
10.5508,3
10.5508,0
10.5617,15
10.5618,5
10.5618,0
10.5673,9
10.5782,8
10.584,0
10.6003,6
10.6004,0
10.6058,10
10.6059,8
10.606,0
10.6114,2
10.6114,0
10.6169,8
10.6169,4
10.617,0
10.6224,8
10.65,2
10.6503,0
10.9669,6
10.9714,0
10.9715,6
10.9716,0
10.977,12
10.9771,11
10.9772,0
10.9826,6
10.9827,0
10.9881,12
10.9885,5
10.9885,0
10.9939,15
10.9941,2
10.9941,0
10.9995,6
10.9996,0
11.005,7
11.0051,2
11.0051,0
11.0105,1
11.0106,0
11.016,1
11.016,0
11.0214,7
11.0215,0
11.027,14
11.0271,0
11.0325,14
11.0327,0
11.0381,1
11.0382,0
11.0436,15
11.0437,0
11.0492,15
11.0492,14
11.0493,0
11.0547,13
11.0548,10
11.0549,0
11.0603,7
11.0604,0
11.0658,5
11.0659,0
11.0714,11
11.0714,9
11.0715,0
11.0717,7
11.0718,0
11.0772,10
11.0772,8
11.0773,0
11.0827,4
11.0828,0
11.0882,3
11.0883,1
11.0883,0
11.0937,10
11.0941,4
11.0941,0
11.0995,9
11.0996,0
11.105,14
11.1051,13
11.1052,0
11.1106,1
11.1107,0
11.1161,11
11.1162,0
11.1216,10
11.1217,4
11.1218,0
11.1326,10
11.1327,0
11.1382,8
11.1383,0
11.1437,14
11.1438,9
11.1438,0
11.1493,6
11.1494,0
11.1548,11
11.1549,0
11.1603,5
11.1604,0
11.1658,15
11.166,0
11.1714,4
11.1715,0
11.1769,11
11.177,0
11.1825,1
11.1825,0
11.1884,14
11.1886,0
11.194,5
11.1944,0
11.1998,5
11.1998,2
11.1999,0
11.2053,13
11.2054,0
11.2108,8
11.2109,0
11.2218,2
11.2219,0
11.2273,8
11.2274,0
11.2329,3
11.2329,1
11.2329,0
11.2331,10
11.2332,0
11.2387,9
11.2388,0
11.2389,2
11.239,0
11.2444,14
11.2445,7
11.2446,0
11.25,2
11.25,0
11.2554,6
11.2555,2
11.2555,0
11.261,13
11.2611,0
11.2665,11
11.2667,0
11.2721,1
11.2721,0
11.2775,6
11.2776,5
11.2776,3
11.2779,0
11.2833,1
11.438,0
11.4434,10
11.4435,0
11.449,5
11.4491,0
11.4492,8
11.4493,1
11.4493,0
11.4495,10
11.4496,0
11.4498,15
11.4499,9
11.45,0
11.4501,10
11.4503,1
11.4503,0
11.4504,12
11.4506,0
11.4508,12
11.4508,8
11.4509,0
11.4511,8
11.4512,0
11.4513,12
11.4515,0
11.4517,8
11.4518,1
11.4518,0
11.4519,4
11.452,0
11.4522,4
11.4523,0
11.4524,1
11.4525,0
11.4526,14
11.4527,12
11.4528,0
11.453,8
11.4531,2
11.4531,0
11.4532,12
11.4534,0
11.4536,10
11.4536,7
11.4537,0
11.4539,15
11.454,4
11.454,0
11.4542,2
11.4543,0
11.4544,10
11.4546,0
11.4547,10
11.4549,0
11.455,13
11.4551,6
11.4552,0
11.4553,15
11.4555,3
11.4555,0
11.4559,4
11.456,0
11.4561,1
11.4562,0
11.4564,13
11.4564,9
11.4565,0
11.4567,12
11.4568,2
11.4568,0
11.457,4
11.4571,0
11.4572,8
11.4573,0
11.4575,4
11.4576,0
11.4578,13
11.4579,0
11.4581,13
11.4582,0
11.4584,15
11.4585,10
11.4586,0
11.4587,13
11.4589,4
11.4589,0
11.4591,13
11.4592,0
11.4596,11
11.4597,0
11.4599,10
11.46,6
11.46,0
11.4602,3
11.4603,0
11.4604,5
11.4605,0
11.4607,2
11.4607,1
11.4607,0
11.4609,10
11.461,0
11.4612,2
11.4613,0
11.4614,12
11.4615,11
11.4616,0
11.4617,7
11.4618,0
11.462,2
11.4621,0
11.4622,2
11.4623,0
11.4625,15
11.4626,5
11.4626,0
11.4628,5
11.4629,0
11.4631,1
11.4631,0
11.4633,2
11.4633,0
11.4635,10
11.4636,0
11.4638,3
11.4639,0
11.464,14
11.4641,11
11.4642,0
11.4644,13
11.4645,6
11.4645,0
11.4647,10
11.4648,0
11.4652,3
11.4653,0
11.4654,2
11.4655,0
11.4656,15
11.4658,2
11.4658,0
11.4712,12
11.4714,0
11.4768,4
11.4768,0
11.4823,1
11.4823,0
11.4877,6
11.4878,0
11.4932,14
11.4934,0
11.5042,6
11.5046,0
11.51,13
11.5102,0
11.5156,10
11.5157,6
11.5157,0
11.5211,3
11.5212,0
11.5266,9
11.5267,5
11.5267,0
11.5322,10
11.5323,0
11.5377,14
11.5379,0
11.5433,7
11.5433,4
11.5434,0
11.5488,6
11.5489,0
11.5543,12
11.5544,9
11.5544,0
11.5598,12
11.56,3
11.56,0
11.5709,11
11.571,1
11.571,0
11.5764,14
11.5766,0
11.582,1
11.582,0
11.5874,3
11.5875,0
11.5929,7
11.593,0
11.5984,12
11.5986,0
11.604,1
11.6043,0
11.6097,13
11.6099,3
11.6099,0
11.6153,9
11.6154,0
11.6263,15
11.6265,0
11.6319,3
12.0398,0
12.0506,9
12.0507,0
12.0561,11
12.0563,0
12.0617,10
12.0618,7
12.0618,0
12.0727,11
12.0728,5
12.0728,0
12.0782,2
12.0783,0
12.0837,2
12.0838,0
12.0892,7
12.3951,1
12.4005,0
12.4059,4
12.406,0
12.4114,5
12.4115,0
12.4169,8
12.417,0
12.4224,5
12.4228,0
12.4283,1
12.4283,0
12.4287,10
12.4288,1
12.4288,0
12.429,6
12.4291,0
12.4292,14
12.4294,5
12.4294,0
12.4296,2
12.4296,0
12.4298,1
12.4299,0
12.43,13
12.4301,7
12.4302,0
12.4303,1
12.4304,0
12.4306,8
12.4307,0
12.4308,10
12.431,0
12.4311,6
12.4312,0
12.4314,1
12.4314,0
12.4316,8
12.4317,0
12.4319,10
12.432,4
12.432,0
12.4322,12
12.4323,0
12.4325,12
12.4327,0
12.4328,11
12.4329,4
12.433,0
12.4331,2
12.4332,0
12.4333,12
12.4335,2
12.4335,0
12.4337,15
12.4338,0
12.434,11
12.4341,0
12.4343,15
12.4344,8
12.4345,0
12.4347,11
12.4348,0
12.435,9
12.4351,0
12.4352,15
12.4353,8
12.4354,0
12.4356,5
12.4357,0
12.4358,14
12.4359,10
12.436,0
12.4362,8
12.4363,0
12.4365,5
12.4365,0
12.4367,3
12.4368,0
12.4369,11
12.437,5
12.4371,0
12.4372,15
12.4374,1
12.4374,0
12.4376,3
12.4377,0
12.4378,2
12.4379,0
12.438,2
12.4381,0
12.4387,2
12.4387,0
12.4389,4
12.439,0
12.4391,9
12.4393,0
12.4394,4
12.4395,0
12.4397,11
12.4398,0
12.44,5
12.4401,0
12.4402,4
12.4403,0
12.4405,11
12.4406,4
12.4406,0
12.4408,12
12.4409,0
12.4411,12
12.4411,11
12.4412,0
12.4414,9
12.4415,2
12.4415,0
12.4417,11
12.4418,0
12.442,8
12.4421,4
12.4421,0
12.4423,9
12.4424,0
12.4426,1
12.4426,0
12.4428,5
12.4429,0
12.443,14
12.4432,1
12.4432,0
12.4434,3
12.4434,0
12.4436,7
12.4437,0
12.4439,3
12.4439,0
12.4443,8
12.4444,0
12.4446,7
12.4447,0
12.4449,1
12.4449,0
12.4451,15
12.4453,0
12.4454,15
12.4456,0
12.4458,13
12.4458,12
12.4459,0
12.4463,14
12.4464,9
12.4465,0
12.4466,11
12.4467,2
12.4468,0
12.4469,2
12.447,0
12.4472,15
12.4473,2
12.4473,0
12.4475,4
12.4476,0
12.4477,4
12.4478,0
12.448,1
12.448,0
12.4482,2
12.4482,1
12.4483,0
12.4484,15
12.4486,0
12.4488,8
12.4489,0
12.449,2
12.4491,0
12.4493,15
12.4494,8
12.4494,0
12.4496,8
12.4497,0
12.4499,9
12.45,0
12.4502,13
12.4503,4
12.4503,0
12.4505,5
12.4506,0
12.456,7
12.4561,0
12.4615,9
12.4616,0
12.467,11
12.4671,4
12.4672,0
12.478,15
12.4781,5
12.4782,0
12.4891,15
12.4892,6
12.4892,0
12.4946,6
12.4947,0
12.5056,11
12.5057,0
12.5112,15
12.5114,0
12.5115,6
12.5116,2
12.5116,0
12.5171,6
12.5172,0
12.5173,15
12.5174,12
12.5175,0
12.5229,15
12.523,10
12.5231,0
12.5286,9
12.529,0
12.5291,5
12.5292,2
12.5292,0
12.5346,13
12.5348,0
12.5402,14
12.5403,0
12.5457,6
12.5458,4
12.5458,0
12.5513,13
12.5514,0
12.5568,1
12.5569,0
12.5623,13
12.5624,0
12.5678,1
12.5679,0
12.5733,12
12.5735,0
12.5789,4
12.5789,0
12.5844,2
12.5844,0
12.5898,6
12.5899,1
12.5899,0
12.5954,14
12.5955,4
12.5956,0
12.5957,6
12.5958,0
12.6012,4
12.6013,0
12.6067,15
12.6069,0
12.6123,8
12.6123,6
12.6124,0
12.6178,8
12.6179,0
12.6233,4
12.6234,0
12.6288,14
12.6292,11
12.6293,0
12.6347,9
12.6348,3
12.6348,0
12.6402,3
12.6403,0
12.6457,5
12.6458,0
12.6512,2
12.6512,0
12.6566,14
12.6568,0
12.6622,10
12.6623,0
12.6678,6
12.6678,1
12.6679,0
12.6733,3
12.6733,0
12.6787,1
12.6788,0
12.6842,6
12.6843,1
12.6843,0
12.6952,14
12.6953,1
12.6953,0
12.7007,2
12.7008,0
12.7062,3
12.7063,0
12.7117,5
12.7118,1
12.7118,0
12.7172,13
12.7173,0
12.7227,1
12.7228,0
12.7282,11
12.7283,0
12.7338,3
12.7341,0
12.7395,10
12.7396,4
12.7396,2
12.7407,0
12.7461,14
12.7506,2
12.7506,0
12.7569,9
12.757,4
12.757,0
12.7624,1
12.7625,0
12.7679,6
12.768,0
12.7734,12
12.7735,0
12.779,13
12.779,9
12.7791,0
12.7845,11
12.7846,2
12.7847,0
12.7901,12
12.7902,0
12.7956,15
12.7958,0
12.8012,13
12.8013,11
12.8014,0
12.8068,11
12.8069,5
12.8069,0
12.8123,4
12.8124,0
12.8178,13
12.8179,8
12.818,0
12.8234,13
12.8249,9
12.8304,6
12.8304,0
12.8358,7
12.8362,3
12.8417,0
12.8471,5
12.8472,0
12.8526,12
12.8527,6
12.8527,0
12.8581,7
12.8582,0
12.8637,1
12.8637,0
12.8692,10
12.8693,0
12.8694,9
12.8695,8
12.8696,0
12.875,4
12.8751,0
12.8805,3
12.8805,1
12.8805,0
12.8859,15
12.8861,0
12.8915,10
12.8917,0
12.8971,10
12.8973,0
12.9029,12
12.9029,6
12.903,0
12.9084,8
12.9085,0
12.9194,10
12.9195,0
12.9249,1
12.925,0
12.9304,13
12.9305,0
12.936,6
12.9363,0
12.9417,11
12.9418,7
12.9419,0
12.9473,1
12.9473,0
12.9527,4
12.9528,0
12.9582,12
12.9584,0
12.9638,11
12.9639,7
12.9639,0
12.9693,13
12.9695,3
12.9695,0
12.9749,5
12.975,0
12.9804,1
12.9805,0
12.9859,10
12.9859,9
12.986,0
12.9914,5
13.4942,0
13.4996,6
13.4997,2
13.4997,0
13.5051,2
13.5052,0
13.5106,3
13.5106,0
13.5161,3
13.5161,0
13.5215,11
13.5217,0
13.5271,1
13.5271,0
13.5325,10
13.5327,0
13.5381,15
13.5382,9
13.5383,0
13.5437,2
13.5437,0
13.5549,14
13.555,4
13.555,0
13.5604,14
13.5606,1
13.5606,0
13.566,12
13.5662,0
13.5716,11
13.5716,10
13.5717,0
13.5771,15
13.5772,8
13.5773,0
13.5827,14
13.5828,5
13.5829,0
13.5883,9
13.5884,0
13.5938,5
13.5939,0
13.5993,5
13.5994,0
13.6048,4
13.6049,0
13.6103,4
13.6104,0
13.6158,10
13.6159,0
13.6213,7
13.6214,0
13.6268,12
13.6269,5
13.627,0
13.6324,5
13.6325,0
13.6434,1
13.6434,0
13.6488,12
13.649,0
13.6544,9
13.6548,0
13.6602,5
13.6603,0
13.6711,4
13.6712,0
13.6766,8
13.6767,0
13.6821,8
13.6823,0
13.6877,8
13.6878,0
13.6932,13
13.6933,6
13.6934,0
13.6988,10
13.6989,0
13.7043,5
13.7044,0
13.7098,11
13.7099,1
13.7099,0
13.7153,13
13.7155,0
13.7209,9
13.721,0
13.7264,15
13.7266,7
13.7266,0
13.732,3
13.7321,0
13.7375,6
13.7376,2
13.7376,0
13.743,15
13.7432,0
13.7486,7
13.7487,0
13.7541,2
13.7545,0
13.7599,14
13.76,2
13.76,0
13.7654,7
14.2694,2
14.2705,0
14.2759,7
14.276,6
14.2814,0
14.2868,13
14.2872,11
14.2873,0
14.2958,1
14.2958,0
14.3012,13
14.3014,0
14.3068,1
14.3068,0
14.3123,2
14.3123,0
14.3177,7
14.3178,0
14.3232,8
14.3233,6
14.3234,0
14.3288,10
14.3289,0
14.3343,12
14.3345,0
14.3399,3
14.3399,0
14.3453,8
14.3455,0
14.3509,5
14.3509,0
14.3564,7
14.3565,0
14.3619,7
14.362,0
14.3674,3
14.3677,0
14.3731,11
14.3732,10
14.3733,0
14.3787,6
14.3788,0
14.3842,5
14.3843,0
14.3951,10
14.3952,4
14.3953,0
14.4007,13
14.4008,0
14.4063,5
14.4063,0
14.4118,8
14.4119,0
14.4173,6
14.4174,0
14.4228,8
14.4229,0
14.4283,10
14.4284,0
14.4338,12
14.9396,0
14.945,10
14.9452,0
14.9506,5
14.9507,0
14.9561,14
14.9563,0
14.9617,8
14.9618,0
14.9672,14
15.4727,13
15.4728,0
15.4782,10
15.4783,5
15.4783,0
15.4837,10
15.4839,0
15.4893,10
15.4894,0
15.4948,14
15.4953,0
15.5007,4
15.5007,0
15.5061,11
15.5063,0
15.5117,8
15.5118,0
15.5172,14
15.5173,7
15.5174,0
15.5228,7
15.5229,0
15.5283,10
15.5284,0
15.5339,9
15.534,2
15.534,0
15.5394,14
15.5396,0
15.545,8
15.5451,0
15.5505,6
15.5506,0
15.5614,11
15.5616,0
15.567,9
15.5671,0
15.5725,13
15.5726,4
15.5727,0
15.5781,7
15.5782,0
15.5836,8
15.5837,6
15.5837,0
15.5891,3
15.5892,0
15.5946,11
15.5947,6
15.5947,0
15.6002,5
15.6019,0
15.6074,2
15.6129,0
15.6185,1
15.6188,0
15.6242,10
15.6243,6
15.6298,3
15.6352,2
15.6407,0
15.6461,14
15.6462,12
15.6517,7
15.6517,6
15.6517,1
15.6627,0
15.6681,6
15.6681,3
15.6682,0
15.6736,5
15.6737,1
15.6791,0
15.6845,13
15.6846,11
15.6846,8
15.6901,6
15.6901,0
15.6956,5
15.6956,3
15.6956,0
15.701,14
15.7014,13
15.7069,7
15.7123,6
15.7124,5
15.7181,0
15.7235,6
15.7236,3
15.7291,2
15.7291,0
15.7345,8
15.7346,0
15.74,15
15.7401,11
15.7402,0
15.7456,8
15.7457,2
15.7457,1
15.7459,0
15.7513,9
15.7514,3
15.7569,0
15.7623,14
15.7624,3
15.7679,0
15.7733,12
15.7735,0
15.7789,8
15.779,4
15.779,0
15.7844,7
15.7845,0
15.7899,9
15.79,6
15.79,0
15.7955,1
15.7955,0
15.8009,1
15.8012,0
15.8067,11
15.8068,0
15.8122,12
15.8124,0
15.8178,8
15.8178,4
15.8179,0
15.8233,7
15.8234,1
15.8235,0
15.8236,1
15.8236,0
15.8291,13
15.8305,12
15.8345,1
15.8345,0
15.8399,3
15.84,0
15.8402,7
15.8403,0
15.8457,4
15.8458,0
15.8512,13
15.8513,3
15.8513,0
15.8567,15
15.8569,1
15.8569,0
15.8623,5
15.8624,0
15.8678,7
15.8679,0
15.8733,2
15.8734,0
15.8788,7
15.8789,3
15.879,0
15.8844,6
15.8847,0
15.8849,3
15.8902,0
15.8957,11
15.8958,3
15.8958,0
15.9012,9
15.9013,0
15.9067,12
15.9072,0
15.918,8
15.9181,0
15.9235,6
15.9236,3
15.9236,0
15.9291,2
15.9291,0
15.9345,14
15.9346,5
15.9347,0
15.9401,11
15.9402,0
15.9457,7
15.9458,0
15.9512,14
15.9513,6
15.9513,0
15.9567,3
15.9568,0
15.9622,7
15.9623,2
15.9623,0
15.9677,12
15.9679,0
15.9733,1
15.9733,0
15.9788,9
15.9789,0
15.9843,9
15.9844,6
15.9844,0
15.9898,5
15.9899,0
15.9953,2
15.9954,0
16.0008,11
16.0009,0
16.0063,15
16.0068,1
16.0068,0
16.0122,1
16.0123,0
16.0177,15
16.0178,3
16.0178,0
16.0232,15
16.0234,1
16.0234,0
16.0288,8
16.0289,0
16.0344,2
16.0344,0
16.0453,5
16.0454,0
16.0508,1
16.0508,0
16.0562,13
16.0563,9
16.0564,0
16.0618,9
16.0619,1
16.0619,0
16.0673,10
16.0675,0
16.0729,15
16.0729,12
16.073,0
16.0785,1
16.0785,0
16.0839,5
16.084,4
16.084,0
16.0894,8
16.0895,0
16.0949,8
16.095,6
16.0951,0
16.1005,5
16.1005,0
16.106,13
16.106,11
16.1061,0
16.1115,11
16.1119,0
16.1174,9
16.1174,6
16.1175,0
16.1229,11
16.123,0
16.1284,9
16.1286,0
16.134,2
16.134,0
16.1394,9
16.1396,0
16.145,9
16.1451,1
16.1451,0
16.1505,5
16.1506,0
16.156,11
16.1561,4
16.1561,0
16.1615,2
16.1616,0
16.167,11
16.1671,3
16.1672,0
16.1726,9
16.1727,0
16.1781,11
16.1782,9
16.1782,0
16.1892,14
16.1893,0
16.1895,3
16.1895,0
16.1949,9
16.658,4
16.6581,0
16.6635,12
16.6635,11
16.6636,0
16.669,8
16.6691,2
16.6691,0
16.6745,3
16.6746,0
16.68,8
16.6801,0
16.6855,11
16.6857,0
16.6911,11
16.6912,8
16.6912,0
16.6966,2
16.6967,0
16.7022,12
16.7023,0
16.7025,5
16.7026,0
16.708,10
16.7081,0
16.7135,9
16.7136,3
16.7136,0
16.719,9
16.7192,0
16.7246,9
16.725,0
16.7304,12
16.7305,0
16.7359,2
16.736,0
16.7414,3
16.7415,0
16.7469,6
16.747,0
16.7524,9
16.7525,5
16.7525,0
16.7579,3
16.758,0
16.7634,3
16.7635,0
16.7689,15
16.7691,0
16.7745,1
16.7745,0
16.7799,11
16.7801,0
16.7909,5
16.791,0
16.7964,9
16.7965,0
16.802,5
16.802,0
16.8074,2
16.8075,0
16.8129,7
16.8144,0
16.8198,8
16.8199,4
16.8254,0
16.8311,9
16.8311,6
16.8312,0
16.8366,3
16.8367,0
16.8421,15
16.8422,10
16.8422,9
16.8424,0
16.8478,3
16.8482,2
16.8484,0
16.8592,14
16.8594,5
16.8594,0
16.8703,5
16.8704,0
16.8812,9
16.8814,0
16.8868,4
16.8868,0
16.8977,8
16.8978,1
16.9044,0
16.9099,15
16.9101,12
16.9156,1
16.921,0
16.9212,15
16.9266,1
16.9323,0
16.9377,9
16.9379,0
16.9433,13
16.9434,0
16.9488,14
16.9489,13
16.949,0
16.9544,9
16.9545,5
16.9545,0
16.9599,14
16.9601,2
16.9601,0
16.9655,5
16.9656,0
16.971,15
16.9711,8
16.9712,0
16.9766,15
16.9767,6
16.9768,0
16.9822,1
16.9822,0
16.9877,15
16.9878,8
16.9878,0
16.9932,10
16.9934,1
16.9934,0
16.9988,6
16.9989,0
17.0043,13
17.0044,6
17.0044,0
17.0099,7
17.01,0
17.0154,6
17.0154,5
17.0155,0
17.0209,2
17.0209,0
17.0263,4
17.0264,0
17.0318,15
17.0322,5
17.0323,0
17.0377,7
17.0378,0
17.0432,8
17.0433,7
17.0433,0
17.0487,1
17.0488,0
17.0542,3
17.0543,0
17.0597,9
17.0598,0
17.0652,10
17.0653,2
17.0653,0
17.0762,7
17.0763,0
17.0817,15
17.0818,14
17.0819,0
17.0873,5
17.0874,1
17.0874,0
17.0928,12
17.0929,0
17.0984,4
17.0985,0
17.0986,1
17.0987,0
17.1041,2
17.1041,0
17.1096,4
17.1096,3
17.1096,0
17.1205,13
17.1206,2
17.1207,0
17.1261,13
17.1262,0
17.1316,9
17.1318,0
17.1372,15
17.1376,0
17.143,11
17.1432,0
17.1486,9
17.1487,4
17.1487,0
17.1541,9
17.1542,0
17.1596,13
17.1597,12
17.1598,0
17.1652,6
17.1653,1
17.1653,0
17.1707,12
17.1709,0
17.1763,9
17.1763,8
17.1764,0
17.1818,5
17.1819,0
17.1873,5
17.1873,4
17.1874,0
17.1928,11
17.1929,0
17.1983,3
17.1984,0
17.2038,15
17.204,2
17.204,0
17.2094,14
17.2096,0
17.215,1
17.215,0
17.2204,1
17.2205,0
17.2259,14
17.226,4
17.2261,0
17.2315,14
17.2316,1
17.2317,0
17.2371,11
17.2374,5
17.2375,0
17.2429,2
17.243,0
17.2484,11
17.2485,4
17.2485,0
17.2539,15
17.2541,2
17.2541,0
17.2595,8
17.2596,0
17.265,7
17.2651,3
17.2651,0
17.2705,8
17.2707,0
17.2815,8
17.2816,0
17.287,8
17.2871,0
17.2926,4
17.2926,0
17.3035,6
17.3036,0
17.309,10
17.3091,0
17.3145,10
17.3146,5
17.3147,0
17.3201,12
17.3202,0
17.3256,10
17.3258,0
17.3312,7
17.3313,3
17.3313,0
17.3367,4
17.337,1
17.3371,0
17.3425,13
17.3426,0
17.348,7
17.3481,0
17.359,12
17.3591,5
17.3591,0
17.3646,3
17.3646,0
17.37,7
17.3701,1
17.3701,0
17.3755,3
17.3756,0
17.381,15
17.3812,5
17.3812,0
17.3866,12
17.3868,0
17.3922,11
17.3923,0
17.3977,15
17.3978,12
17.3979,0
17.4033,5
17.4048,0
17.4102,9
17.4103,5
17.4158,0
17.4212,7
17.4213,3
17.4268,2
17.4268,0
17.4322,11
17.4336,10
17.4337,9
17.4338,0
17.4392,6
17.4396,3
17.4451,0
17.4559,15
17.4613,11
17.4616,9
17.4671,6
17.4671,3
17.4672,0
17.4673,2
17.4674,1
17.4674,0
17.4836,7
17.4837,0
17.4891,1
17.4892,0
17.4946,3
17.9997,0
18.0065,3
18.0066,0
18.012,6
18.0174,4
18.0175,0
18.0229,10
18.0229,8
18.023,0
18.0284,14
18.0285,12
18.034,9
18.034,6
18.034,0
18.0449,13
18.045,8
18.0504,6
18.0505,1
18.0559,0
18.0616,15
18.0617,7
18.062,0
18.0674,5
18.0675,0
18.0729,8
18.0732,7
18.0787,6
18.0788,0
18.0842,6
18.0842,3
18.0843,0
18.0951,5
18.0952,0
18.1006,3
18.1007,1
18.1007,0
18.1115,7
18.1117,0
18.1171,9
18.1171,7
18.1172,0
18.1226,15
18.1227,4
18.1228,0
18.1282,10
18.1283,0
18.1337,13
18.1339,0
18.1393,10
18.1394,6
18.1394,0
18.1448,7
18.1449,0
18.1558,10
18.1562,3
18.1562,0
18.1616,14
18.1618,0
18.1672,3
18.1673,0
18.1727,4
18.1728,0
18.1782,4
18.1782,0
18.1836,4
18.1837,0
18.1891,15
18.1893,5
18.1893,0
18.1947,13
18.1949,1
18.1949,0
18.2003,2
18.2003,0
18.2058,12
18.2059,1
18.2059,0
18.2113,7
18.2114,0
18.2168,3
18.2169,0
18.2223,12
18.2225,0
18.2279,11
18.2279,7
18.228,0
18.2334,1
18.2335,0
18.2389,11
18.239,5
18.239,0
18.2444,5
18.2445,0
18.2499,7
18.25,3
18.25,0
18.2554,7
18.2555,0
18.2609,14
18.2614,0
18.2668,4
18.2669,0
18.2723,2
18.2724,0
18.2778,6
18.2778,2
18.2779,0
18.2833,5
18.2834,0
18.2836,11
18.2836,7
18.2837,0
18.2891,10
18.2892,0
18.2946,6
18.2947,0
18.3002,13
18.3003,4
18.3003,0
18.3057,8
18.3058,0
18.3112,10
18.3113,9
18.3114,0
18.3168,1
18.3168,0
18.3222,1
18.3223,0
18.3277,3
18.3278,0
18.3332,2
18.3332,0
18.3441,8
18.3442,3
18.3442,0
18.3496,1
18.3497,0
18.3551,15
18.3552,5
18.3553,0
18.3607,9
18.361,7
18.3611,0
18.3665,11
18.3666,1
18.3666,0
18.372,11
18.3722,0
18.3776,1
18.3776,0
18.383,8
18.3832,0
18.394,6
18.3941,3
18.3941,0
18.3995,10
18.3997,0
18.4051,12
18.4051,11
18.4052,0
18.4106,7
18.4107,1
18.4107,0
18.4161,6
18.4162,0
18.4216,4
18.4217,0
18.4271,14
18.4273,0
18.4327,2
18.4328,0
18.4382,15
18.4384,0
18.4438,8
18.4439,0
18.4493,12
18.4494,3
18.4494,0
18.4548,8
18.455,0
18.4604,8
18.4604,5
18.4605,0
18.4659,5
18.4662,3
18.4663,0
18.4771,6
18.4772,0
18.4826,5
18.4827,4
18.4827,0
18.4881,5
18.4882,0
18.4991,4
18.4991,3
18.4991,0
18.5046,13
18.5047,0
18.5101,6
18.5102,0
18.5156,3
18.5157,0
18.5211,15
18.5212,12
18.5213,0
18.5267,1
18.5267,0
18.5322,1
18.5322,0
18.5376,3
18.5377,0
18.5431,12
18.5432,1
18.5432,0
18.5486,12
18.5488,0
18.5542,10
18.5543,0
18.5597,7
18.5599,0
18.5653,12
18.5653,9
18.5654,8
18.5658,1
18.5712,0
18.5766,10
18.5767,5
18.5767,0
18.5822,8
18.5834,0
18.5892,9
18.5946,7
18.5947,0
18.6055,11
18.6055,9
18.6056,8
18.6057,0
18.6112,15
18.6112,12
18.6113,2
18.6168,0
18.617,4
18.6224,0
18.6332,2
18.6333,0
18.6387,11
18.6442,6
18.6443,0
18.6497,12
18.6497,7
18.6498,0
18.6552,9
18.6554,0
18.6662,11
18.6663,9
18.6665,0
18.6719,3
18.6723,2
18.6777,0
18.6832,2
18.6832,1
18.6832,0
18.6886,11
18.689,6
18.6945,0
18.7108,14
18.7109,6
18.7164,0
18.7219,5
18.7219,0
18.7328,9
18.7329,1
18.7329,0
18.7383,2
18.7384,0
18.7438,5
18.7439,0
18.7493,5
18.7494,3
18.7494,0
18.7548,2
18.7549,0
18.7603,6
18.7604,0
18.7658,11
18.7659,0
18.7771,9
18.7772,0
18.7826,7
18.7827,0
18.7881,3
18.7882,0
18.7936,10
18.7937,6
18.7937,0
18.7991,4
18.7992,0
18.8046,7
18.8047,3
18.8047,0
18.8101,10
18.8103,0
18.8211,14
18.8213,0
18.8321,8
18.8323,0
18.8377,10
18.8378,4
18.8378,0
18.8432,15
18.8434,2
18.8434,0
18.8488,6
18.8489,0
18.8597,4
18.8598,1
18.8598,0
18.8652,7
18.8653,0
18.8707,13
18.8708,7
18.8709,0
18.8763,11
18.8767,0
18.8821,9
18.8822,3
18.8823,0
18.8877,13
18.8878,0
18.8932,4
18.8933,0
18.8987,10
18.8989,0
18.9043,1
18.9043,0
18.9097,7
18.9098,0
18.9152,1
18.9153,0
18.9207,11
18.9209,0
18.9372,15
18.9373,0
18.9427,9
18.9429,0
18.9483,7
18.9484,0
18.9538,6
18.9539,0
18.9593,14
18.9594,5
18.9595,0
18.9649,15
18.965,2
18.9651,0
18.9705,11
18.9706,0
18.976,15
18.9764,4
18.9765,0
18.9819,12
18.982,0
18.9874,4
18.9875,0
18.9929,2
18.993,0
18.9984,12
18.9985,7
18.9985,0
19.004,14
19.0041,3
19.0041,0
19.0096,13
19.0097,6
19.0097,0
19.0099,2
19.01,0
19.0154,1
19.0154,0
19.0208,13
19.0209,7
19.021,0
19.0264,7
19.0265,0
19.0319,6
19.032,0
19.0374,10
19.0375,0
19.0429,7
19.0431,0
19.0485,9
19.0486,1
19.0486,0
19.054,11
19.0541,0
19.0595,2
19.0596,1
19.0596,0
19.065,15
19.0652,0
19.0706,6
19.0707,0
19.0761,15
19.0762,6
19.0763,0
19.0817,10
19.082,9
19.0821,0
19.0875,6
19.0876,0
19.093,1
19.0931,0
19.0985,14
19.0986,0
19.1041,11
19.1042,0
19.1096,11
19.1097,7
19.1097,0
19.1152,9
19.1153,0
19.1207,8
19.1208,0
19.1262,12
19.1263,5
19.1264,0
19.1318,4
19.1318,0
19.1373,9
19.1373,4
19.1374,0
19.1428,8
19.1442,3
19.1443,0
19.1445,13
19.1446,7
19.15,0
19.161,7
19.1612,4
19.1666,0
19.1668,10
19.1669,4
19.1669,0
19.1723,7
19.1724,0
19.1779,7
19.178,0
19.1781,14
19.1782,12
19.1839,11
19.184,0
19.1894,8
19.1895,7
19.1896,0
19.195,13
19.1951,5
19.1951,4
19.2005,1
19.2005,0
19.2168,10
19.2223,2
19.2277,0
19.2331,2
19.2332,0
19.2386,8
19.2387,0
19.2441,5
19.2456,2
19.2458,0
19.2512,8
19.2513,0
19.2567,12
19.2568,10
19.2623,6
19.2623,4
19.2678,1
19.2678,0
19.2732,11
19.2733,5
19.2788,0
19.2899,15
19.29,11
19.3012,6
19.3013,2
19.3068,0
19.3122,7
19.3122,2
19.3177,0
19.3232,5
19.3287,0
19.3288,14
19.3289,11
19.3289,6
19.3345,0
19.3399,4
19.3399,1
19.3454,0
19.3509,10
19.3564,9
19.3618,6
19.3619,0
19.362,3
19.3621,0
19.373,13
19.3731,0
19.384,7
19.3841,0
19.3953,1
19.3953,0
19.4007,3
19.4008,0
19.4119,13
19.412,7
19.4229,6
19.423,1
19.4284,0
19.4338,8
19.4339,3
19.434,0
19.4448,6
19.4449,4
19.4504,1
19.4558,0
19.4612,14
19.4613,10
19.4668,6
19.4668,3
19.4668,2
19.4723,1
19.4778,0
19.4832,6
19.4886,1
19.4889,0
19.4943,7
19.4944,0
19.4998,1
19.4999,0
19.5054,9
19.5107,5
19.5111,0
19.5112,4
19.5113,0
19.5167,8
19.5168,6
19.5223,0
19.5277,8
20.0315,3
20.033,0
20.0384,10
20.0384,6
20.0439,1
20.0439,0
20.0494,5
20.0548,2
20.0548,0
20.0604,15
20.0659,6
20.0714,5
20.0715,0
20.0769,6
20.077,0
20.0824,1
20.0824,0
20.0879,3
20.0932,0
20.0934,5
20.0935,2
20.0935,0
20.0989,13
20.099,6
20.1044,1
20.1047,0
20.1101,11
20.1157,6
20.1157,2
20.1157,0
20.1212,10
20.1214,7
20.1269,6
20.1269,4
20.1269,0
20.1271,13
20.1272,6
20.1327,4
20.1381,3
20.1382,0
20.1436,11
20.1436,6
20.1492,1
20.1492,0
20.1546,12
20.1547,0
20.1601,3
20.1602,2
20.1602,0
20.1656,1
20.1657,0
20.1711,15
20.1712,4
20.1712,0
20.1767,2
20.1767,0
20.1876,12
20.1876,8
20.1877,0
20.1931,10
20.1933,1
20.1933,0
20.1987,10
20.1988,0
20.2042,9
20.2046,0
20.21,5
20.2101,4
20.2101,0
20.2155,5
20.2156,0
20.221,2
20.2211,0
20.2265,7
20.2266,0
20.232,7
20.2321,0
20.2375,13
20.2377,0
20.2431,5
20.2432,1
20.2432,0
20.2486,6
20.2487,0
20.2541,5
20.2542,0
20.2596,7
20.2597,0
20.2651,2
20.2652,0
20.2706,11
20.2706,8
20.2707,0
20.2761,9
20.2762,0
20.2816,13
20.2818,0
20.2927,14
20.2928,0
20.2982,2
20.2983,1
20.2983,0
20.3037,5
20.3038,0
20.3092,7
20.3096,0
20.315,3
20.3151,0
20.3205,15
20.3205,14
20.3207,0
20.3261,3
20.3261,0
20.3315,5
20.3316,0
20.337,4
20.3371,0
20.3425,3
20.3426,2
20.3426,0
20.348,8
20.3481,0
20.3535,1
20.3536,0
20.359,10
20.3591,0
20.3645,7
20.3646,0
20.37,11
20.3702,0
20.381,14
20.3812,0
20.3866,8
20.3867,5
20.3867,0
20.3921,14
20.3923,2
20.3923,0
20.3977,10
20.3979,0
20.4033,14
20.4033,12
20.4034,0
20.4088,10
20.4093,0
20.4147,2
20.4147,0
20.4201,14
20.4203,0
20.4257,8
20.4258,0
20.4312,4
20.4313,0
20.4367,11
20.4368,9
20.4369,0
20.4423,2
20.4423,0
20.4477,10
20.4478,8
20.4479,0
20.4603,15
20.4603,14
20.4603,13
20.4657,11
20.4658,1
20.4712,0
20.4766,14
20.4767,13
20.4822,3
20.4876,0
20.4931,4
20.4933,0
20.4935,4
20.4989,0
20.5043,1
20.5044,0
20.5098,15
20.5153,5
20.5153,0
20.5155,4
20.5201,0
20.5255,1
20.5255,0
20.531,3
20.5311,0
20.5312,10
20.5313,4
20.5367,0
20.5421,7
20.5422,6
20.5476,3
20.5476,0
20.553,4
20.5531,0
20.5586,2
20.5589,0
20.5591,4
20.564,0
20.5694,1
20.5694,0
20.5748,15
20.5749,14
20.575,10
20.5751,3
20.5751,0
20.5805,14
20.5812,12
20.5813,10
20.586,0
20.5914,11
20.5969,7
20.5972,4
20.6026,0
20.608,8
20.6138,4
20.6138,0
20.6193,6
20.6194,0
20.6195,4
20.6195,3
20.6196,0
20.6251,11
20.6252,4
20.6306,1
20.6306,0
20.6307,3
20.6308,0
20.6417,11
20.6418,1
20.6418,0
20.6472,2
20.6473,0
20.6527,13
20.6541,7
20.6542,0
20.6543,1
20.6597,0
20.6651,14
20.6652,4
20.6707,0
20.6761,10
20.6762,7
20.6817,6
20.6817,0
20.6871,2
20.6872,0
20.6926,7
20.6927,2
20.6982,1
20.7036,0
20.709,7
20.7091,3
20.7146,0
20.7257,5
20.7258,0
20.7367,11
20.7371,6
20.7426,0
20.748,1
20.748,0
20.7534,7
20.7535,0
20.7644,9
20.7645,1
20.7647,0
20.7813,7
20.7814,0
20.7922,5
20.7923,0
20.7977,11
20.7978,5
20.8088,0
20.8142,2
20.8143,0
20.8254,10
20.8255,3
20.831,0
20.8364,11
20.8365,0
20.8419,7
20.842,1
20.8423,0
20.8477,2
20.8478,0
20.8533,3
20.8588,0
20.8644,12
20.8697,2
20.8752,0
20.8753,3
20.8754,0
20.8808,4
20.8809,1
20.8918,0
20.8972,13
20.8973,10
20.8973,2
20.9028,0
20.9083,7
20.9137,6
20.9193,0
20.9194,2
20.9195,0
20.9306,7
20.9307,2
20.9362,0
20.9416,3
20.9419,0
20.9421,10
20.9421,7
20.9421,4
20.9476,3
20.9531,0
20.9586,14
20.9641,11
20.9696,6
20.9696,5
20.9751,0
20.9807,13
20.9862,0
20.9916,7
20.9916,4
20.9917,3
20.9971,0
21.0081,10
21.0135,0
21.0136,5
21.0137,2
21.0137,0
21.0191,5
21.0192,1
21.0246,0
21.0304,2
21.0304,0
21.0358,14
21.0359,9
21.0414,6
21.0414,0
21.0469,8
21.0472,0
21.0474,3
21.0529,0
21.0583,7
21.0584,3
21.0584,0
21.0638,2
21.0693,0
21.0747,8
21.5815,0
21.5869,14
21.587,0
21.5924,13
21.5925,12
21.5926,0
21.598,3
21.5981,0
21.6035,7
21.6036,0
21.609,3
21.6091,0
21.6145,8
21.6145,5
21.6146,0
21.62,12
21.6201,0
21.6256,4
21.6256,0
21.631,15
21.6312,5
21.6312,0
21.6366,13
21.6368,1
21.6368,0
21.6423,3
21.6436,2
21.6491,0
21.6492,8
21.6547,6
21.6547,5
21.6548,0
21.666,14
21.6714,7
21.6714,2
21.6769,0
21.6825,4
21.6825,0
21.688,13
21.6881,3
21.695,2
21.7004,0
21.7112,3
21.7113,0
21.7222,13
21.7222,9
21.7225,0
21.7279,2
21.728,0
21.7334,1
21.7389,0
21.7443,9
21.7446,5
21.7447,0
21.7555,14
21.7613,7
21.7668,6
21.7668,3
21.7723,2
21.7723,0
21.7777,1
21.7778,0
21.7832,1
21.7832,0
21.7886,15
21.7887,8
21.7888,2
21.789,0
21.7944,10
21.7945,5
21.7999,3
21.8,0
21.8054,9
21.8109,6
21.8109,0
21.8164,11
21.8218,5
21.8218,0
21.822,5
21.8273,0
21.8327,9
21.833,0
21.8384,2
21.8439,0
21.8496,4
21.8496,0
21.8551,6
21.8606,0
21.8661,8
21.8664,5
21.8719,0
21.8774,2
21.8775,1
21.8775,0
21.8829,1
21.883,0
21.8884,8
21.8885,2
21.8939,1
21.8939,0
21.8994,4
21.8994,0
21.9048,9
21.905,0
21.9104,12
21.9105,0
21.9159,12
21.916,10
21.9162,9
21.9162,2
21.9217,0
21.9272,15
21.9273,11
21.9327,9
21.9382,6
21.9437,2
21.9491,0
21.9496,5
21.9496,3
21.9496,1
21.9551,0
21.966,5
21.9664,0
21.9718,3
21.9718,0
21.9827,7
21.9828,3
21.9937,2
21.9992,0
22.0046,2
22.0047,0
22.0048,14
22.0049,11
22.0104,9
22.0104,6
22.0105,0
22.0159,10
22.0159,7
22.0214,6
22.0215,0
22.0269,12
22.027,11
22.0325,6
22.0379,3
22.0434,0
22.0436,14
22.0436,12
22.0491,7
22.0494,0
22.0548,10
22.055,0
22.0604,14
22.0604,12
22.0606,8
22.0607,0
22.0719,12
22.072,0
22.0774,15
22.0775,14
22.0776,0
22.083,14
22.0831,11
22.0831,7
22.0833,3
22.0888,0
22.0942,13
22.0943,10
22.0998,6
22.0998,0
22.1052,8
22.1053,5
22.1108,0
22.1217,1
22.1217,0
22.1271,12
22.1272,11
22.1272,6
22.1382,0
22.1436,8
22.1437,3
22.1492,0
22.1546,2
22.1549,1
22.1604,0
22.1658,3
22.1658,0
22.1713,12
22.1716,11
22.1771,8
22.1771,6
22.1771,1
22.1826,0
22.1935,8
22.1935,6
22.1935,3
22.199,0
22.2044,10
22.2059,9
22.2082,5
22.2085,0
22.214,8
22.2141,2
22.2141,0
22.2142,8
22.2186,3
22.2186,0
22.2241,5
22.2295,4
22.2352,2
22.2407,0
22.2408,13
22.241,7
22.241,6
22.2411,0
22.2465,5
22.247,2
22.2524,0
22.2528,9
22.2529,7
22.2584,0
22.2638,13
22.2639,6
22.264,1
22.264,0
22.2696,10
22.2751,4
22.2754,1
22.2808,0
22.2862,8
22.2864,0
22.2918,11
22.2918,9
22.2919,3
22.2921,0
22.2975,8
22.2976,6
22.303,3
22.3031,0
22.3085,6
22.3086,0
22.3194,12
22.3195,11
22.3195,8
22.325,6
22.325,0
22.3305,15
22.3305,13
22.3306,8
22.336,6
22.3415,0
22.3469,6
22.347,2
22.3525,0
22.3579,10
22.3583,4
22.3585,0
22.3639,13
22.364,11
22.364,6
22.3695,5
22.3752,1
22.3807,0
22.3861,9
22.3862,3
22.3862,0
22.3972,7
22.3972,6
22.4027,0
22.4029,4
22.4029,1
22.4031,0
22.4085,9
22.414,6
22.414,1
22.4141,0
22.4195,12
22.4196,10
22.4251,7
22.4305,6
22.4306,0
22.4307,12
22.4362,2
22.4417,0
22.4471,8
22.4472,5
22.4527,0
22.4581,4
22.4584,0
22.4638,11
22.4639,4
22.464,0
22.4695,7
22.4749,6
22.4749,5
22.4804,1
22.4807,0
22.4808,2
22.4809,0
22.4864,13
22.4919,7
22.4974,6
22.4974,3
22.4974,0
22.5083,3
22.5084,0
22.5138,10
22.5139,0
22.5194,2
22.5194,0
22.5248,15
23.0281,10
23.0295,8
23.035,0
23.0404,3
23.0459,0
23.0513,2
23.0516,0
23.0571,14
23.0573,6
23.0573,2
23.0573,0
23.0627,15
23.063,13
23.0684,11
23.0741,8
23.0742,5
23.0797,1
23.0798,0
23.0852,2
23.0906,0
23.0907,1
23.091,0
23.0964,1
23.0964,0
23.1018,5
23.1073,4
23.1127,0
23.1182,7
23.1182,3
23.1237,0
23.1291,9
23.1346,6
23.1347,1
23.1401,0
23.1456,9
23.1511,6
23.1511,0
23.1513,1
23.1567,0
23.1621,13
23.1676,2
23.1676,0
23.1677,13
23.1732,7
23.1733,0
23.1787,12
23.1791,0
23.1847,5
23.1848,0
23.1902,15
23.1903,7
23.196,4
23.2015,0
23.2069,12
23.207,10
23.2125,6
23.2125,0
23.2179,4
23.218,0
23.2289,9
23.229,0
23.2344,3
23.2345,0
23.2399,6
23.24,0
23.2454,5
23.2455,0
23.2509,14
23.2511,0
23.2565,12
23.2565,10
23.2566,0
23.262,15
23.2621,7
23.2622,0
23.2676,2
23.2677,0
23.2731,7
23.2732,2
23.2732,0
23.2786,8
23.279,4
23.279,0
23.2844,8
23.2845,0
23.2899,1
23.29,0
23.2954,12
23.2955,0
23.301,6
23.301,3
23.301,0
23.3065,2
23.3065,0
23.3119,1
23.312,0
23.3174,8
23.3175,4
23.3175,0
23.3229,14
23.3231,0
23.3285,15
23.3287,0
23.3341,2
23.3341,0
23.3395,7
23.3396,0
23.3451,5
23.3451,2
23.3451,0
23.3506,14
23.3507,0
23.3561,5
23.3562,0
23.3616,10
23.3618,0
23.3672,8
23.3673,0
23.3727,3
23.3728,0
23.3782,7
23.3782,5
23.3786,0
23.384,9
23.3841,0
23.3895,9
23.3896,2
23.3896,0
23.395,13
23.3952,0
23.4006,11
23.4007,0
23.4062,7
23.4062,2
23.4063,0
23.4117,14
23.4118,0
23.4172,8
23.4174,0
23.4228,12
23.4229,5
23.4229,0
23.4283,3
23.4284,0
23.4338,13
23.4339,7
23.434,0
23.4394,8
23.4395,0
23.4449,15
23.4451,0
23.4505,7
23.4505,6
23.4506,0
23.456,11
23.4561,0
23.4615,13
23.4617,0
23.4671,7
23.4672,6
23.4672,0
23.4726,14
23.4728,3
23.4728,0
23.4782,4
23.4783,0
23.4837,10
23.4841,0
23.4895,8
23.4896,4
23.4896,0
23.495,4
23.4951,0
23.5005,1
23.5006,0
23.506,6
23.506,5
23.5061,0
23.5115,7
23.5116,0
23.517,14
23.5171,12
23.5172,0
23.5226,9
23.5227,4
23.5227,0
23.5281,11
23.5283,0
23.5337,13
23.5338,0
23.5392,10
23.5393,7
23.5394,0
23.5448,13
23.5449,2
23.5449,0
23.5503,11
23.5505,0
23.5559,2
23.5559,1
23.5559,0
23.5614,15
23.5615,0
23.5669,2
23.567,0
23.5724,7
23.5725,0
23.5779,4
23.578,2
23.578,0
23.5834,4
23.5838,0
23.5892,6
23.5893,0
23.5947,9
23.5948,0
23.6002,7
23.6003,0
23.6057,10
23.6058,3
23.6059,0
23.6113,9
23.6114,0
23.6168,15
23.6169,14
23.617,0
23.6225,8
23.6238,7
23.6293,0
23.6294,6
23.6348,3
23.6348,0
23.6402,1
23.6403,0
23.6457,8
23.6512,0
23.662,14
23.6621,8
23.6621,6
23.6622,0
23.6677,8
23.668,5
23.6683,0
23.6685,1
23.6734,0
23.6788,7
23.6789,5
23.6789,0
23.6845,14
23.6903,9
23.6905,0
23.6959,14
23.6959,13
23.696,1
23.6961,0
23.7124,11
23.7124,8
23.7125,4
23.7126,0
23.718,12
23.7181,6
23.7235,0
23.7304,8
23.7305,7
23.7351,5
23.7359,0
23.736,14
23.7361,12
23.7361,11
23.7415,9
23.7416,3
23.7471,0
23.7633,5
23.7691,0
23.7745,12
23.7747,6
23.7747,0
23.7801,2
23.7856,0
23.791,15
23.7967,8
23.8022,0
23.8132,13
23.8135,11
23.8135,8
23.8137,5
23.8191,0
23.8193,1
23.8247,0
23.8301,9
23.8356,6
23.8356,5
23.8411,0
23.8519,5
23.852,0
23.8574,1
23.8629,0
23.8683,9
23.8683,8
23.8738,0
23.8847,12
23.8848,5
23.8902,3
23.8905,0
23.896,13
23.8961,5
23.9015,2
23.9015,0
23.9069,7
23.907,3
23.9124,0
23.9178,2
23.9233,0
23.9342,11
23.9397,6
23.9397,4
23.9507,0
23.9561,9
23.9561,8
23.9616,6
23.9616,3
23.9671,0
23.9725,5
23.9726,4
23.9781,0
23.9835,4
23.989,0
23.9892,13
23.9949,10
23.995,6
23.995,0
24.0006,1
24.0061,0
24.0115,3
24.0119,0
24.0338,12
24.0339,9
24.0393,8
24.0448,6
24.0448,4
24.0449,0
24.0503,2
24.0503,1
24.0558,0
24.0612,6
24.0667,5
24.0667,0
24.0722,13
24.0777,6
24.0777,2
24.0777,0
24.0887,11
24.0941,5
24.0995,0
24.0999,13
24.1054,3
24.1109,0
24.1163,15
24.1164,5
24.1165,0
24.1273,8
24.1274,0
24.1328,2
24.1329,0
24.1383,14
24.1385,1
24.1385,0
24.1439,10
24.144,0
24.1494,1
24.1495,0
24.1549,13
24.1551,1
24.1551,0
24.1552,10
24.1554,0
24.1608,3
24.1609,0
24.1663,9
24.1664,0
24.1773,2
24.1773,0
24.1827,10
24.1829,0
24.1883,11
24.1884,4
24.1884,0
24.1939,7
24.194,0
24.1941,10
24.1942,0
24.1997,14
24.2001,0
24.2055,5
24.2056,0
24.211,14
24.2112,2
24.2112,0
24.2166,3
24.2167,0
24.2221,13
24.2222,4
24.2222,0
24.2276,4
24.2277,0
24.2331,9
24.2332,3
24.2332,0
24.2387,7
24.2388,0
24.2442,5
24.2442,1
24.2443,0
24.2497,15
24.2498,0
24.2552,9
24.2554,0
24.2608,13
24.2609,7
24.2609,0
24.2663,12
24.2665,2
24.2665,0
24.2828,14
24.2829,5
24.283,0
24.2884,5
24.2885,0
24.2939,4
24.294,1
24.294,0
24.2994,14
24.2995,0
24.3049,5
24.3053,0
24.3107,2
24.3108,1
24.3108,0
24.3162,5
24.3163,0
24.3217,1
24.8266,0
24.832,4
24.8321,0
24.8375,4
24.8376,0
24.843,1
24.8431,0
24.8485,11
24.8486,0
24.854,10
24.8541,0
24.8596,4
24.8596,0
24.865,6
24.8651,0
24.8705,14
24.8707,2
24.8707,0
24.8761,9
24.8762,0
24.8871,7
24.8872,0
24.8981,11
24.8982,5
24.8982,0
24.9036,5
24.9037,0
24.9092,3
24.9092,0
24.9094,12
24.9095,0
24.9149,8
24.9153,0
24.9262,14
24.9264,0
24.9318,6
24.9319,0
24.9373,9
24.9374,0
24.9428,11
24.943,0
24.9484,2
24.9484,0
24.9538,4
24.9553,3
24.9554,0
24.9608,10
24.9609,7
24.9663,1
24.9717,0
24.9826,9
24.9827,6
24.9881,0
24.9935,14
24.9936,13
24.999,9
24.9994,0
25.0049,8
25.0103,0
25.0104,10
25.0159,1
25.0216,0
25.027,10
25.0271,4
25.0272,0
25.0326,13
25.0381,7
25.0435,0
25.0489,7
25.049,6
25.049,4
25.0544,3
25.0544,0
25.0598,12
25.0599,8
25.0654,0
25.0708,14
25.0763,6
25.0763,0
25.0817,12
25.0872,0
25.0927,9
25.0981,4
25.0982,0
25.1036,9
25.1039,2
25.1093,0
25.1095,11
25.1095,8
25.1096,0
25.1205,1
25.1208,0
25.1262,9
25.1263,0
25.1317,10
25.1319,0
25.1373,14
25.1374,8
25.1375,0
25.1429,14
25.1444,6
25.1499,0
25.1553,6
25.1554,3
25.1609,0
25.1663,5
25.1663,2
25.1718,0
25.1772,14
25.1773,7
25.1828,6
25.1828,5
25.1828,0
25.1937,5
25.1992,0
25.2047,3
25.2047,0
25.2101,3
25.2102,0
25.2156,11
25.2157,7
25.2211,6
25.2212,0
25.2266,11
25.227,4
25.2325,3
25.2379,1
25.2379,0
25.2434,8
25.2437,0
25.2438,1
25.2492,0
25.2546,1
25.2547,0
25.2601,5
25.2602,1
25.2602,0
25.2656,15
25.2657,12
25.2711,9
25.2766,6
25.2766,4
25.2821,2
25.2876,0
25.293,10
25.2985,7
25.2985,6
25.2985,0
25.304,12
25.304,10
25.3095,6
25.3096,0
25.315,9
25.3151,4
25.3151,0
25.3207,15
25.3208,12
25.3263,7
25.3266,6
25.3321,1
25.3375,0
25.3429,14
25.8477,5
25.8478,0
25.8532,6
25.8533,0
25.8642,6
25.8643,0
25.8697,7
25.8698,0
25.8752,12
25.8753,0
25.8807,12
25.8808,7
25.8809,0
25.8863,9
26.3918,4
26.3933,2
26.3933,0
26.3987,8
26.4042,6
26.4042,0
26.4096,2
26.4151,0
26.4206,13
26.4316,6
26.4371,0
26.4372,8
26.4426,7
26.4427,0
26.4535,4
26.4539,0
26.4594,4
26.4647,0
26.4649,5
26.4703,2
26.4703,1
26.4706,0
26.476,2
26.4761,0
26.4815,3
26.487,0
26.4924,1
26.4924,0
26.4979,10
26.5034,6
26.5035,0
26.5091,15
26.5091,12
26.5091,11
26.5146,6
26.5147,4
26.5201,0
26.5256,14
26.5256,11
26.5311,6
26.5312,0
26.5366,4
26.5421,1
26.5475,0
26.553,3
26.5533,0
26.5587,11
26.5588,0
26.5644,4
26.5645,0
26.5699,1
26.57,0
26.5758,12
26.5759,10
26.5759,6
26.5868,4
26.5923,0
26.6032,11
26.6032,9
26.6087,8
26.6141,7
26.6196,6
26.6196,4
26.6251,3
26.6306,0
26.636,4
26.636,2
26.6361,0
26.6415,11
26.6416,5
26.6471,0
26.6525,5
26.6526,0
26.658,1
26.6583,0
26.6637,1
26.6638,0
26.6692,7
26.6693,0
26.6747,6
26.675,5
26.6752,0
26.6807,10
26.6807,9
26.6807,8
26.6862,6
26.6862,2
26.6917,0
26.6971,11
26.6972,4
26.7027,0
26.7081,5
26.7082,2
26.7082,1
26.7151,0
26.7259,12
26.726,3
26.7315,0
26.7369,3
26.7369,0
26.7478,12
26.7481,7
26.7482,5
26.7482,0
26.7484,14
26.7484,13
26.7539,0
26.7593,15
26.7597,6
26.7599,0
26.7653,12
26.7653,10
26.7655,7
26.7656,6
26.771,4
26.771,0
26.7764,12
26.7819,6
26.7822,5
26.7877,0
26.7985,12
26.7985,11
26.804,10
26.8042,0
26.8151,12
26.8205,4
26.8205,0
26.8261,12
26.8315,6
26.8316,1
26.8317,0
26.8371,5
26.8425,1
26.8428,0
26.8536,2
26.8538,0
26.8593,5
26.8612,0
26.8614,2
26.8615,0
26.8669,1
26.8723,0
26.8724,4
26.8776,1
26.8776,0
26.883,4
26.8833,1
26.8834,0
26.8835,4
26.8886,0
26.8941,2
26.8941,0
26.8943,13
26.8943,11
26.8943,10
26.8997,9
26.8998,0
26.9052,7
26.9053,5
26.9053,4
26.9054,0
26.9108,11
26.9109,6
26.9161,2
26.9163,0
26.9218,7
26.9219,0
26.9221,13
26.9272,4
26.9274,0
26.9328,9
26.9329,6
26.9384,0
26.9438,4
26.9438,1
26.9439,0
26.9493,14
26.9493,9
26.9603,6
26.9603,0
26.9657,15
26.9661,14
26.9716,6
26.9716,2
26.9771,0
26.9825,11
26.9829,10
26.9938,7
26.9993,6
26.9993,0
27.0048,13
27.0103,6
27.0103,0
27.0105,8
27.0158,3
27.0158,0
27.016,10
27.0161,1
27.0215,0
27.027,4
27.027,3
27.0325,0
27.038,2
27.038,0
27.049,5
27.0491,4
27.0492,2
27.0493,0
27.0547,4
27.0602,0
27.0656,3
27.0659,0
27.0714,11
27.0768,0
27.077,10
27.0771,5
27.0826,0
27.088,1
27.0883,0
27.0884,7
27.0939,6
27.094,5
27.0994,3
27.1049,0
27.1104,1
27.1104,0
27.1106,8
27.1159,0
27.1213,15
27.1214,13
27.1216,10
27.1216,7
27.1271,6
27.1325,5
27.138,0
27.1434,12
27.1489,6
27.149,2
27.1544,0
27.1653,9
27.1654,4
27.1708,0
27.1765,5
27.1766,0
27.182,11
27.1821,9
27.1878,8
27.1933,6
27.1933,2
27.1934,0
27.2042,1
27.2043,0
27.2097,7
27.2098,0
27.2153,9
27.2154,0
27.221,3
27.221,0
27.2264,6
27.2265,2
27.232,0
27.2374,8
27.2375,0
27.2429,14
27.2485,6
27.2485,4
27.254,0
27.2594,1
27.2594,0
27.2648,6
27.2703,1
27.2706,0
27.276,7
27.2761,5
27.2815,4
27.2816,0
27.287,14
27.2871,5
27.2929,0
27.2983,9
27.2984,6
27.2984,4
27.3039,0
27.3093,10
27.3094,2
27.3094,1
27.3149,0
27.3203,2
27.3203,0
27.3257,9
27.3258,5
27.3313,0
27.3367,12
27.3368,5
27.3423,0
27.3477,8
27.3479,0
27.3533,13
27.3534,0
27.3588,1
27.359,0
27.3644,4
27.3645,2
27.37,0
27.3754,7
27.3757,3
27.3758,0
27.3812,4
27.3813,0
27.3867,7
27.3868,1
27.3868,0
27.3922,10
27.3923,0
27.3977,4
27.3978,1
27.3978,0
27.4032,15
27.4034,0
27.4088,10
27.4089,0
27.4143,7
27.4144,2
27.4144,0
27.4198,4
27.4199,0
27.4253,8
27.4254,0
27.4309,10
27.431,0
27.4433,8
27.4487,0
27.4489,10
27.4543,4
27.4598,0
27.4655,4
27.4655,0
27.471,11
27.4767,9
27.4768,1
27.4769,0
27.4823,14
27.4824,6
27.4878,0
27.4986,13
27.4987,9
27.4988,0
27.5042,11
27.5043,2
27.5043,0
27.5152,6
27.5153,0
27.5208,5
27.5209,0
27.521,12
27.5211,3
27.5212,0
27.5213,14
27.5215,0
27.5269,12
27.5269,11
27.527,0
27.5324,12
27.5325,6
27.5326,0
27.538,8
27.5381,0
27.5435,7
27.5436,0
27.549,13
27.5492,3
27.5492,0
27.5546,7
27.5547,0
27.5601,11
27.5602,7
27.5603,0
27.5657,4
27.5657,0
27.5712,6
27.5712,3
27.5713,0
27.5767,13
27.577,9
27.5771,0
27.5825,4
27.5826,0
27.588,5
27.5881,0
27.5935,9
27.5936,0
27.599,15
27.5992,0
27.6046,6
27.6047,3
27.6047,0
27.6101,2
27.6102,0
27.6156,5
27.6157,0
27.6211,11
27.6212,0
27.6266,8
27.6267,2
27.6267,0
27.6322,5
27.6323,0
27.6324,8
27.6325,4
27.6326,0
27.638,4
27.638,0
27.6435,3
27.6435,0
27.6489,15
27.6491,0
27.6545,5
27.6546,3
27.6546,0
27.66,12
27.6602,0
27.6656,11
27.6657,0
27.6711,11
27.6712,6
27.6713,0
27.6767,3
27.6767,0
27.6821,6
27.6825,0
27.6879,14
27.688,8
27.6881,0
27.6935,9
27.6936,0
27.699,9
27.6992,0
27.7046,1
27.7046,0
27.7155,2
27.7155,0
27.721,8
27.7211,0
27.7265,13
27.7265,12
27.7266,0
27.732,10
27.7321,5
27.7322,0
27.7376,1
27.7376,0
27.743,3
27.7431,0
27.7485,15
27.7486,14
27.7487,0
27.7541,3
27.7542,0
27.765,14
27.7652,0
27.7706,5
27.7707,0
27.7761,9
27.7762,0
27.7816,8
27.782,1
27.782,0
27.7875,8
27.7876,0
27.793,2
27.793,0
27.7984,5
27.7985,0
27.8039,4
27.804,0
27.8094,8
27.8095,4
27.8095,0
27.8149,10
27.8151,0
27.8205,4
27.8206,0
27.826,7
27.8261,0
27.8315,12
27.8316,9
27.8316,0
27.8371,13
27.8372,5
27.8372,0
27.8426,1
27.8427,0
27.8481,2
27.8481,0
27.8535,11
27.8536,9
27.8537,0
27.8591,1
27.8591,0
27.8646,1
27.8646,0
27.87,4
27.8701,0
27.8755,11
27.877,10
27.877,9
27.8772,2
27.8827,0
27.8881,10
27.8884,8
27.8939,6
27.8939,4
27.8994,2
27.9051,0
27.9105,9
27.9106,6
27.9106,4
27.9161,0
27.9215,4
27.9216,3
27.9271,1
27.9271,0
27.9325,6
27.9325,4
27.938,0
27.9489,6
27.949,0
27.9544,2
27.9544,0
27.9653,14
27.9654,12
27.9654,7
27.9709,6
27.9709,0
27.9763,2
27.9764,1
27.9764,0
27.9819,7
27.9873,2
27.9876,0
27.9932,12
27.9934,0
28.0061,14
28.0062,6
28.0063,0
28.0117,4
28.0171,1
28.0172,0
28.0226,13
28.0226,11
28.0281,0
28.0335,12
28.0336,11
28.0337,9
28.0338,0
28.0392,5
28.0392,2
28.0447,0
28.0501,4
28.0501,0
28.0555,8
28.061,0
28.0666,6
28.0667,1
28.0721,0
28.0776,6
28.0778,1
28.0833,0
28.0835,7
28.089,0
28.0946,13
28.0947,8
28.0947,3
28.0948,2
28.095,0
28.1004,12
28.1004,7
28.1059,6
28.1059,5
28.1113,3
28.1114,0
28.1168,6
28.1277,5
28.1332,0
28.1333,13
28.1387,7
28.1442,0
28.1496,4
28.1497,2
28.1551,0
28.1605,13
28.1606,7
28.1661,6
28.1661,1
28.1716,0
28.177,15
28.1771,10
28.1771,6
28.1826,4
28.1881,0
28.1935,6
28.1939,0
28.1993,8
28.1994,7
28.1994,0
28.2048,7
28.2049,0
28.2103,10
28.2105,0
28.2159,11
28.216,4
28.216,0
28.2214,12
28.2216,0
28.227,14
28.2272,0
28.2326,8
28.2326,7
28.2327,0
28.2381,11
28.2382,1
28.2382,0
28.2436,6
28.2437,0
28.2492,1
28.2493,0
28.2494,11
28.2495,0
28.2549,12
28.255,6
28.2551,0
28.2605,1
28.2606,0
28.266,7
28.2661,0
28.2715,6
28.2716,0
28.277,4
28.2771,0
28.2879,13
28.2881,0
28.2935,13
28.2939,2
28.2939,0
28.2993,11
28.2995,0
28.3049,11
28.3049,10
28.305,0
28.3104,14
28.3105,6
28.3106,0
28.316,14
28.3162,3
28.3162,0
28.327,4
28.3271,0
28.3325,14
28.3326,11
28.3327,0
28.3381,15
28.3382,8
28.3383,0
28.3437,3
28.3438,0
28.3492,11
28.3492,9
28.3493,0
28.3547,4
28.3548,0
28.3602,5
28.3603,4
28.3603,0
28.3657,5
28.3658,0
28.3712,12
28.3713,7
28.3714,0
28.3768,2
28.3768,0
28.3822,7
28.3823,2
28.3823,0
28.3932,11
28.3933,0
28.3987,3
28.3991,0
28.4045,11
28.4046,10
28.4046,0
28.4101,13
28.4102,6
28.4102,0
28.4156,11
28.4158,0
28.4212,15
28.4214,0
28.4268,13
28.4269,0
28.4323,12
28.4324,8
28.4325,0
28.4379,12
28.438,3
28.438,0
28.4434,3
28.4435,0
28.4489,11
28.449,3
28.4491,0
28.4545,11
28.4546,0
28.46,1
28.4601,0
28.4709,8
28.4711,0
28.4765,12
28.4765,11
28.4766,0
28.482,4
28.4821,0
28.4876,7
28.4877,0
28.4878,2
28.4879,0
28.4933,4
28.4933,3
28.4934,0
28.4988,5
28.4991,1
28.4991,0
28.5154,10
28.5156,1
28.5156,0
28.521,3
28.5211,0
28.5265,10
28.5266,0
28.532,7
28.5321,0
28.5375,15
28.5376,8
28.5377,0
28.5432,3
28.5432,1
28.5432,0
28.5434,10
28.5435,0
28.5489,2
28.549,0
28.5544,11
28.5544,9
28.5545,0
28.5599,8
28.56,0
28.5655,9
28.5656,0
28.571,5
28.5711,0
28.5765,5
28.5766,0
28.582,6
28.5821,0
28.5875,15
28.5877,0
28.5931,5
28.5931,4
28.5932,0
28.5986,5
28.5987,0
28.6041,8
28.6045,0
28.6099,11
28.6099,7
28.61,0
28.6154,1
28.6155,0
28.6209,12
28.621,6
28.621,0
28.6264,13
28.6266,2
28.6266,0
28.632,13
28.6322,0
28.6376,11
28.6377,0
28.6431,7
28.6432,2
28.6432,0
28.6487,9
28.6501,0
28.6503,4
28.6557,0
28.6611,13
28.6612,11
28.6612,4
28.6666,0
28.6721,3
28.6721,0
28.6775,9
28.6776,6
28.6777,0
28.6831,12
28.6831,11
28.6832,10
28.6833,3
28.6836,2
28.6836,0
28.6891,9
28.6904,7
28.6959,6
28.6959,3
28.6959,2
28.7014,0
28.7015,6
28.7072,0
28.7127,6
28.7181,0
28.7182,8
28.7183,7
28.7184,5
28.7184,0
28.7239,10
28.7241,5
28.7241,3
28.7296,2
28.7296,0
28.7297,5
28.7351,0
28.7405,13
28.7406,9
28.7461,6
28.7461,5
28.7515,0
28.757,2
28.7624,0
28.7625,13
28.768,9
28.7735,1
28.7735,0
28.7789,4
28.779,1
28.7844,0
28.7903,10
28.7955,8
28.7956,0
28.7957,8
28.8011,7
28.8012,0
28.8066,14
28.8069,13
28.8125,6
28.8125,4
28.8126,0
28.818,7
28.8235,6
28.8236,1
28.8236,0
28.829,14
28.8344,12
28.8344,8
28.8347,7
28.8402,6
28.8402,5
28.8456,3
28.8456,0
28.8511,11
28.8511,7
28.8513,5
28.8515,0
28.8569,11
28.8569,10
28.8624,0
28.8678,12
28.8733,10
28.8787,9
28.8788,0
28.8842,5
28.8897,0
28.8951,10
28.8954,6
28.9008,2
28.9009,0
28.9119,12
28.9123,5
28.9177,1
28.9178,0
28.9179,2
28.918,1
28.918,0
28.9234,1
28.9234,0
28.9289,5
28.9291,2
28.9346,0
28.9348,15
28.9402,9
28.9403,0
28.9457,13
28.9566,9
28.9566,8
28.9621,6
28.9622,0
28.9676,4
28.9678,1
28.9733,0
28.9842,10
28.9896,0
28.9898,3
28.9953,0
29.0061,1
29.0116,0
29.0173,5
29.0174,4
29.0229,0
29.0283,8
29.0283,4
29.0341,0
29.0395,1
29.0396,0
29.045,1
29.0505,0
29.0559,8
29.056,3
29.0614,0
29.0616,11
29.0617,6
29.0617,2
29.0672,0
29.0726,11
29.0727,3
29.0727,0
29.0781,10
29.0783,0
29.0837,14
29.0837,10
29.084,1
29.0895,0
29.0949,6
29.0949,5
29.095,0
29.1004,7
29.1058,0
29.106,6
29.1114,0
29.1168,9
29.1172,5
29.1281,2
29.1339,0
29.1393,13
29.1394,4
29.1394,0
29.1503,8
29.1504,6
29.1558,3
29.1613,2
29.1668,0
29.1722,2
29.1722,0
29.1777,3
29.1777,1
29.1777,0
29.1831,3
29.1832,0
29.1886,7
29.1887,5
29.1889,4
29.1943,3
29.1998,0
29.2052,10
29.2053,0
29.2107,8
29.2108,7
29.2108,6
29.2162,1
29.2166,0
29.222,4
29.222,0
29.2274,10
29.2276,0
29.233,3
29.2331,0
29.2385,1
29.2388,0
29.2444,4
29.2445,0
29.2499,9
29.25,0
29.2554,3
29.2555,0
29.2663,3
29.2664,1
29.2773,0
29.2827,12
29.2827,9
29.2828,0
29.2937,3
29.2938,0
29.2992,5
29.2993,0
29.3047,15
29.3048,9
29.3102,6
29.3103,0
29.3212,15
29.3215,11
29.327,9
29.3325,7
29.3325,6
29.3325,0
29.3437,13
29.3438,1
29.3493,0
29.3547,12
29.3548,0
29.3602,13
29.3603,11
29.3658,6
29.3658,0
29.3767,5
29.3768,3
29.377,1
29.3824,0
29.3878,2
29.3879,0
29.3933,6
29.3934,2
29.3936,1
29.399,0
29.4044,10
29.4046,0
29.4154,12
29.4156,0
29.421,4
29.4213,3
29.4268,0
29.4322,7
29.4323,0
29.4377,6
29.4378,1
29.445,0
29.4558,1
29.4559,0
29.4721,10
29.4722,7
29.4723,0
29.4832,5
29.4833,0
29.4941,14
29.4996,13
29.5053,12
29.5054,9
29.5055,0
29.5109,4
29.511,1
29.5164,0
29.5218,1
29.5218,0
29.533,6
29.5331,0
29.5385,11
29.5386,8
29.5387,0
29.5441,10
29.5442,9
29.5445,8
29.5499,6
29.55,0
29.5554,7
29.5608,4
29.5609,1
29.561,0
29.5664,7
29.5664,5
29.5719,1
29.5719,0
29.5773,10
29.5828,0
29.5884,8
29.5939,0
29.594,7
29.5995,0
29.6049,10
29.6052,2
29.6054,1
29.6055,0
29.6057,8
29.6111,6
29.6112,0
29.6166,10
29.622,1
29.6275,0
29.6279,11
29.6334,5
29.6388,0
29.6442,6
29.6446,4
29.65,0
29.6554,6
29.6555,4
29.661,0
29.6664,15
29.6665,11
29.6719,2
29.6774,0
29.6828,1
29.6829,0
29.6883,3
29.6937,0
29.6993,7
29.6994,0
29.7103,15
29.7105,10
29.7107,0
29.7109,12
29.7163,0
29.7274,5
29.733,3
29.7385,0
29.7387,12
29.744,3
29.744,0
29.7442,11
29.7496,7
29.7499,0
29.7554,8
29.7555,0
29.7556,13
29.7558,9
29.7558,4
29.7558,3
29.7613,0
29.7667,7
29.7668,5
29.7722,1
29.7777,0
29.7831,14
29.7885,4
29.794,0
29.7942,11
29.7997,1
29.7997,0
29.8051,10
29.8051,9
29.8053,4
29.8053,0
29.8111,11
29.8113,4
29.8113,1
29.8113,0
29.8167,5
29.8168,3
29.8222,1
29.8276,0
29.833,10
29.8334,3
29.8389,0
29.8443,6
29.8498,3
29.8498,0
29.8555,15
29.8557,13
29.8612,6
29.8612,5
29.8667,0
29.8721,6
29.8721,4
29.8776,3
29.8776,0
29.8831,4
29.8884,3
29.8885,0
29.8886,14
29.8941,13
29.8941,8
29.8996,0
29.905,10
29.9051,6
29.9105,0
29.916,3
29.9162,0
29.9164,15
29.9218,6
29.9273,2
29.9273,0
29.9327,11
29.9382,2
29.9437,0
29.9492,6
29.9547,0
29.9551,13
29.9604,8
29.9605,0
29.9606,15
29.9607,14
29.9662,7
29.9716,6
29.9717,0
29.9771,11
29.9772,3
29.9827,0
29.9881,2
29.9882,0
29.9936,15
29.9937,10
29.9937,8
29.9992,6
29.9992,5
30.0047,0
30.0101,7
30.0101,5
30.0156,1
30.0211,0
30.0265,5
30.0266,3
30.0266,0
30.032,4
30.0321,0
30.0375,2
30.0378,1
30.0487,0
30.0541,6
30.0545,5
30.06,2
30.0654,0
30.0708,9
30.0709,7
30.0764,6
30.0764,0
30.0818,5
30.0819,4
30.0819,0
30.0928,11
30.0929,2
30.0929,0
30.1038,3
30.1039,0
30.1202,9
30.1202,6
30.1258,0
30.1312,14
30.1312,12
30.1312,11
30.1367,6
30.137,1
30.137,0
30.1424,14
30.1426,5
30.148,2
30.148,0
30.1589,15
30.1593,9
30.1702,6
30.1703,2
30.1703,0
30.1757,1
30.1758,0
30.1812,15
30.1812,12
30.1867,8
30.1867,6
30.1868,1
30.1922,0
30.2031,1
30.2032,0
30.2086,11
30.2086,9
30.2141,6
30.2141,5
30.2196,0
30.225,6
30.7311,1
30.7311,0
30.7365,5
30.7366,0
30.742,10
30.7421,3
30.7422,0
30.7476,8
30.7477,0
30.7531,8
30.7535,0
30.7589,9
30.759,7
30.759,0
30.7644,2
30.7645,0
30.7699,1
30.77,0
30.7754,4
30.7755,0
30.7809,4
30.7809,0
30.7863,4
30.7864,0
30.7918,1
30.7919,0
30.7973,13
30.7975,0
30.8029,9
30.803,0
30.8084,11
30.8085,4
30.8085,0
30.8139,14
30.8141,1
30.8141,0
30.8195,14
30.8197,0
30.8251,2
30.8252,0
30.8306,13
30.8307,0
30.8361,12
30.8363,0
30.8417,3
30.8418,0
30.8472,2
30.8472,0
30.8526,11
30.8541,10
30.8596,6
30.8597,0
30.8651,4
30.8706,0
30.8708,9
30.8765,7
30.8765,4
30.882,0
30.8874,12
30.893,8
30.893,6
30.893,5
30.8985,0
30.9039,6
30.904,2
30.9095,0
30.9149,2
30.9149,0
30.9203,14
30.9259,8
30.9313,6
30.9313,3
30.9368,0
30.9422,11
30.9477,8
30.9532,6
30.9533,0
30.9644,3
30.9645,0
30.9699,3
30.9757,0
30.9811,14
30.9812,7
30.9812,6
30.9867,5
30.9921,4
30.9976,0
31.003,11
31.0031,8
31.0085,7
31.014,6
31.0141,0
31.0303,4
31.0304,0
31.0413,12
31.0414,8
31.0468,6
31.0469,0
31.0523,5
31.0524,0
31.058,1
31.058,0
31.0634,5
31.0638,1
31.0638,0
31.0692,5
31.0747,4
31.0804,2
31.0804,0
31.0858,11
31.0859,8
31.0914,6
31.0914,2
31.0969,0
31.1023,5
31.1024,0
31.1133,1
31.1133,0
31.1188,11
31.1241,7
31.1242,0
31.1244,5
31.1298,0
31.1352,8
31.1353,1
31.1407,0
31.1516,1
31.1571,0
31.1625,9
31.1628,8
31.1629,0
31.1683,3
31.1738,0
31.1792,1
31.1796,0
31.1904,14
31.1905,11
31.1906,3
31.1961,0
31.2015,15
31.2015,12
31.2016,7
31.207,6
31.2071,1
31.218,0
31.2234,2
31.2235,0
31.2289,1
31.2343,0
31.2399,9
31.2509,6
31.2564,0
31.262,11
31.2621,6
31.2621,4
31.2675,0
31.2732,12
31.2733,11
31.2734,2
31.2788,0
31.2847,14
31.2903,8
31.2957,6
31.2958,0
31.3012,3
31.3067,0
31.3175,9
31.323,6
31.323,5
31.3286,0
31.334,4
31.3395,0
31.3397,6
31.3451,0
31.3505,4
31.3506,0
31.3781,5
31.3781,4
31.3836,0
31.3891,11
31.3893,8
31.3948,6
31.3948,5
31.4003,0
31.4004,13
31.4059,0
31.4113,7
31.4168,6
31.4169,0
31.4223,12
31.4224,5
31.4279,0
31.4333,8
31.4334,4
31.4389,1
31.4389,0
31.4443,10
31.4497,7
31.4498,0
31.4499,5
31.4554,0
31.4555,6
31.461,4
31.4719,0
31.4776,13
31.4777,5
31.4832,3
31.4889,0
31.4944,1
31.4944,0
31.4999,12
31.5053,10
31.5108,8
31.5108,6
31.5109,0
31.511,10
31.5164,7
31.5165,0
31.5219,10
31.5274,6
31.5275,0
31.5329,6
31.5396,1
31.545,0
31.5452,6
31.5506,2
31.5509,0
31.5563,10
31.5564,5
31.5565,1
31.5619,0
31.5673,6
31.5727,1
31.573,0
31.5784,11
31.5786,1
31.584,0
31.5895,13
31.5897,11
31.5897,4
31.5899,1
31.5954,0
31.5955,6
31.5956,1
31.5956,0
31.601,11
31.6011,8
31.6012,0
31.6067,3
31.6121,0
31.6175,6
31.623,2
31.623,0
31.6284,3
31.6338,1
31.6338,0
31.6339,14
31.634,10
31.6395,2
31.645,0
31.6504,15
31.6504,13
31.6562,12
31.6616,3
31.6617,0
31.6671,10
31.6726,1
31.6726,0
31.678,13
31.6835,5
31.6835,0
31.6944,7
31.6947,4
31.6948,0
31.6949,7
31.7003,3
31.7004,0
31.7058,2
31.7112,0
31.7221,13
31.7221,11
31.7222,9
31.7223,1
31.7225,0
31.7334,1
31.7389,0
31.739,9
31.7444,5
31.7445,3
31.7499,0
31.7553,15
31.7555,0
31.7609,4
31.7663,1
31.7663,0
31.7664,5
31.772,0
31.7831,12
31.7886,6
31.7886,5
31.7944,0
31.7998,9
31.8,7
31.8,0
31.8054,10
31.8055,2
31.8056,0
31.811,10
31.8111,1
31.8112,0
31.8113,12
31.8167,5
31.8222,0
31.8276,11
31.833,10
31.8331,0
31.8385,13
31.8386,10
31.8388,4
31.8388,3
31.8389,0
31.8443,9
31.8485,5
31.8485,4
31.8498,0
31.8552,8
32.3604,0
32.3658,6
32.3658,2
32.3659,0
32.3713,11
32.3714,0
32.3768,3
32.3769,2
32.3769,0
32.3823,12
32.3824,0
32.3879,15
32.388,0
32.3934,5
32.3938,0
32.3992,1
32.3993,0
32.4047,10
32.4048,0
32.4102,2
32.4103,0
32.4157,4
32.4157,3
32.4158,0
32.4212,1
32.4212,0
32.4266,2
32.4267,0
32.4321,4
32.4322,0
32.4376,3
32.4377,0
32.4431,13
32.4432,2
32.4432,0
32.4486,9
32.4488,0
32.4542,10
32.4542,7
32.4543,0
32.4597,5
32.4598,0
32.4652,9
32.4653,7
32.4653,0
32.4707,1
32.4708,0
32.4762,14
32.4763,8
32.4764,0
32.4818,12
32.4819,3
32.4819,0
32.4873,6
32.4874,0
32.4928,10
32.4932,0
32.4987,1
32.4987,0
32.5041,12
32.5043,0
32.5097,15
32.5097,13
32.5099,0
32.5153,10
32.5153,5
32.5154,0
32.5208,14
32.5209,2
32.521,0
32.5264,2
32.5264,0
32.5318,3
32.5319,0
32.5374,2
32.5387,0
32.5389,10
32.5389,9
32.5444,0
32.5498,4
32.5553,0
32.5607,1
32.5621,0
32.5622,12
32.5677,7
32.5677,4
32.5731,0
32.5786,4
32.5789,0
32.5844,15
32.5846,14
32.5901,8
32.5903,0
32.5957,9
32.596,8
32.6015,0
32.6069,2
32.6124,0
32.6232,9
32.6233,0
32.6287,7
32.6289,0
32.6343,5
32.6344,0
32.6398,2
32.6398,1
32.6398,0
32.6452,14
32.6454,0
32.6508,10
32.6509,0
32.6618,13
32.6619,10
32.662,0
32.6674,2
32.6674,0
32.6783,11
32.6784,0
32.6838,7
32.6839,2
32.6839,0
32.6894,14
32.6895,0
32.6949,12
32.6951,0
32.7005,2
32.7008,0
32.7062,7
32.7063,0
32.7118,8
32.7119,0
32.7173,4
32.7174,0
32.7228,14
32.7229,0
32.7283,10
32.7284,8
32.7285,0
32.7339,8
32.734,0
32.7394,6
32.7395,0
32.7504,7
32.7504,1
32.7505,0
32.7559,5
32.756,0
32.7614,15
32.7615,7
32.7615,0
32.767,9
32.7671,0
32.7725,13
32.7726,0
32.7781,2
32.7781,0
32.7835,13
32.7837,0
32.7891,2
32.7891,1
32.7892,0
32.7946,7
32.7947,0
32.8001,12
32.8005,0
32.8059,2
32.806,0
32.8114,13
32.8115,0
32.817,14
32.8171,0
32.8225,11
32.8226,9
32.8227,0
32.8335,11
32.8336,6
32.8337,0
32.8391,5
32.8392,0
32.8446,6
32.8446,3
32.8447,0
32.8501,4
32.8502,0
32.8556,14
32.8557,7
32.8557,0
32.8611,15
32.8613,5
32.8613,0
32.8667,11
32.8669,0
32.8723,6
32.8724,0
32.8778,4
32.8779,0
32.8833,9
32.8833,7
32.8834,0
32.8888,15
32.8889,5
32.889,0
32.8944,12
32.8945,0
32.8999,13
32.9001,0
32.9055,8
32.9059,0
32.9113,1
32.9114,0
32.9168,13
32.9169,0
32.9223,8
32.9225,0
32.9279,5
32.928,0
32.9388,8
32.9389,0
32.9443,3
32.9444,0
32.9498,10
32.95,0
32.9554,13
32.9555,6
32.9555,0
32.9609,7
32.961,0
32.9664,15
32.9665,14
32.9666,0
32.972,13
32.9721,10
32.9722,0
32.9776,3
32.9777,0
32.9831,9
32.9831,8
32.9832,0
32.9886,6
32.9887,0
32.9941,14
32.9943,0
32.9997,12
32.9998,9
32.9998,0
33.0052,2
33.0056,0
33.011,11
33.0111,0
33.0165,14
33.0167,0
33.0221,10
33.0222,8
33.0223,0
33.0277,10
33.0278,1
33.0278,0
33.0332,13
33.0334,0
33.0388,13
33.0389,0
33.0443,6
33.0444,1
33.0444,0
33.0498,6
33.0499,0
33.0554,5
33.0554,0
33.0608,8
33.061,0
33.0664,12
33.0665,5
33.0665,0
33.0719,9
33.0721,0
33.0775,11
33.0776,0
33.083,1
33.0831,0
33.0885,4
33.0885,2
33.0886,0
33.0994,6
33.0995,0
33.105,15
33.1066,11
33.1121,5
33.1121,0
33.1123,6
33.1177,0
33.1243,2
33.1297,0
33.1352,3
33.1354,2
33.1355,0
33.1411,10
33.1465,6
33.1465,2
33.1574,0
33.1628,7
33.1683,0
33.1738,15
33.1793,7
33.1847,0
33.1957,4
33.196,0
33.1961,5
33.2015,0
33.2069,8
33.2072,1
33.2072,0
33.2184,13
33.2238,4
33.2238,3
33.2293,2
33.2293,0
33.2294,2
33.2297,1
33.2351,0
33.2405,15
33.2406,14
33.2461,5
33.2515,0
33.2569,3
33.257,1
33.2624,0
33.2678,14
33.2733,8
33.2788,0
33.2842,7
33.2896,2
33.2896,0
33.2951,12
33.2954,8
33.3009,6
33.3009,3
33.3064,0
33.3122,12
33.3124,2
33.3178,0
33.3233,9
33.3287,4
33.3287,2
33.3341,0
33.3343,5
33.3345,1
33.34,0
33.3454,3
33.3509,0
33.3563,3
33.3618,2
33.3618,0
33.3727,14
33.3781,7
33.3836,0
33.3837,7
33.389,0
33.3892,2
33.3892,1
33.3946,0
33.4001,6
33.4003,4
33.4058,0
33.4113,7
33.4114,3
33.4115,0
33.4169,6
33.4226,1
33.4228,0
33.4282,2
33.4284,0
33.4338,15
33.434,13
33.4395,6
33.4396,0
33.4397,15
33.4451,10
33.4451,6
33.4506,0
33.456,12
33.4561,10
33.4615,2
33.467,0
33.4725,6
33.4779,0
33.4781,5
33.4835,0
33.4889,1
33.489,0
33.4945,7
33.4946,1
33.5004,0
33.5005,1
33.5059,0
33.5114,14
33.5115,12
33.5116,0
33.5117,8
33.5174,7
33.5176,0
33.523,6
33.523,5
33.5285,0
33.5339,14
33.534,6
33.534,4
33.5343,0
33.5397,1
33.54,0
33.5401,13
33.5456,2
33.5511,0
33.5565,9
33.5566,0
33.562,6
33.5675,4
33.5729,0
33.5783,13
33.5838,11
33.5839,2
33.5893,0
33.5947,3
34.0999,0
34.1108,8
34.1109,0
34.1163,9
34.1178,5
34.1233,0
34.1342,3
34.1345,0
34.1399,14
34.14,5
34.1455,0
34.151,11
34.1513,9
34.1568,7
34.1568,6
34.1568,0
34.1623,6
34.1623,2
34.1678,1
34.1733,0
34.1841,1
34.1842,0
34.195,14
34.1951,11
34.1952,1
34.2061,0
34.2115,10
34.2127,8
34.2181,4
34.2184,2
34.2239,1
34.2294,0
34.2348,13
34.2405,9
34.2405,7
34.2407,0
34.2461,6
34.2515,4
34.2516,0
34.2573,1
34.2574,0
34.2629,5
34.2631,0
34.2685,6
34.274,5
34.2795,2
34.2849,0
34.285,11
34.2905,1
34.296,0
34.3014,13
34.3014,9
34.3015,3
34.3016,0
34.307,5
34.3125,3
34.3125,0
34.318,15
34.3182,10
34.3184,5
34.3185,3
34.3186,0
34.3187,13
34.3242,4
34.3296,0
34.335,9
34.3354,6
34.3408,0
34.3571,12
34.3574,6
34.3576,0
34.3577,7
34.3631,1
34.3631,0
34.3685,2
34.3739,0
34.3794,1
34.3848,0
34.3902,11
34.3903,8
34.3957,6
34.3958,5
34.4012,0
34.4066,4
34.4066,3
34.4067,1
34.4121,0
34.4175,4
34.4176,0
34.423,11
34.4231,3
34.4286,0
34.434,15
34.4341,3
34.4396,0
34.4453,14
34.4453,11
34.4454,3
34.4509,0
34.462,8
34.4621,6
34.4676,2
34.4676,0
34.473,5
34.4731,0
34.4785,4
34.4786,2
34.484,0
34.4894,7
34.4896,0
34.5004,11
34.5005,10
34.5005,4
34.506,0
34.5114,4
34.5115,1
34.5115,0
34.5224,15
34.5225,8
34.5279,6
34.528,3
34.5335,0
34.5389,14
34.539,7
34.5444,2
34.5447,0
34.5501,3
34.5502,2
34.5502,0
34.5557,1
34.5611,0
34.5612,15
34.5616,5
34.567,0
34.5724,2
34.5725,0
34.5834,1
34.5889,0
34.589,15
34.5891,13
34.5891,5
34.5946,0
34.6,1
34.6001,0
34.6055,10
34.6056,4
34.6165,1
34.6165,0
34.6219,7
34.622,4
34.6275,3
34.6329,2
34.6384,1
34.6384,0
34.6438,2
34.6493,0
34.655,11
34.655,9
34.655,8
34.6605,6
34.6605,1
34.6663,0
34.6771,2
34.6772,0
34.6881,2
34.6881,0
34.6935,2
34.6936,0
34.699,1
34.6991,0
34.7045,8
34.7045,6
34.7047,1
34.7047,0
34.7102,15
34.7157,6
34.7157,4
34.7212,3
34.7212,0
34.7266,6
34.7267,5
34.7322,0
34.743,3
34.7431,0
34.7485,12
34.754,7
34.7543,5
34.7543,1
34.7598,0
34.7652,14
34.7656,8
34.771,6
34.7711,2
34.7765,0
34.7822,4
34.7876,0
34.793,13
34.7931,8
34.7986,6
34.7986,4
34.8041,1
34.8095,0
34.8204,14
34.8205,10
34.826,6
34.826,0
34.8314,9
34.8315,6
34.837,0
34.8479,1
34.8482,0
34.8536,13
34.8537,8
34.8592,6
34.8592,0
34.8647,10
34.8648,1
34.8705,0
34.8707,14
34.8708,9
34.8762,6
34.8763,4
34.8817,3
34.8818,0
34.8926,13
34.8927,9
34.8982,7
34.8982,6
34.8982,0
34.9093,6
34.9094,0
34.9218,2
34.9271,0
34.9273,4
34.9327,0
34.9384,15
34.944,0
34.9494,3
34.9551,0
34.9552,7
34.9605,1
34.9606,0
34.966,5
34.9661,2
34.9663,1
34.9717,0
34.9772,12
34.9825,6
34.9829,1
34.9883,0
34.9885,13
34.994,5
34.9995,3
34.9995,0
35.0049,13
35.005,11
35.0104,0
35.0159,10
35.0213,2
35.0213,0
35.0215,13
35.0269,7
35.0323,3
35.0327,0
35.0381,12
35.0381,8
35.0382,7
35.0436,6
35.0436,0
35.049,9
35.0491,3
35.0548,0
35.0711,4
35.0713,0
35.0768,10
35.077,6
35.0824,3
35.0825,0
35.0881,8
35.0881,4
35.0936,3
35.099,0
35.1044,14
35.1045,12
35.1045,8
35.11,0
35.1154,5
35.1209,0
35.1263,10
35.1264,6
35.1264,3
35.1318,0
35.1373,9
35.1375,8
35.143,6
35.143,3
35.143,1
35.1484,0
35.1486,3
35.154,0
35.1594,4
35.1651,1
35.1652,0
35.1706,7
35.1707,4
35.1761,0
35.1816,3
35.1818,1
35.1872,0
35.1874,14
35.1874,13
35.1875,9
35.1876,0
35.193,7
35.1931,5
35.1985,2
35.1985,0
35.2039,4
35.204,0
35.2096,8
35.2151,0
35.2152,5
35.2206,0
35.226,7
35.2261,5
35.2316,3
35.2316,1
35.2373,0
35.2481,11
35.2482,8
35.2482,6
35.2537,3
35.2538,1
35.2538,0
35.2592,8
35.2647,1
35.2702,0
35.2756,12
35.2759,11
35.2814,9
35.2869,0
35.2977,3
35.2978,0
35.3032,1
35.3033,0
35.3087,1
35.3087,0
35.3196,8
35.3199,0
35.3307,12
35.3308,7
35.3309,0
35.3363,4
35.3418,0
35.3526,12
35.3527,6
35.3582,0
35.3637,9
35.364,7
35.3695,6
35.3695,1
35.3695,0
35.3749,15
35.375,8
35.3805,6
35.3805,3
35.3806,0
35.386,8
35.3861,0
35.3915,4
35.3915,2
35.3916,0
35.397,3
35.397,0
35.4025,1
35.4025,0
35.4079,5
35.408,0
35.4134,2
35.4135,0
35.4189,4
35.419,0
35.4244,1
35.4244,0
35.4298,10
35.43,0
35.4354,7
35.4355,0
35.4409,14
35.441,0
35.4465,7
35.4466,0
35.452,15
35.4521,5
35.4521,0
35.4576,5
35.4576,0
35.4631,12
35.4635,0
35.4689,11
35.469,0
35.4744,4
35.4745,0
35.4799,6
35.48,0
35.4854,14
35.4856,5
35.4856,0
35.491,8
35.4911,0
35.4965,6
35.4966,5
35.4966,0
35.502,3
35.5021,0
35.5075,12
35.5076,7
35.5077,0
35.5185,2
35.5186,0
35.524,2
35.5241,0
35.5349,1
35.535,0
35.5404,12
35.5405,3
35.5405,0
35.5459,13
35.5461,0
35.5515,1
35.5516,0
35.557,13
35.5571,0
35.5625,10
35.5627,0
35.5681,10
35.5685,0
35.5739,1
35.5739,0
35.5794,9
35.5795,0
35.5849,15
35.585,9
35.5851,0
35.5959,14
35.596,9
35.5961,0
35.6015,12
35.6016,4
35.6017,0
35.6071,14
35.6072,1
35.6072,0
35.6126,2
35.6127,0
35.6181,4
35.6182,0
35.629,10
35.6292,0
35.6346,9
35.6347,2
35.6347,0
35.6401,3
35.6402,0
35.6456,4
35.6457,0
35.6511,14
35.6511,12
35.6513,0
35.6567,11
35.6567,6
35.6568,0
35.6622,5
35.6623,0
35.6677,1
35.668,0
35.6734,8
35.6736,0
35.679,15
35.6791,0
35.6846,9
35.6847,0
35.6955,7
35.6956,3
35.6956,0
35.7011,11
35.7012,0
35.7066,11
35.7067,0
35.7122,6
35.7122,0
35.7177,5
35.7177,0
35.7232,12
35.7233,3
35.7233,0
35.7287,13
35.7289,0
35.7343,5
35.7344,0
35.7398,8
35.7399,0
35.7453,7
35.7454,0
35.7508,9
35.7509,0
35.7563,14
35.7565,0
35.7619,14
35.7621,0
35.7675,4
35.7676,1
35.7676,0
35.773,5
35.7734,0
35.7788,13
35.779,1
35.779,0
35.7791,15
35.7793,0
35.7847,1
35.7848,0
35.7902,3
35.7916,1
35.797,0
35.7971,15
35.7972,11
35.8027,0
35.8081,5
35.8082,0
35.8136,13
35.8137,3
35.8138,0
35.8246,5
35.8247,0
35.8301,12
35.8302,10
35.8303,0
35.8357,9
35.8358,2
35.8358,0
35.8412,7
35.8413,0
35.8467,15
35.8468,10
35.8469,0
35.8523,6
35.8524,0
35.8578,6
35.8579,0
35.8633,5
35.8634,0
35.8688,6
35.8689,5
35.8689,0
35.8743,13
35.8747,12
35.8748,0
35.8802,12
35.8803,6
35.8803,0
35.8857,11
35.887,2
35.8927,0
35.8981,13
35.8982,12
35.9037,6
35.9037,1
35.9092,0
35.9146,13
35.9201,6
35.9202,4
35.9257,0
35.9311,5
35.9311,0
35.942,6
35.9421,0
35.9475,14
35.9476,7
35.9531,6
35.9531,0
35.9585,15
35.9586,12
35.9641,6
35.9642,0
35.9696,5
35.9697,2
35.9751,0
35.9808,1
35.9809,0
35.9863,11
35.9864,1
35.9919,0
35.9973,3
35.9976,1
35.9976,0
36.003,8
36.0031,6
36.0086,0
36.0141,11
36.0142,2
36.5209,0
36.521,8
36.5211,5
36.5212,0
36.5321,4
36.5321,2
36.5375,1
36.5376,0
36.543,5
36.5431,0
36.5485,14
36.554,0
36.5541,3
36.5595,0
36.5649,7
36.565,3
36.565,0
36.5705,1
36.5707,0
36.5709,11
36.5763,0
36.5817,5
36.5818,0
36.5872,3
36.5874,0
36.5928,14
36.5932,8
36.5986,0
36.6041,12
36.6095,4
36.6095,0
36.6097,15
36.6151,12
36.6152,1
36.6206,0
36.626,10
36.6261,2
36.6261,1
36.6315,0
36.637,11
36.6424,7
36.6424,3
36.6479,0
36.6533,12
36.6588,0
36.6642,14
36.6642,13
36.6697,7
36.6697,4
36.6751,0
36.6808,13
36.6809,12
36.6809,7
36.6864,0
36.7029,9
36.7031,0
36.7085,12
36.714,10
36.7141,0
36.7195,1
36.7249,0
36.7303,14
36.7304,5
36.7304,3
36.7358,2
36.7359,0
36.7468,15
36.7522,4
36.7576,0
36.7578,1
36.7578,0
36.7633,9
36.7687,6
36.7688,0
36.7689,5
36.7744,1
36.7761,0
36.7815,8
36.7816,5
36.787,0
36.7924,9
36.7979,4
36.7982,0
36.8091,8
36.8091,7
36.8145,6
36.8146,1
36.8149,0
36.8258,10
36.8259,6
36.8313,5
36.8368,1
36.8368,0
36.8369,6
36.8423,0
36.8477,4
36.8478,3
36.8533,0
36.8587,15
36.8642,5
36.8696,1
36.8697,0
36.8807,10
36.8809,4
36.8864,1
36.8973,0
36.8977,8
36.9031,0
36.9085,8
36.9086,7
36.9087,0
36.9141,2
36.9144,0
36.9145,10
36.9145,9
36.92,1
36.92,0
36.9254,12
36.9309,4
36.9311,3
36.9365,0
36.9419,3
36.942,0
36.9529,12
36.9584,2
36.9638,0
36.9692,10
36.9747,9
36.9804,7
36.9859,1
36.9859,0
36.9913,11
36.9914,4
36.9968,0
37.0023,12
37.0079,10
37.008,8
37.0082,5
37.0136,0
37.0137,5
37.0192,0
37.0246,12
37.03,11
37.0301,3
37.0355,0
37.0356,7
37.041,4
37.0411,0
37.052,4
37.0522,0
37.0576,15
37.0631,11
37.0632,0
37.0686,6
37.074,0
37.0795,12
37.0849,6
37.0852,4
37.0906,0
37.0908,5
37.0909,0
37.0963,6
37.0964,4
37.1018,0
37.1023,9
37.1077,0
37.119,3
37.1245,0
37.1354,1
37.1354,0
37.1463,10
37.1464,9
37.1464,8
37.1466,0
37.1467,6
37.1522,0
37.1576,4
37.1577,0
37.1631,5
37.1632,1
37.1686,0
37.174,11
37.1741,6
37.1795,2
37.1795,0
37.185,15
37.1853,10
37.1855,4
37.1909,1
37.1909,0
37.1911,11
37.1965,4
37.1965,1
37.2074,0
37.2131,12
37.2132,7
37.2187,0
37.2297,14
37.23,7
37.2354,4
37.2354,0
37.2519,14
37.2521,8
37.2522,0
37.2576,12
37.2631,6
37.2686,0
37.274,9
37.2741,7
37.2795,6
37.2849,2
37.2853,0
37.2961,12
37.2962,10
37.3017,7
37.3071,2
37.3074,1
37.3128,0
37.3182,5
37.3183,0
37.3237,6
37.3292,0
37.3349,4
37.335,1
37.335,0
37.3406,3
37.346,0
37.3514,7
37.3515,0
37.357,11
37.3624,3
37.3678,0
37.368,8
37.3735,0
37.3843,7
37.3845,0
37.39,11
37.3903,0
37.3905,1
37.3957,0
37.3959,2
37.3959,0
37.4013,14
37.4014,12
37.4068,11
37.4123,6
37.4126,0
37.4181,15
37.4181,13
37.4236,10
37.4236,6
37.4237,0
37.4295,7
37.4297,0
37.4351,13
37.4351,9
37.4406,6
37.4406,3
37.4461,0
37.4515,9
37.4516,6
37.4571,0
37.468,11
37.4681,6
37.4681,0
37.479,11
37.4791,6
37.4845,4
37.49,0
37.4954,15
37.4955,9
37.501,6
37.501,3
37.5065,0
38.0236,15
38.0239,14
38.0294,13
38.0349,7
38.0406,6
38.0461,4
38.0515,0
38.0569,11
38.057,9
38.0625,6
38.0625,3
38.0679,0
38.0733,8
38.0734,5
38.0734,4
38.0788,2
38.0788,0
38.0842,11
38.0898,6
38.0898,4
38.0953,0
38.1007,1
38.1061,0
38.1062,11
38.1065,9
38.1065,8
38.1119,6
38.112,0
38.1174,4
38.1174,0
38.1284,2
38.1289,0
38.1343,14
38.1397,7
38.1452,3
38.1452,1
38.1455,0
38.1565,3
38.1619,0
38.1673,6
38.1674,4
38.1674,2
38.1728,1
38.1728,0
38.1837,9
38.1837,8
38.1892,7
38.1947,0
38.2001,6
38.2001,2
38.2056,0
38.211,2
38.2112,0
38.2168,5
38.2223,0
38.2277,2
38.732,0
38.7386,10
38.7389,7
38.7389,2
38.7444,0
38.7499,3
38.7554,0
38.7556,5
38.7608,1
38.7611,0
38.7613,2
38.7667,0
38.7721,11
38.7722,7
38.7722,5
38.7777,3
38.7831,0
38.7886,11
38.7941,6
38.7941,3
38.7996,0
38.7998,15
38.8052,14
38.8053,10
38.8108,6
38.8163,1
38.8217,0
38.8272,11
38.8326,4
38.8381,2
38.8435,0
38.8494,8
38.8495,0
38.8604,3
38.8607,0
38.8608,7
38.8663,0
38.8717,14
38.8718,9
38.8772,6
38.8773,5
38.8828,0
38.8882,12
38.8937,11
38.8992,6
38.8992,0
38.9046,12
38.9047,11
38.9047,9
38.9102,6
38.9102,0
38.9157,7
38.9158,0
38.9159,15
38.9213,3
38.9213,0
38.9267,7
38.9268,3
38.927,0
38.9325,10
38.9379,0
38.9381,7
38.9381,4
38.9382,0
38.9436,6
38.9439,4
38.9494,2
38.9549,0
38.9603,6
38.9604,0
38.9658,13
38.9661,8
38.9716,6
38.9771,0
38.9772,10
38.9826,9
38.9827,2
38.9881,1
38.9936,0
38.999,10
38.999,9
38.9991,6
39.0046,0
39.01,2
39.0101,0
39.0209,4
39.021,2
39.0265,0
39.0482,1
39.0485,0
39.0539,4
39.054,2
39.054,0
39.0594,10
39.0652,6
39.0652,5
39.0707,0
39.0761,15
39.0817,9
39.0817,6
39.0872,0
39.0926,8
39.0927,5
39.0981,4
39.1036,0
39.1091,5
39.1104,3
39.1105,0
39.1161,1
39.1215,0
39.1269,13
39.1278,2
39.1323,0
39.1377,3
39.1378,0
39.1432,6
39.1486,1
39.149,0
39.1544,15
39.1545,6
39.1546,0
39.1655,13
39.1655,12
39.171,6
39.1713,5
39.1768,0
39.1876,11
39.1932,6
39.1932,3
39.1986,2
39.1987,0
39.2041,1
39.2041,0
39.2095,7
39.215,6
39.2151,0
39.2205,12
39.2259,6
39.226,1
39.2314,0
39.2316,2
39.2316,0
39.2371,7
39.2426,6
39.2426,5
39.2481,0
39.2482,12
39.2537,7
39.254,6
39.2595,0
39.2649,14
39.2707,6
39.2762,5
39.2763,0
39.2817,11
39.2817,10
39.2872,9
39.2926,6
39.2927,0
39.2981,9
39.3036,6
39.3037,0
39.3091,6
39.3146,5
39.3255,2
39.331,0
39.3364,6
39.3365,0
39.3421,10
39.3422,9
39.3477,6
39.3477,2
39.3531,0
39.3643,1
39.3698,0
39.3753,10
39.3755,2
39.381,0
39.3812,7
39.3866,6
39.3866,5
39.3921,0
39.3975,12
39.4031,6
39.4031,4
39.4031,0
39.4086,3
39.4141,0
39.4142,9
39.4143,4
39.4144,0
39.4198,2
39.4252,0
39.4253,2
39.4254,0
39.4308,7
39.4309,4
39.4418,1
39.4527,0
39.4581,7
39.4638,2
39.4639,0
39.4693,8
39.4693,5
39.4696,0
39.475,3
39.4752,2
39.4753,0
39.4754,14
39.4808,2
39.4863,0
39.4864,2
39.4865,0
39.4919,2
39.4973,0
39.4975,14
39.4975,11
39.5085,6
39.5085,5
39.514,2
39.5194,0
39.5249,12
39.525,6
39.525,1
39.5305,0
39.5359,15
39.536,7
39.536,6
39.5415,0
39.547,15
39.5524,2
39.5524,0
39.5526,1
39.5526,0
39.5692,11
39.5693,8
39.5747,6
39.5748,0
39.5803,13
39.5805,7
39.5807,3
39.5862,0
39.5918,1
39.5972,0
39.6081,3
39.6082,0
39.6136,3
39.6136,2
39.6191,0
39.6245,6
39.6246,2
39.6246,0
39.63,3
39.6301,0
39.6355,11
39.6464,6
39.6465,0
39.6519,1
39.652,0
39.6574,1
39.6576,0
39.663,8
39.6633,6
39.6688,5
39.6757,0
39.6811,9
39.6814,7
39.6868,4
39.6868,0
39.687,2
39.6924,0
39.6978,5
39.7032,0
39.7033,4
39.7088,0
39.7142,7
39.7142,5
39.7197,0
39.7251,10
39.7305,4
39.7305,2
39.7359,1
39.736,0
39.7361,10
39.7416,0
39.747,10
39.747,6
39.7528,0
39.7582,9
39.7583,2
39.7585,0
39.7639,12
39.7694,2
39.7748,0
39.7802,12
39.7857,7
39.7857,6
39.786,5
39.7915,1
39.7915,0
39.7969,2
39.7969,0
39.808,15
39.8135,1
39.8189,0
39.8244,8
39.8298,1
39.8298,0
39.8299,5
39.8354,2
39.8354,0
39.8408,5
39.8409,0
39.8464,7
39.8466,5
39.8466,0
39.8522,14
39.8524,6
39.8524,3
39.8524,0
39.8578,11
39.8581,7
39.8635,0
39.869,3
39.8744,0
39.8801,6
39.8802,1
39.8859,0
39.8913,15
39.8968,11
39.9023,9
39.9078,6
39.9079,0
39.9133,9
39.9188,6
39.9188,0
39.9297,5
39.9353,0
39.9354,6
39.9408,0
39.9463,5
39.9463,0
39.9517,10
39.9518,9
39.9627,6
39.9628,1
39.9682,0
39.9739,11
39.974,10
39.9794,6
39.9795,4
39.9795,0
39.9904,15
39.9907,11
39.9907,9
39.9962,6
39.9962,1
40.0017,0
40.0018,14
40.0073,1
40.0073,0
40.0127,15
40.0129,0
40.0238,6
40.0239,5
40.0294,1
40.0294,0
40.0295,1
40.0349,0
40.0403,9
40.0404,5
40.0404,3
40.0459,0
40.0514,14
40.0514,12
40.0514,10
40.0569,6
40.0569,4
40.0624,3
40.0733,0
40.0737,14
40.0738,5
40.0739,0
40.0793,13
40.0794,10
40.0849,6
40.0849,5
40.0849,0
40.0904,13
40.0906,11
40.0961,10
40.0961,6
40.0962,0
40.0963,4
40.0964,1
40.1018,0
40.1073,13
40.1073,7
40.1128,6
40.1128,5
40.1183,0
40.1237,10
40.1238,6
40.1293,0
40.1347,3
40.1348,0
40.1457,6
40.1457,3
40.1512,1
40.1567,0
40.1621,11
40.1622,0
40.1676,7
40.1677,4
40.1731,0
40.1788,5
40.1789,0
40.1843,3
40.1844,0
40.1898,8
40.1899,3
40.1957,0
40.2011,12
40.2011,11
40.2012,3
40.2067,0
40.2121,1
40.2121,0
40.2175,14
40.2176,10
40.2286,6
40.2286,3
40.2286,0
40.234,2
40.2341,0
40.2395,13
40.2396,10
40.245,8
40.2451,6
40.2451,2
40.2506,0
40.256,8
40.2561,3
40.2561,0
40.2615,9
40.2616,5
40.267,2
40.2725,0
40.2779,6
40.2783,1
40.2838,0
40.2892,14
40.2893,6
40.2951,1
40.3005,0
40.3059,14
40.306,12
40.3115,6
40.3116,0
40.317,2
40.317,0
40.3279,3
40.328,0
40.3334,9
40.3334,7
40.3335,1
40.339,0
40.3444,14
40.3445,8
40.3446,6
40.3447,5
40.3502,0
40.3556,13
40.3557,8
40.3611,6
40.3612,0
40.3666,9
40.3681,6
40.3735,0
40.3789,1
40.3846,0
40.39,6
40.3902,0
40.3957,7
40.401,1
40.4013,0
40.4069,6
40.4124,0
40.4178,14
40.4179,8
40.4179,5
40.4234,0
40.4288,3
40.4342,0
40.4396,10
40.4397,9
40.4451,0
40.4505,5
40.4506,4
40.456,0
40.4615,7
40.4617,3
40.4672,2
40.4726,0
40.4728,3
40.4728,2
40.4782,0
40.4836,1
40.484,0
40.4894,1
40.4948,0
40.506,5
40.5115,0
40.5116,3
40.517,0
40.5224,13
40.5225,10
40.528,2
40.528,0
40.5335,8
40.5389,6
40.5444,0
40.5445,9
40.55,0
40.5555,1
40.5667,0
40.5668,14
40.5721,12
40.5721,7
40.583,2
40.5833,0
40.5888,5
40.5942,0
40.5996,2
40.6051,0
40.6105,6
40.6159,5
40.6268,4
40.6323,0
40.6377,9
40.6378,6
40.638,0
40.6434,8
40.6488,0
40.649,9
40.6543,0
40.6597,1
40.6599,0
40.6653,10
40.6656,5
40.6658,4
40.6713,0
40.6714,9
40.6769,1
40.6823,0
40.6935,11
40.6936,5
40.6936,4
40.699,1
40.699,0
40.7045,15
40.7047,8
40.7102,7
40.7156,5
40.7157,0
40.7158,11
40.7212,5
40.7213,0
40.7375,5
40.7429,4
40.7429,0
40.7484,3
40.7485,1
40.7485,0
40.7487,1
40.7487,0
40.7541,6
40.7596,0
40.765,10
40.7651,6
40.7706,5
40.7815,0
40.7927,8
40.7927,3
40.7982,1
40.7982,0
40.8036,14
40.8037,13
40.8094,11
40.8149,6
40.815,2
40.8204,0
40.8258,1
40.8259,0
40.8313,13
40.8314,8
40.8369,6
40.8369,2
40.8424,0
40.8478,15
40.8533,14
40.8587,13
40.8642,12
40.8642,6
40.8643,0
40.8698,8
40.8752,7
40.8752,6
40.8752,4
40.8807,0
40.8809,8
40.8864,6
40.8864,2
40.8918,0
40.8976,1
40.8976,0
40.9085,12
40.9088,6
40.9143,4
40.9198,0
40.9252,3
40.9253,0
40.9307,3
40.9307,2
40.9362,0
40.9416,7
40.9417,0
40.9471,12
40.9527,6
40.9527,3
40.9582,0
40.9637,6
40.9637,4
40.9692,2
40.9747,0
40.9856,3
40.9857,0
40.9911,3
40.9914,1
40.9916,0
40.997,7
40.9971,4
41.0026,0
41.008,13
41.0138,2
41.0193,0
41.0302,6
41.0302,3
41.0357,0
41.0411,8
41.0412,6
41.0412,0
41.0466,2
41.0576,0
41.063,13
41.063,12
41.0631,10
41.0685,9
41.074,6
41.074,5
41.0795,2
41.0795,0
41.085,5
41.0905,0
41.0906,13
41.0907,10
41.0908,0
41.0963,7
41.0966,0
41.0968,14
41.0969,10
41.097,0
41.1024,2
41.1024,0
41.1078,5
41.1079,3
41.1079,0
41.1133,4
41.1134,0
41.1188,12
41.1189,5
41.119,0
41.1244,11
41.1245,0
41.1299,7
41.6322,2
41.6336,0
41.639,5
41.6445,0
41.6499,11
41.6502,3
41.6503,0
41.6557,6
41.6558,4
41.6612,0
41.6722,1
41.6723,0
41.6777,5
41.6778,0
41.6833,10
41.6887,8
41.6888,6
41.6891,5
41.6945,0
41.6947,8
41.7001,6
41.7002,5
41.7056,4
41.7056,0
41.7057,7
41.7114,2
41.7116,0
41.717,1
41.7225,0
41.7279,11
41.7334,3
41.7389,0
41.7444,5
41.7498,0
41.7661,7
41.7716,6
41.7771,1
41.7772,0
41.7826,10
41.7826,8
41.7881,0
41.7935,13
41.7935,12
41.7938,11
41.7993,2
41.8047,0
41.8101,11
41.8102,8
41.8102,6
41.8105,2
41.8107,0
41.8161,13
41.8216,3
41.827,0
41.8324,12
41.8327,11
41.8437,8
41.8437,6
41.8437,3
41.8491,0
41.8546,10
41.8546,7
41.8601,6
41.8601,2
41.8601,0
41.8709,1
41.8711,0
41.8765,4
41.8765,3
41.882,1
41.882,0
41.8874,9
41.8874,8
41.8929,4
41.8932,3
41.8986,0
41.904,6
41.9041,0
41.9095,5
41.9152,3
41.9207,0
41.9261,1
41.9263,0
41.9317,13
41.932,9
41.9374,6
41.9375,5
41.9429,0
41.943,13
41.9485,0
41.9594,3
41.9648,0
41.9649,6
41.9704,0
41.9758,14
41.9759,0
41.9814,5
41.9816,1
41.987,0
41.9872,10
41.9872,9
41.9927,0
41.9982,2
41.9984,0
42.0039,5
42.0094,0
42.0148,5
42.0149,2
42.0149,0
42.0204,6
42.0257,1
42.026,0
42.0318,13
42.0318,9
42.0376,6
42.0377,0
42.0431,3
42.0432,0
42.0487,2
42.054,0
42.0542,2
42.0596,0
42.065,9
42.065,5
42.0705,0
42.0759,11
42.076,7
42.0814,4
42.0814,0
42.0869,11
42.0923,4
42.0977,0
42.0979,10
42.0981,9
42.0983,0
42.1037,1
42.1038,0
42.1092,9
42.1092,7
42.1147,2
42.1147,0
42.1201,5
42.1204,4
42.1258,0
42.1313,4
42.1367,1
42.1367,0
42.1422,6
42.1424,4
42.1426,0
42.1482,1
42.1483,0
42.1537,13
42.1592,11
42.1647,6
42.1647,2
42.1701,0
42.1755,3
42.181,0
42.1864,5
42.1918,0
42.192,4
42.192,1
42.1974,0
42.2029,1
42.2031,0
42.2087,13
42.2141,5
42.2141,3
42.2196,0
42.225,5
42.2253,2
42.2255,0
42.2309,6
42.2363,0
42.2365,5
42.2419,1
42.2422,0
42.2584,12
42.2585,11
42.2639,3
42.2694,0
42.2802,13
42.2857,11
42.2857,4
42.2859,3
42.2913,0
42.2967,2
42.2968,0
42.3022,4
42.3023,1
42.3077,0
42.3131,13
42.3134,8
42.3189,6
42.3189,3
42.319,0
42.3192,12
42.3192,9
42.3249,8
42.3249,4
42.3304,0
42.3358,1
42.336,0
42.3415,10
42.3417,6
42.3472,3
42.3473,0
42.3475,2
42.3529,0
42.3583,10
42.3638,6
42.3638,5
42.3638,1
42.3693,0
42.3802,1
42.3855,0
42.3857,6
42.3911,5
42.3911,0
42.3965,13
42.3966,12
42.4021,2
42.4075,0
42.4129,14
42.4132,8
42.4187,7
42.4241,6
42.4241,5
42.4242,2
42.4299,0
42.4408,7
42.441,4
42.4411,0
42.4466,2
42.4468,0
42.447,1
42.447,0
42.4578,12
42.458,11
42.458,9
42.4581,0
42.4637,1
42.4637,0
42.4691,11
42.4746,9
42.48,6
42.4801,0
42.4855,8
42.491,6
42.491,5
42.4965,2
42.4965,0
42.4966,13
42.5021,8
42.5021,4
42.5079,1
42.5079,0
42.5133,15
42.5134,12
42.5188,4
42.5243,0
42.5297,12
43.0339,7
43.0351,5
43.0351,3
43.0405,0
43.0462,3
43.0463,2
43.0463,0
43.0517,7
43.0518,2
43.0573,0
43.0627,9
43.063,8
43.0684,6
43.0685,0
43.0686,5
43.0741,1
43.0742,0
43.0796,5
43.0796,0
43.0851,2
43.0851,0
43.0905,1
43.096,0
43.1014,11
43.1069,6
43.107,0
43.1179,3
43.1248,0
43.1302,12
43.1356,9
43.1357,0
43.1465,12
43.152,7
43.1523,0
43.1578,15
43.1636,10
43.1691,8
43.1691,6
43.1691,5
43.1746,0
43.18,1
43.1854,0
43.1908,11
43.1963,0
43.2017,2
43.2018,1
43.2072,0
43.2127,2
43.2127,0
43.2129,6
43.2129,5
43.2183,0
43.2238,8
43.2238,3
43.2293,0
43.2347,3
43.2347,1
43.2349,0
43.2403,3
43.2404,0
43.2459,7
43.2515,4
43.2515,0
43.2517,14
43.2519,12
43.2574,6
43.2574,4
43.2632,0
43.2686,15
43.2687,10
43.2742,6
43.2742,0
43.2796,15
43.2851,11
43.2852,7
43.2906,6
43.2907,0
43.2961,10
43.3016,6
43.3017,2
43.3071,0
43.3125,12
43.3181,6
43.3181,3
43.3236,0
43.3291,13
43.3292,4
43.3347,1
43.3347,0
43.3348,10
43.3403,6
43.3404,3
43.3458,0
43.3513,1
43.3516,0
43.357,8
43.3625,6
43.3625,4
43.3626,0
43.368,3
43.3683,2
43.3738,0
43.3792,12
43.3793,8
43.3847,7
43.3902,6
43.3902,3
43.3957,2
43.4011,0
43.4066,4
43.412,0
43.4121,12
43.4122,9
43.4177,6
43.4177,0
43.4231,11
43.4286,6
43.4287,4
43.4287,0
43.4341,2
43.4396,0
43.445,2
43.445,0
43.4505,14
43.4568,11
43.4569,10
43.4624,6
43.4625,0
43.468,4
43.4683,1
43.4683,0
43.4738,15
43.4741,2
43.4796,0
43.4797,4
43.4851,2
43.4851,0
43.4905,12
43.4906,10
43.4961,7
43.5015,6
43.5016,4
43.507,0
43.5125,2
43.5125,0
43.5179,10
43.5234,6
43.5235,1
43.5289,0
43.5343,12
43.5344,5
43.5399,0
43.5454,13
43.5455,11
43.5456,2
43.551,1
43.5513,0
43.5515,14
43.5569,0
43.5623,10
43.5624,0
43.568,8
43.5738,6
43.5793,0
43.5847,13
43.5847,10
43.5902,9
43.5957,6
43.5957,4
43.6012,3
43.6012,0
43.6175,7
43.6176,0
43.6231,6
43.6231,3
43.6286,0
43.6288,8
43.6288,5
43.6289,0
43.6343,13
43.6344,10
43.6398,6
43.6399,5
43.6399,0
43.6453,5
43.6454,0
43.6563,15
43.6566,9
43.6621,6
43.6622,1
43.6676,0
43.6788,11
43.6789,0
43.6843,6
43.6844,2
43.6899,0
43.6953,14
43.6954,8
43.6954,1
43.7009,0
43.7063,14
43.7064,12
43.7119,6
43.7119,0
43.7173,1
43.7174,0
43.7228,9
43.7229,0
43.7283,15
43.7284,9
43.7286,6
43.7287,0
43.7401,2
43.7404,0
43.7458,13
43.7459,10
43.7514,0
43.7568,13
43.7626,8
43.768,6
43.7681,3
43.7681,0
43.7737,13
43.7792,7
43.7795,6
43.7849,2
43.7904,0
43.8066,1
43.8067,0
43.823,13
43.8232,7
43.8232,6
43.8232,3
43.8286,0
43.8341,10
43.8341,3
43.8343,0
43.8397,14
43.8398,10
43.8399,6
43.84,5
43.8401,4
43.8456,2
43.8456,0
43.8458,11
43.8512,3
43.8512,1
43.8567,0
43.8621,15
43.8677,0
43.8785,1
43.884,0
43.8894,11
43.8897,10
43.8897,8
43.8952,6
43.8952,3
43.9007,0
43.9061,11
43.9061,10
43.9116,1
43.9116,0
43.917,11
43.9178,6
43.9178,5
43.9181,4
43.9224,1
43.9224,0
43.9279,5
43.9279,1
43.9334,0
43.9389,15
43.94,11
43.9401,0
43.95,7
43.9501,4
43.9502,0
43.9556,11
43.9557,9
43.9613,8
43.9668,6
43.9668,5
43.9723,0
43.9778,3
43.9779,1
43.9833,0
43.9887,1
43.9887,0
43.9941,2
43.9996,0
44.005,3
44.0051,0
44.0105,5
44.0116,3
44.0116,0
44.0171,4
44.0173,0
44.0174,9
44.0175,4
44.0176,0
44.0284,3
44.0285,0
44.034,7
44.0394,2
44.0394,0
44.0396,5
44.0449,0
44.0504,6
44.0506,0
44.0508,4
44.0508,3
44.0508,0
44.0563,13
44.0564,8
44.0564,7
44.0565,0
44.0619,1
44.062,0
44.0674,10
44.0677,9
44.0679,8
44.0733,0
44.0842,12
44.0846,9
44.09,7
44.0955,1
44.0955,0
44.1009,5
44.101,0
44.1064,11
44.1119,8
44.1174,6
44.1174,2
44.1228,0
44.1283,6
44.1284,1
44.1284,0
44.1285,12
44.134,7
44.134,1
44.1395,0
44.1449,6
44.145,2
44.1504,0
44.1559,9
44.1561,4
44.1616,3
44.167,0
44.1675,1
44.1729,0
44.1784,15
44.1837,14
44.1838,2
44.1892,0
44.1894,7
44.1897,5
44.1951,0
44.2006,8
44.2007,2
44.2007,0
44.2116,10
44.2117,9
44.2119,3
44.2119,1
44.212,0
44.2174,10
44.2229,1
44.2283,0
44.2337,13
44.2338,12
44.2339,9
44.234,1
44.234,0
44.2449,8
44.2503,0
44.2505,5
44.2505,0
44.2559,3
44.256,2
44.2615,0
44.2669,13
44.2723,8
44.2727,7
44.2727,5
44.2782,1
44.2893,0
44.3003,15
44.3059,6
44.3059,4
44.3113,0
44.3222,14
44.3224,9
44.3225,5
44.3279,3
44.3333,0
44.3335,11
44.339,0
44.3498,8
44.35,0
44.3554,8
44.3557,7
44.3611,1
44.3665,0
44.3667,11
44.3667,10
44.3722,5
44.3725,2
44.3779,0
44.3833,11
44.3834,8
44.3888,2
44.3891,1
44.3945,0
44.3999,2
44.4054,0
44.4108,15
44.4163,7
44.4217,6
44.4218,0
44.4219,14
44.4272,10
44.4272,5
44.4327,0
44.4328,4
44.4329,0
44.4384,5
44.4438,0
44.4439,12
44.4494,0
44.4603,9
44.4606,2
44.4607,0
44.4608,14
44.461,10
44.4665,9
44.472,0
44.4831,2
44.4831,0
44.4886,7
44.4943,3
44.4943,0
44.4999,13
44.5,4
44.5001,0
44.5055,4
44.5109,0
44.5164,15
44.5165,6
44.5219,0
44.5273,1
44.5328,0
44.5382,4
44.5382,2
44.5384,0
44.5438,9
44.5492,8
44.5493,0
44.5548,15
44.5569,11
44.5602,7
44.5605,6
44.5605,4
44.5659,3
44.5659,0
44.5661,4
44.5661,3
44.5716,0
44.5771,4
44.5827,1
44.5827,0
44.5829,12
44.583,4
44.583,0
44.5885,10
44.5885,9
44.5939,6
44.5939,3
44.5942,2
44.5997,1
44.5997,0
44.6051,5
44.6105,4
44.6106,0
44.616,10
44.6161,7
44.6215,0
44.6269,8
44.627,5
44.627,2
44.6324,0
44.6378,7
44.6379,3
44.6433,0
44.6487,12
44.6542,3
44.66,0
44.6654,6
44.6709,0
44.6763,1
44.6763,0
44.6874,6
44.6875,3
44.6987,0
44.7042,9
44.7044,5
44.7099,1
44.71,0
44.7102,5
44.7211,4
44.7265,0
44.7319,14
44.732,9
44.7322,0
44.7376,15
44.7377,10
44.7431,4
44.7486,0
44.754,6
44.7541,0
44.7595,10
44.763,8
44.7634,7
44.7635,3
44.7689,0
44.7691,4
44.7745,0
44.7857,9
44.7912,0
44.802,14
44.8075,7
44.8076,4
44.813,0
44.8184,13
44.8185,2
44.824,0
44.8294,15
44.8295,6
44.8349,0
44.8403,13
44.8404,12
44.8458,5
44.8459,0
44.8513,11
44.8514,0
44.8569,12
44.8572,0
44.8573,6
44.8627,2
44.863,1
44.8685,0
44.8739,13
44.874,7
44.8794,0
44.8848,2
44.8905,0
44.8959,15
44.896,14
44.8961,10
44.8961,9
44.8962,4
44.9016,0
44.907,9
44.9071,0
44.9125,9
44.9127,0
44.9181,5
44.9182,0
44.9236,5
44.9237,0
44.9291,7
44.9292,0
44.9346,14
44.9348,0
44.9402,2
44.9402,0
44.9456,14
44.9458,0
44.9512,7
44.9513,0
44.9676,5
44.9677,2
44.9677,0
44.9731,2
44.9732,0
44.9786,2
44.9787,0
44.9841,4
44.9841,0
44.9895,15
44.9899,8
44.99,0
44.9954,7
44.9955,0
45.0009,10
45.0011,0
45.0065,8
45.0066,2
45.0066,0
45.012,6
45.0121,0
45.0175,7
45.0176,1
45.0176,0
45.023,1
45.0231,0
45.0285,1
45.0285,0
45.0339,8
45.034,1
45.034,0
45.0449,3
45.045,0
45.0504,7
45.0505,0
45.0559,8
45.056,0
45.0669,3
45.0669,1
45.0669,0
45.0723,5
45.0724,0
45.0778,7
45.078,0
45.0834,12
45.0835,0
45.0889,2
45.0893,0
45.0947,2
45.0947,0
45.1001,11
45.1002,9
45.1003,0
45.1057,15
45.1058,7
45.1059,0
45.1113,11
45.1114,0
45.1168,5
45.1169,0
45.1223,6
45.1224,0
45.1278,1
45.1279,0
45.1333,5
45.1334,0
45.1388,13
45.1389,6
45.1389,0
45.1443,2
45.1444,0
45.1498,5
45.1499,0
45.1553,3
45.1554,0
45.1608,7
45.1609,0
45.1663,7
45.1664,6
45.1664,0
45.1718,12
45.172,1
45.172,0
45.1774,1
45.1774,0
45.1883,5
45.1884,0
45.1938,14
45.1942,4
45.1942,0
45.1996,11
45.1998,0
45.2052,8
45.2053,0
45.2107,4
45.2108,0
45.2162,3
45.2163,2
45.2163,0
45.2271,14
45.2273,2
45.2273,0
45.2327,7
45.2328,0
45.2382,6
45.2383,1
45.2383,0
45.2437,14
45.2439,0
45.2493,9
45.2494,0
45.2548,11
45.2549,4
45.255,0
45.2604,6
45.2605,0
45.2659,1
45.2659,0
45.2714,1
45.2714,0
45.2768,11
45.277,0
45.2824,7
45.2824,6
45.2825,0
45.2879,1
45.2879,0
45.2933,15
45.2938,0
45.2993,9
45.3004,5
45.3004,0
45.3005,15
45.306,0
45.3114,2
45.3117,0
45.3227,4
45.3228,0
45.3282,15
45.3283,10
45.3338,6
45.3338,4
45.3393,0
45.3447,9
45.3502,8
45.3556,6
45.3557,1
45.3611,0
45.3665,13
45.3666,8
45.3721,6
45.3721,4
45.3721,1
45.3776,0
45.3885,9
45.3886,3
45.3886,0
45.394,7
45.3941,0
45.3995,1
45.3998,0
45.4053,12
45.4067,7
45.4067,5
45.4069,3
45.4123,0
45.4233,5
45.4235,4
45.4237,0
45.4238,8
45.4238,7
45.4293,6
45.4293,5
45.4293,2
45.4348,0
45.4402,3
45.4456,0
45.451,7
45.4565,6
45.4565,3
45.4619,0
45.4673,13
45.4674,9
45.4729,6
45.4729,4
45.4784,0
45.4841,12
45.4841,8
45.4896,6
45.4897,0
45.4951,13
45.5008,9
45.5063,6
45.5063,1
45.5063,0
45.5065,6
45.512,0
45.5175,8
45.5177,5
45.5232,3
45.5286,0
45.5288,2
45.5342,0
45.5396,8
45.5451,0
45.5505,7
45.556,1
45.5614,0
45.5668,12
45.5723,2
45.5723,0
45.5724,5
45.5779,0
45.5833,6
45.5836,1
45.5837,0
45.5838,7
45.5839,5
45.5841,2
45.5895,0
45.5949,11
45.5951,6
45.5951,4
45.5951,0
45.6063,1
45.6117,0
45.6227,6
45.6231,5
45.6285,3
45.6285,2
45.6339,0
45.6503,6
45.6557,0
45.6611,5
45.6612,2
45.6666,0
45.672,10
46.1792,7
46.1793,3
46.1793,0
46.1847,2
46.1848,0
46.1902,3
46.1956,0
46.2011,4
46.2011,0
46.2065,12
46.2066,11
46.212,10
46.2121,3
46.2178,0
46.2232,15
46.2232,13
46.2233,9
46.2234,4
46.2234,1
46.2288,0
46.2342,10
46.2344,0
46.2398,12
46.2454,0
46.2455,7
46.251,0
46.2564,7
46.2565,2
46.2619,0
46.2673,10
46.2673,9
46.2727,8
46.2728,0
46.2782,7
46.2783,3
46.2837,0
46.2891,5
46.2892,3
46.2892,0
46.2946,2
46.3001,0
46.3055,8
46.3058,3
46.3112,0
46.3113,11
46.3114,9
46.3172,0
46.3226,14
46.3227,9
46.3228,1
46.3228,0
46.3282,15
46.3283,14
46.3337,7
46.3392,0
46.3446,12
46.3447,8
46.3447,4
46.3501,0
46.3556,10
46.3557,2
46.3567,0
46.3621,14
46.3622,10
46.3623,9
46.3624,0
46.3678,3
46.3732,0
46.3787,4
46.3787,3
46.3787,0
46.3841,15
46.3897,4
46.3951,0
46.4006,3
46.4008,0
46.4017,5
46.4062,0
46.4064,1
46.4118,0
46.4173,15
46.423,6
46.423,0
46.4232,4
46.4233,0
46.4287,7
46.4287,5
46.4289,0
46.4343,7
46.4344,0
46.4398,11
46.4403,8
46.4452,3
46.4453,0
46.4615,3
46.4616,0
46.467,9
46.4684,4
46.4684,2
46.4685,0
46.4687,1
46.4741,0
46.4795,14
46.4796,10
46.485,9
46.4905,5
46.4905,1
46.4959,0
46.5014,15
46.5016,8
46.5071,6
46.5071,2
46.5126,1
46.518,0
46.5182,10
46.5238,9
46.5405,5
46.5459,3
46.5461,0
46.5515,14
46.5515,11
46.557,5
46.557,0
46.5624,13
46.5625,9
46.5627,8
46.5629,0
46.5683,13
46.5738,0
46.5739,7
46.5794,0
46.5849,8
46.5903,3
46.5903,0
46.5904,11
46.5959,6
46.5959,2
46.6014,0
46.6068,5
46.6071,2
46.6071,0
46.6072,13
46.6127,6
46.6127,0
46.6236,12
46.6239,11
46.6294,9
46.6349,0
46.6403,13
46.6403,11
46.6404,7
46.6458,1
46.6461,0
46.657,1
46.6624,0
46.6678,6
46.6733,0
46.6787,3
46.6788,0
46.6842,14
46.6897,4
46.6897,0
46.6952,11
46.7007,0
46.7063,10
46.7065,8
46.7065,7
46.712,6
46.712,3
46.7175,2
46.7229,0
46.7285,5
46.7288,0
46.7342,1
46.7397,0
46.7451,6
46.7453,0
46.7507,10
46.7561,4
46.7565,0
46.762,11
46.7674,4
46.7675,0
46.7783,15
46.7784,10
46.7785,9
46.7786,0
46.7894,7
46.7894,6
46.7896,0
46.795,8
46.8005,0
46.8113,7
46.8116,6
46.8171,0
46.8172,9
46.8173,7
46.8227,6
46.8227,5
46.8228,0
46.8282,15
46.8285,14
46.834,10
46.834,5
46.8395,2
46.8449,0
46.8504,7
46.8506,6
46.8506,3
46.8615,2
46.8669,0
46.8671,3
46.8725,0
46.8779,4
46.8834,2
46.8889,0
46.8997,6
46.9052,2
46.9052,0
46.9106,13
46.9109,12
46.9163,10
46.9218,4
46.9218,0
46.922,14
46.9273,4
46.933,3
46.933,0
46.9495,11
46.9498,3
46.9498,2
46.95,1
46.95,0
46.9554,12
46.9556,8
46.9556,5
46.9557,0
46.9611,13
46.9666,0
46.9775,11
46.9829,7
46.9829,3
46.9884,0
46.9993,12
47.0048,4
47.0048,0
47.0102,13
47.0103,11
47.0104,9
47.0105,0
47.0159,13
47.0162,10
47.0162,9
47.0164,8
47.0218,6
47.0218,0
47.022,7
47.022,5
47.0275,4
47.0332,2
47.0332,0
47.0386,4
47.0387,2
47.0441,0
47.0496,7
47.0496,4
47.0554,0
47.0608,10
47.0608,9
47.0609,2
47.0664,0
47.0718,6
47.0718,4
47.0773,0
47.0827,11
47.0827,10
47.0882,6
47.0882,3
47.0937,0
47.0991,13
47.0993,5
47.1047,3
47.1102,2
47.1157,0
47.1211,7
47.1265,0
47.1267,2
47.1267,0
47.1376,5
47.1379,4
47.1434,0
47.1488,8
47.1489,5
47.1547,0
47.1601,2
47.1602,1
47.1656,0
47.1658,1
47.1658,0
47.1769,12
47.1824,4
47.1879,0
47.1933,9
47.1933,8
47.1934,4
47.1989,0
47.2043,4
47.2097,0
47.2099,13
47.2208,6
47.2263,0
47.2317,15
47.2372,12
47.2427,7
47.243,4
47.2485,0
47.2539,3
47.2539,1
47.2597,0
47.2651,2
47.2706,0
47.2761,2
47.2761,0
47.2815,11
47.287,8
47.2925,6
47.2925,3
47.298,0
47.3034,15
47.3035,10
47.309,6
47.3199,0
47.3253,10
47.3255,1
47.3309,0
47.3363,10
47.3364,8
47.3418,3
47.3422,0
47.3476,13
47.8548,8
47.855,0
47.8604,1
47.8605,0
47.8659,15
47.8713,9
47.8728,3
47.8782,0
47.8836,1
47.8891,0
47.8946,11
47.9,7
47.9,4
47.9054,0
47.9056,14
47.911,13
47.9111,0
47.9165,14
47.9166,11
47.922,6
47.922,4
47.9275,0
47.9438,1
47.944,0
47.9441,8
47.9442,4
47.9443,3
47.9443,0
47.9498,14
47.9554,10
47.9556,8
47.9665,6
47.9666,1
47.972,0
47.9776,7
47.9779,0
47.9833,7
47.9835,6
47.9836,0
47.9891,4
47.9945,0
47.9946,2
48,0
48.0054,5
48.0109,0
48.0164,7
48.0218,0
48.0219,13
48.0274,2
48.0328,1
48.0386,0
48.0441,7
48.5451,2
48.5465,0
48.5575,3
48.5576,0
48.563,7
48.5631,0
48.5685,11
48.5686,9
48.5686,7
48.5741,2
48.5744,0
48.5798,9
48.5799,4
48.5799,0
48.5853,7
48.5854,4
48.5911,1
48.5966,0
48.602,4
48.6021,1
48.6075,0
48.6129,4
48.613,0
48.6184,2
48.6185,0
48.6239,5
48.624,2
48.6294,0
48.6349,4
48.6349,2
48.6404,0
48.6458,9
48.6459,3
48.6514,0
48.6568,7
48.6569,4
48.6569,0
48.6623,13
48.6624,9
48.6678,8
48.6733,3
48.6736,0
48.679,8
48.6791,6
48.6846,1
48.6903,0
48.6957,7
48.6958,3
48.7013,0
48.7067,11
48.7068,7
48.7068,6
48.7123,0
48.7177,1
48.7232,0
48.7286,14
48.7341,6
48.7341,4
48.7396,0
48.7451,14
48.7505,7
48.7506,0
48.7507,15
48.7507,14
48.7562,8
48.7617,6
48.7618,0
48.7672,14
48.7727,4
48.7781,0
48.784,8
48.7841,0
48.7895,11
48.7896,4
48.7954,0
48.8008,12
48.8009,9
48.8064,6
48.8064,4
48.8064,2
48.8119,0
48.8173,9
48.8174,0
48.8228,9
48.8229,0
48.8283,1
48.8284,0
48.8338,14
48.8338,13
48.8339,6
48.8341,0
48.845,9
48.8451,7
48.8451,5
48.8506,0
48.856,1
48.856,0
48.8615,7
48.8615,6
48.8616,0
48.867,8
48.867,6
48.8725,1
48.8725,0
48.8779,11
48.8783,5
48.8838,0
48.8892,12
48.8893,6
48.8951,0
48.9074,7
48.9129,0
48.9291,2
48.9292,0
48.9346,8
48.9348,4
48.9348,0
48.9349,7
48.935,4
48.9405,1
48.9459,0
48.9513,11
48.9515,9
48.9515,0
48.9569,9
48.957,7
48.957,2
48.9625,0
48.9683,6
48.9684,1
48.9738,0
48.9792,7
48.9795,6
48.9797,3
48.9851,0
48.9905,1
48.996,0
49.0018,14
49.0071,10
49.0072,2
49.0126,0
49.0127,7
49.0181,6
49.0182,0
49.0236,2
49.0236,1
49.029,0
49.0344,11
49.0399,9
49.0454,6
49.0454,1
49.0509,0
49.0563,7
49.0563,6
49.0621,0
49.0675,3
49.073,0
49.0784,10
49.0838,5
49.0842,0
49.0896,2
49.0896,0
49.095,13
49.0951,12
49.1005,6
49.1009,1
49.1063,0
49.1117,11
49.1119,5
49.112,0
49.1228,4
49.1282,3
49.1282,0
49.1284,2
49.1285,0
49.1339,3
49.1339,2
49.1394,1
49.1395,0
49.145,14
49.1504,6
49.1559,5
49.1559,4
49.1613,2
49.1613,0
49.1723,8
49.1725,7
49.1779,5
49.178,0
49.1781,7
49.1782,5
49.1783,0
49.1837,2
49.1842,0
49.1896,11
49.1897,3
49.1897,0
49.1952,5
49.1953,0
49.2062,14
49.2065,8
49.2066,0
49.2121,4
49.2122,1
49.2122,0
49.2176,10
49.2177,9
49.2178,0
49.2232,12
49.2233,11
49.2288,6
49.2289,0
49.2344,12
49.2398,9
49.2398,4
49.2453,0
49.2454,12
49.2508,4
49.2563,0
49.2617,5
49.2671,1
49.2674,0
49.2675,8
49.273,0
49.284,14
49.2897,9
49.2897,6
49.2899,5
49.2954,2
49.2955,0
49.3009,10
49.3009,9
49.3067,7
49.3121,6
49.3121,4
49.3176,0
49.323,9
49.323,6
49.3232,0
49.3286,13
49.3288,12
49.3343,8
49.3397,2
49.3398,0
49.3452,6
49.3506,4
49.3506,0
49.3508,15
49.3562,9
49.3563,1
49.3617,0
49.3672,13
49.3726,9
49.3729,0
49.3731,14
49.3784,6
49.3839,2
49.3896,0
49.395,14
49.3951,13
49.3952,1
49.3953,0
49.4007,5
49.4061,4
49.4061,0
49.4063,10
49.4119,6
49.4121,2
49.4121,0
49.4175,15
49.4175,14
49.4178,8
49.4232,0
49.4341,6
49.4395,1
49.4396,0
49.445,9
49.445,5
49.4505,3
49.4559,0
49.4723,3
49.4725,0
49.4727,3
49.4781,0
49.4836,6
49.4874,5
49.489,0
49.4891,1
49.4948,0
49.5002,7
49.5057,0
49.5111,10
49.5114,8
49.5168,0
49.517,8
49.517,7
49.5172,5
49.5227,0
49.5335,6
49.5336,5
49.539,4
49.539,0
49.5444,5
49.5445,0
49.5499,7
49.5501,6
49.5503,0
49.5557,11
49.5558,5
49.5612,0
49.5666,6
49.5667,1
49.5668,0
49.5722,10
49.5722,9
49.578,5
49.5835,2
49.5873,0
49.5943,14
49.5946,13
49.6001,7
49.6001,5
49.6056,4
49.611,0
49.6164,7
49.6219,1
49.6222,0
49.633,11
49.6376,8
49.6385,0
49.644,6
49.6494,5
49.6494,4
49.6495,0
49.6496,9
49.6551,0
49.666,13
49.6715,12
49.6769,10
49.6769,8
49.6772,4
49.6827,0
49.6935,13
49.6936,11
49.699,6
49.6994,1
49.7048,0
49.7102,8
49.7103,0
49.7157,13
49.7159,6
49.7159,5
49.7162,2
49.7164,0
49.7218,5
49.7273,0
49.7327,2
49.7328,1
49.7328,0
49.7382,9
49.7383,7
49.7437,0
49.7491,9
49.7492,3
49.7492,0
49.7547,11
49.7548,7
49.7602,3
49.7603,0
49.7659,10
49.766,1
49.7661,0
49.7662,15
49.7716,5
49.7771,0
49.788,8
49.7883,2
49.7937,0
49.7939,2
49.794,0
49.7994,13
49.8049,5
49.805,0
49.8104,9
49.8158,1
49.8216,0
49.8217,7
49.8272,1
49.8272,0
49.8326,1
49.838,0
49.849,9
49.8544,8
49.8545,0
49.8654,15
49.8708,7
49.8763,6
49.8817,2
49.882,0
49.8822,4
49.8876,0
49.893,12
49.8931,5
49.8985,0
49.904,1
49.9094,0
49.9152,2
49.9205,0
49.9207,13
49.9261,7
49.9264,6
49.9319,3
49.9373,0
49.9427,3
49.9428,0
49.9482,15
49.9537,11
49.9537,3
49.9647,0
49.9701,6
49.9755,1
49.9756,0
49.981,12
49.9811,5
49.9868,4
49.9869,0
49.9923,4
49.9924,3
49.9978,0
50.0032,6
50.0036,2
50.009,0
50.0145,8
50.0198,4
50.0199,0
50.02,5
50.0201,2
50.0255,0
50.031,13
50.0312,9
50.0314,5
50.0314,3
50.0369,0
50.0371,11
50.0372,1
50.0372,0
50.0427,11
50.0456,8
50.0456,6
50.0512,0
50.0513,13
50.0513,11
50.0568,3
50.0622,0
50.0677,13
50.0677,11
50.0732,3
50.0786,1
50.084,0
50.0895,8
50.0898,3
50.0952,0
50.1008,5
50.1009,2
50.1009,0
50.1063,9
50.1068,4
50.1123,0
50.1177,7
50.1177,6
50.1232,0
50.1286,12
50.129,4
50.129,2
50.1291,0
50.1346,2
50.1346,0
50.1348,10
50.1348,9
50.1403,0
50.1457,11
50.1512,7
50.1567,6
50.1567,3
50.1621,0
50.1675,13
50.1676,8
50.1731,6
50.1731,5
50.1786,4
50.184,0
50.1895,5
50.1897,1
50.1897,0
50.1899,13
50.1953,3
50.1954,0
50.2008,2
50.2062,0
50.2064,7
50.2065,4
50.2066,0
50.212,4
50.2123,2
50.2123,1
50.2125,0
50.218,13
50.2234,10
50.2234,3
50.2288,0
50.229,15
50.2293,10
50.2347,2
50.2402,0
50.2456,1
50.251,0
50.2564,4
50.2565,3
50.262,2
50.2674,1
50.2728,0
50.2782,4
50.2783,0
50.2838,8
50.2892,1
50.2946,0
50.2948,10
50.2951,3
50.3005,0
50.3059,2
50.3114,0
50.3171,7
50.3171,4
50.3226,1
50.3284,0
50.3447,8
50.3448,0
50.3556,7
50.3611,6
50.3612,0
50.3666,15
50.3721,8
50.3721,6
50.3722,4
50.3776,0
50.3831,14
50.3885,8
50.394,6
50.3941,0
50.3995,2
50.405,0
50.4104,4
50.4105,2
50.4159,0
50.4216,5
50.4216,4
50.4271,3
50.4329,0
50.4383,11
50.4383,7
50.4438,6
50.4438,5
50.4493,1
50.4602,0
50.4656,11
50.4657,8
50.4712,6
50.4712,5
50.4712,0
50.482,14
50.4821,8
50.4824,0
50.4878,13
50.4933,6
50.4933,3
50.4988,0
50.5042,14
50.5043,11
50.5098,8
50.5152,3
50.5155,0
50.5209,12
50.5211,3
50.5211,0
50.5266,13
50.5268,5
50.5323,0
50.5325,12
50.5326,8
50.5384,0
50.5438,4
50.5438,0
50.5493,13
50.5494,0
50.5548,9
50.5551,5
50.5606,0
50.566,12
50.5661,5
50.5716,0
50.577,13
50.577,11
50.5825,6
50.5826,5
50.5826,0
50.588,11
50.5881,7
50.5936,6
50.5936,3
50.5936,0
50.599,9
50.6045,6
50.6046,0
50.61,13
50.6101,8
50.6155,6
50.6156,0
50.621,3
50.6213,1
50.6215,0
50.6269,13
50.627,8
50.6271,2
50.6326,0
50.638,10
50.6383,9
50.6438,7
50.6492,6
50.6493,3
50.6493,0
50.6547,14
50.6656,12
50.6711,9
50.6766,6
50.6767,0
50.6821,14
50.6876,10
50.6876,6
50.6877,0
50.6985,4
50.6986,0
50.7095,12
50.7096,4
50.715,3
50.7211,0
50.7265,10
50.7268,0
50.7322,10
50.7379,9
50.7434,6
50.7435,2
50.7435,0
50.7489,5
50.7544,0
50.7708,7
50.7763,6
50.7763,5
50.7818,4
50.7818,0
50.7874,14
50.7874,8
50.7877,0
50.7986,2
50.7986,0
50.8104,4
50.8106,3
50.816,0
50.8162,1
50.8219,0
50.8273,5
50.8273,3
50.8275,0
50.8329,11
50.8384,0
50.8438,15
50.8442,3
50.8443,0
50.8444,2
50.8445,1
50.8445,0
50.8499,7
50.8554,6
50.8554,5
50.8555,0
50.8609,6
50.8664,2
50.8665,0
50.8719,12
50.8774,7
50.8775,0
50.8829,5
50.883,2
50.8885,0
50.8939,14
50.8993,13
50.8994,7
50.8994,6
50.9052,0
50.9107,1
50.916,0
50.9161,1
50.9215,0
50.9269,14
50.9324,6
50.9325,0
50.9433,13
50.9435,12
50.949,11
50.9545,8
50.96,6
50.96,4
50.9654,2
50.9656,0
50.9657,10
50.9658,7
50.9712,6
50.9712,5
50.9767,3
50.9821,0
50.9875,12
50.993,11
50.9985,0
51.004,15
51.004,14
51.0096,1
51.015,0
51.0151,12
51.0152,6
51.0152,2
51.0207,0
51.0261,6
51.0262,0
51.0316,15
51.0319,13
51.0374,6
51.0374,4
51.0375,2
51.0429,0
51.0484,10
51.0487,5
51.0541,2
51.0541,0
51.0542,3
51.0597,0
51.0652,4
51.0652,0
51.0706,8
51.0707,6
51.0762,0
51.0871,3
51.0871,0
51.0925,14
51.0927,0
51.0981,12
51.0982,10
51.0983,0
51.1037,11
51.1038,4
51.1038,0
51.1092,3
51.1093,0
51.1147,15
51.1148,8
51.1149,0
51.1203,1
51.1203,0
51.1258,6
51.1258,1
51.1259,0
51.1313,14
51.1316,9
51.1317,0
51.1371,3
51.1372,0
51.1426,4
51.1427,2
51.1427,0
51.1481,1
51.1481,0
51.1535,10
51.1537,0
51.1591,4
51.1592,0
51.1646,9
51.1647,0
51.1701,9
51.1702,0
51.1756,2
51.1757,0
51.1811,1
51.1812,0
51.1866,14
51.1867,0
51.1921,12
51.1923,0
51.1977,12
51.7015,11
51.707,9
51.7125,6
51.7126,0
51.718,4
51.7181,3
51.7181,0
51.7236,7
51.7238,3
51.7293,2
51.7293,1
51.7347,0
51.7349,2
51.7349,0
51.7404,8
51.7405,0
51.7407,9
51.7408,1
51.7409,0
51.7463,10
51.7517,5
51.7521,0
51.7575,10
51.7629,4
51.7632,3
51.7687,1
51.7741,0
51.7743,14
51.7798,2
51.7798,0
51.796,8
51.8015,6
51.8015,0
51.807,4
51.8071,0
51.8125,10
51.818,6
51.8181,2
51.8181,0
51.8347,3
51.8402,0
51.8404,9
51.8459,8
51.8459,6
51.8461,2
51.8516,1
51.857,0
51.8572,14
51.8626,8
51.8681,2
51.8684,1
51.8738,0
51.8792,4
51.8793,0
51.8901,8
51.8956,6
51.9011,1
51.9012,0
51.9175,8
51.9176,7
51.9176,0
51.9231,11
51.9231,10
51.9232,4
51.9286,0
51.9343,1
51.9343,0
51.9397,13
51.9452,3
51.9454,2
51.9511,0
51.9565,5
51.9566,0
51.9621,6
51.9622,0
51.9678,9
51.9733,3
51.9736,0
51.9791,10
51.9845,0
51.9847,11
51.99,0
51.9901,15
51.9956,4
52.0011,2
52.0065,0
52.0174,6
52.0228,0
52.0229,14
52.0231,5
52.0231,2
52.0285,0
52.034,1
52.0342,0
52.0398,2
52.0399,0
52.0453,2
52.051,0
52.0618,7
52.062,0
52.0674,14
52.0675,13
52.0732,8
52.0787,0
52.0841,4
52.0896,0
52.095,2
52.095,1
52.1005,0
52.1059,13
52.1114,3
52.1155,0
52.1209,4
52.1264,3
52.1319,0
52.1374,10
52.1376,5
52.1431,0
52.1487,6
52.1541,1
52.1544,0
52.1598,13
52.16,6
52.16,3
52.1655,1
52.1655,0
52.1709,14
52.171,8
52.1764,2
52.1767,1
52.1822,0
52.1876,10
52.1877,8
52.1931,0
52.1986,15
52.204,10
52.204,4
52.2095,0
52.2096,2
52.215,1
52.215,0
52.2204,1
52.2205,0
52.2314,5
52.2368,1
52.2371,0
52.248,14
52.2481,6
52.2535,0
52.2589,5
52.2593,1
52.2647,0
52.2756,1
52.2758,0
52.276,3
52.2761,1
52.2761,0
52.287,9
52.2924,8
52.2925,0
52.2926,10
52.298,9
52.298,4
52.3035,1
52.3144,0
52.3198,7
52.3199,6
52.3253,0
52.3308,4
52.3363,2
52.342,0
52.3529,1
52.8577,0
52.8631,13
52.8631,10
52.8632,0
52.8686,3
52.8687,0
52.8741,13
52.8745,2
52.8746,0
52.88,5
52.8801,0
52.8855,9
52.8856,2
52.8856,0
52.891,2
52.8911,0
52.8965,3
52.8965,0
52.9019,9
52.902,5
52.9021,0
52.9075,7
52.9076,0
52.913,9
52.913,8
52.9131,0
52.9185,14
52.9187,4
52.9187,0
52.9241,4
52.9242,0
52.9296,13
52.9297,7
52.9298,0
52.9367,13
52.9368,10
52.9422,5
52.9423,0
52.9477,2
52.9531,0
52.9532,7
52.9535,0
52.959,1
52.9644,0
52.9645,13
52.9646,12
52.97,5
52.9701,0
52.9755,13
52.9758,11
52.9813,9
52.9813,0
52.9867,1
52.9868,0
52.9923,6
52.9977,2
52.9977,0
52.9979,7
52.9979,4
53.0034,0
53.0088,5
53.0142,0
53.0144,7
53.0198,5
53.0198,0
53.0252,13
53.0308,0
53.0416,13
53.0416,12
53.0417,9
53.0418,0
53.0472,7
53.0473,1
53.0527,0
53.0582,5
53.0584,0
53.0586,15
53.0641,10
53.0641,9
53.0695,7
53.0695,0
53.0861,1
53.0862,0
53.0916,15
53.0971,6
53.1025,0
53.108,13
53.1134,9
53.1135,0
53.1189,1
53.1243,0
53.1297,13
53.1298,5
53.1299,2
53.1353,0
53.1407,2
53.1461,0
53.1515,15
53.1516,11
53.157,7
53.1574,0
53.1628,5
53.1683,0
53.1737,11
53.1738,6
53.1738,5
53.1795,0
53.1849,9
53.185,5
53.1851,0
53.1906,8
53.1916,6
53.1971,0
53.1975,6
53.2029,4
53.2029,0
53.2084,9
53.2138,0
53.2193,11
53.2248,8
53.2302,5
53.2302,0
53.2356,2
53.2357,1
53.2411,0
53.2465,4
53.252,1
53.2574,0
53.2629,1
53.2631,0
53.2632,5
53.2687,0
53.2741,1
53.2798,0
53.2852,12
53.2853,4
53.2907,0
53.2962,5
53.2963,0
53.2964,15
53.2965,11
53.3019,5
53.3022,4
53.3077,0
53.3131,6
53.3131,5
53.3186,2
53.3186,1
53.324,0
53.3294,6
53.3295,2
53.3349,0
53.3404,10
53.3458,0
53.3459,8
53.3461,1
53.3461,0
53.3515,12
53.3515,9
53.357,0
53.3679,2
53.3681,0
53.3683,4
53.3683,1
53.3684,0
53.3738,1
53.3739,0
53.3793,1
53.3794,0
53.3848,7
53.3957,0
53.3958,6
53.3959,5
53.396,3
53.396,0
53.4015,4
53.4017,0
53.4018,5
53.4021,0
53.4075,15
53.4076,13
53.413,10
53.4131,0
53.4185,2
53.4185,0
53.4239,4
53.4242,1
53.4243,0
53.4297,2
53.4352,0
53.4406,8
53.4515,6
53.457,5
53.4624,1
53.4625,0
53.4679,12
53.4682,7
53.4736,0
53.4738,7
53.4792,0
53.4846,9
53.485,8
53.4904,6
53.4905,3
53.4959,0
53.5013,14
53.5013,12
53.5068,8
53.5071,7
53.5125,0
53.5179,5
53.518,4
53.5234,0
53.5288,15
53.5452,10
53.5507,8
53.5507,6
53.5508,1
53.5562,0
53.5616,10
53.5616,9
53.5675,0
53.5729,5
53.5784,0
53.5785,2
53.5839,0
53.5894,9
53.5948,4
53.5949,0
53.6003,6
53.6061,4
53.6115,0
53.6117,10
53.6171,2
53.6226,0
53.6335,5
53.6335,4
53.6389,2
53.6389,0
53.6444,11
53.6498,9
53.6498,0
53.65,10
53.6554,9
53.6554,4
53.6609,0
53.6718,8
53.672,6
53.672,5
53.6775,3
53.6776,0
53.6777,14
53.6832,3
53.6832,2
53.6887,0
53.6944,8
53.6944,6
53.6945,2
53.6999,0
53.7053,8
53.7055,1
53.7055,0
53.7056,15
53.711,11
53.7113,10
53.7168,2
53.7222,0
53.7277,14
53.7277,10
53.7332,8
53.7387,0
53.7441,7
53.7441,4
53.7442,2
53.7496,0
53.7604,15
53.7659,11
53.7717,5
53.7719,0
53.7773,4
53.7828,0
53.7882,9
53.7939,6
53.794,4
53.7941,0
53.7995,12
53.7996,0
53.805,5
53.8051,0
53.8105,12
53.816,6
53.8163,5
53.8165,4
53.8165,1
53.822,0
53.8274,9
53.8328,0
53.833,2
53.8383,0
53.8384,10
53.8439,0
53.8493,8
53.8548,6
53.8602,5
53.8602,0
53.8657,8
53.8711,0
53.8767,13
53.8769,8
53.8824,6
53.8826,0
53.888,12
53.888,8
53.8881,4
53.8938,0
53.8993,6
53.8994,0
53.8995,4
53.8996,3
53.8996,0
53.905,11
53.9105,9
53.9106,0
53.916,7
53.9162,6
53.9217,1
53.9217,0
53.9218,2
53.9272,0
53.9326,8
53.9381,0
53.9435,7
53.9436,0
53.9491,14
53.9491,12
53.96,11
53.9655,9
53.9656,8
53.9657,0
53.9711,11
53.9765,7
53.9768,6
53.9769,0
53.977,12
53.9824,9
53.9825,0
53.988,5
53.988,3
53.9881,0
53.9882,5
53.9883,0
53.9937,2
53.9938,0
53.9993,9
54.005,2
54.0051,0
54.0053,3
54.0054,2
54.0054,0
54.0108,2
54.0109,0
54.0163,5
54.0166,2
54.022,0
54.0222,10
54.0276,9
54.0277,6
54.0331,0
54.0385,4
54.0386,1
54.0441,0
54.0495,15
54.0549,10
54.055,7
54.0604,6
54.0604,3
54.0659,2
54.0659,0
54.0713,14
54.0713,11
54.0768,5
54.0768,0
54.0827,12
54.0828,8
54.0829,0
54.0937,12
54.094,1
54.094,0
54.0994,7
54.0998,1
54.0998,0
54.1052,13
54.1053,8
54.1108,6
54.1108,5
54.1109,0
54.1163,3
54.1221,0
54.1275,11
54.1276,10
54.133,0
54.1385,9
54.1439,4
54.1439,0
54.1441,11
54.1495,4
54.1495,2
54.1549,1
54.1549,0
54.1603,14
54.1604,13
54.1659,4
54.1713,2
54.1768,1
54.1822,0
54.1877,10
54.188,0
54.1935,11
54.1989,5
54.2044,0
54.2102,15
54.2103,8
54.2158,6
54.2158,3
54.2216,0
54.2271,9
54.2272,2
54.2273,0
54.2327,7
54.2328,6
54.2328,0
54.2382,13
54.2437,11
54.2438,3
54.2446,0
54.25,7
54.2555,1
54.2555,0
54.2609,9
54.2611,6
54.2612,0
54.2667,4
54.2667,3
54.2721,2
54.2721,0
54.2775,3
54.2776,0
54.283,6
54.2885,0
54.294,15
54.2942,13
54.2944,10
54.2945,5
54.2946,0
54.2947,5
54.2948,1
54.295,0
54.3058,11
54.3061,9
54.3062,3
54.3116,0
54.3171,2
54.3228,0
54.3282,1
54.3283,0
54.3391,5
54.3446,0
54.3501,14
54.3556,12
54.3558,0
54.3559,6
54.3613,0
54.3667,12
54.3668,5
54.3718,0
54.3776,7
54.3777,6
54.3778,0
54.3887,4
54.389,0
54.4,11
54.4053,5
54.4054,0
54.4113,2
54.4114,0
54.4168,2
54.4168,0
54.4223,12
54.4281,11
54.4335,0
54.4337,5
54.4392,0
54.4555,1
54.4608,0
54.461,9
54.4665,0
54.4719,5
54.4719,3
54.4773,0
54.4827,9
54.4885,7
54.4885,6
54.4939,5
54.494,0
54.4994,7
54.4994,5
54.5049,0
54.5103,2
54.5106,1
54.5161,0
54.5215,8
54.5273,4
54.5327,0
54.5381,14
54.5382,11
54.5436,4
54.5437,0
54.5491,3
54.5492,1
54.5493,0
54.5547,8
54.5549,0
54.5604,4
54.5658,0
54.5659,10
54.566,9
54.5715,0
54.5769,7
54.5769,6
54.577,0
54.5771,14
54.5772,6
54.5827,0
54.5828,7
54.5829,3
54.583,0
54.5884,5
54.5939,0
54.5993,6
54.5996,0
54.5997,13
54.5999,5
54.6,0
54.6054,3
54.6109,0
54.6166,2
54.6166,0
54.622,11
54.6275,0
54.633,6
54.6333,0
54.6443,8
54.6497,0
54.6605,7
54.6606,2
54.6607,0
54.6661,4
54.6715,2
54.6715,0
54.6771,9
54.6826,7
54.6881,6
54.6881,4
54.6935,0
54.6992,12
54.6993,9
54.7102,6
54.7102,5
54.7159,0
54.7214,1
54.7215,0
54.7324,5
54.7327,1
54.7381,0
54.7491,9
54.7491,2
54.7546,0
54.76,4
54.7602,0
54.7656,15
54.7711,8
54.7712,0
54.7766,4
54.7821,0
54.7822,5
54.7876,0
54.793,9
54.7985,5
54.7988,4
54.8097,0
54.8209,9
54.8263,1
54.8317,0
54.8319,2
54.8319,0
54.8431,9
54.8485,2
54.854,0
54.8541,8
54.8596,0
54.865,12
54.8651,7
54.8706,6
54.876,0
54.8869,2
54.8923,0
54.8978,6
54.898,5
54.9034,3
54.9034,0
54.9036,11
54.9089,0
54.9144,2
54.9145,0
54.9147,11
54.9204,8
54.9259,6
54.926,1
54.926,0
54.9314,15
54.9369,13
54.9369,9
54.9372,8
54.9427,7
54.9427,6
54.9427,0
54.9482,5
54.9536,0
54.961,5
54.9665,2
54.972,0
54.9776,11
54.9831,5
54.9834,0
54.9888,13
54.989,0
54.9946,3
55,0
55.0054,13
55.0109,10
55.0112,7
55.0114,0
55.0168,15
55.0168,14
55.0168,13
55.017,9
55.017,3
55.017,1
55.0225,0
55.0282,1
55.0282,0
55.0337,2
55.0338,1
55.0395,0
55.0396,4
55.0451,1
55.0451,0
55.0505,8
55.0559,6
55.056,0
55.0614,11
55.0669,0
55.0777,6
55.0832,5
55.0832,0
55.0941,13
55.0941,12
55.0943,8
55.0943,0
55.1106,15
55.1107,9
55.1107,0
55.1216,14
55.1217,9
55.1218,0
55.1272,8
55.1276,0
55.133,15
55.1331,8
55.1332,0
55.1386,4
55.1387,0
55.1495,15
55.1497,0
55.1551,10
55.1552,0
55.1606,15
55.1607,7
55.1608,0
55.1663,6
55.1664,3
55.1664,0
55.1665,2
55.1666,0
55.172,8
55.1721,0
55.1775,12
55.1776,10
55.1777,0
55.1831,13
55.1832,6
55.1832,0
55.1886,9
55.1888,0
55.1942,1
55.1942,0
55.1996,4
55.1997,0
55.2051,5
55.2052,0
55.2106,7
55.2107,0
55.2161,2
55.2162,0
55.2216,15
55.2217,11
55.2218,0
55.2272,3
55.2275,0
55.2329,6
55.233,0
55.2385,11
55.2385,10
55.2386,0
55.244,10
55.2441,3
55.2441,0
55.2496,14
55.2497,7
55.2498,0
55.2499,15
55.2501,0
55.2555,14
55.2557,0
55.2611,6
55.2612,0
55.2666,9
55.2667,0
55.2721,13
55.2723,0
55.2886,7
55.2887,0
55.305,5
55.3051,0
55.3105,12
55.3106,1
55.3106,0
55.3161,8
55.3162,0
55.3216,14
55.3217,9
55.3217,0
55.3272,2
55.3275,0
55.3329,7
55.333,0
55.3384,2
55.3385,0
55.3439,7
55.344,0
55.3494,11
55.3495,3
55.3495,0
55.3549,1
55.355,0
55.3604,11
55.3605,2
55.3606,0
55.366,15
55.3661,0
55.3715,2
55.3716,0
55.377,11
55.3772,0
55.3826,5
55.3827,0
55.3829,9
55.383,1
55.383,0
55.3938,14
55.394,2
55.394,0
55.3994,8
55.3995,0
55.4049,13
55.405,9
55.4051,0
55.4105,13
55.4106,4
55.4107,0
55.4161,10
55.4162,0
55.4216,3
55.4217,0
55.4271,8
55.4272,0
55.4326,7
55.433,0
55.4384,5
55.4385,3
55.4385,0
55.4439,4
55.444,0
55.4494,6
55.4495,0
55.4549,14
55.4551,0
55.4605,6
55.4605,5
55.4606,0
55.466,13
55.4661,1
55.4661,0
55.4715,12
55.4717,0
55.4771,1
55.4772,0
55.4826,7
55.4827,0
55.4881,10
55.4882,3
55.4882,0
55.4936,7
55.4937,0
55.4991,7
55.4992,4
55.4992,0
55.5046,11
55.5048,0
55.5102,4
55.5103,0
55.5157,9
55.5158,0
55.5212,7
55.5213,0
55.5267,8
55.5268,0
55.5323,9
55.5327,0
55.5381,8
55.5382,0
55.5436,5
55.5437,0
55.5491,2
55.5491,0
55.5546,8
55.5547,0
55.5601,6
55.5601,5
55.5602,0
55.5656,5
55.5657,0
55.5711,7
55.5712,3
55.5712,0
55.5766,14
55.5768,0
55.5822,13
55.5823,0
55.5877,4
55.5878,3
55.5878,0
55.5932,11
55.5947,9
55.5947,6
55.6002,5
55.6068,0
55.6122,4
55.6124,0
55.6179,10
55.6181,4
55.6236,0
55.6238,2
55.6271,0
55.6325,10
55.6382,9
55.6384,5
55.6385,0
55.6387,2
55.6441,0
55.6495,6
55.6496,4
55.6553,0
55.6607,9
55.6658,1
55.6658,0
55.6713,8
55.6767,6
55.6767,4
55.6822,0
55.6824,8
55.6824,2
55.6879,0
55.6933,11
55.6934,10
55.6988,7
55.6989,0
55.7043,1
55.7043,0
55.7154,9
55.7208,5
55.7212,0
55.7266,6
55.7266,5
55.7321,0
55.7375,3
55.7378,1
55.7379,0
55.7433,2
55.7488,0
55.7542,8
55.7543,5
55.7597,0
55.7652,2
55.7761,0
55.7762,8
55.7817,0
55.7871,4
55.7925,0
55.798,3
55.798,0
55.8034,7
55.8035,5
55.8089,0
55.8198,6
55.8201,3
55.8201,1
55.831,0
55.8423,9
55.8425,6
55.8425,1
55.8425,0
55.8479,6
55.848,4
55.8535,2
55.8544,0
55.8598,1
55.8601,0
55.8602,11
55.8603,3
55.8604,0
55.8658,9
55.8659,3
55.8713,1
55.8713,0
55.8767,6
55.8768,2
55.8769,0
55.8823,15
55.8824,14
55.8874,13
55.8874,5
55.8878,0
55.8932,5
55.8933,0
55.8988,11
55.9042,7
55.9043,0
55.9044,10
55.9097,3
55.9151,0
55.9153,7
55.9153,6
55.9208,0
55.9262,13
55.9265,10
55.9319,6
55.9319,1
55.9321,0
55.9323,6
55.9323,5
55.9377,0
55.9432,4
55.9435,0
55.9489,2
55.9544,0
55.9598,5
55.9656,1
55.971,0
55.9764,8
55.9764,5
55.9874,0
56.0036,13
56.0091,11
56.0146,6
56.0146,4
56.0147,0
56.0201,4
56.0202,0
56.0256,13
56.0313,11
56.0314,9
56.0315,8
56.0315,1
56.037,0
56.0425,10
56.0425,5
56.0483,1
56.0537,0
56.0538,12
56.0539,9
56.0541,6
56.0541,4
56.0596,2
56.0597,0
56.0651,8
56.0654,5
56.0708,4
56.0763,2
56.0763,0
56.0765,4
56.0819,0
56.0873,14
56.0928,10
56.0928,0
56.1036,8
56.1037,1
56.1039,0
56.1148,8
56.1149,5
56.1204,0
56.1259,3
56.1317,0
56.1371,8
56.1426,0
56.148,6
56.1535,3
56.1535,0
56.1537,8
56.1592,6
56.1592,0
56.1647,15
56.1701,11
56.1704,5
56.1705,3
56.1705,0
56.1707,12
56.1708,2
56.1708,0
56.1817,6
56.1818,3
56.1872,2
56.1927,0
56.1981,15
56.1982,8
56.2036,5
56.2036,0
56.2091,3
56.2146,1
56.22,0
56.2201,14
56.2256,4
56.231,0
56.2476,15
56.2476,13
56.2531,8
56.2534,6
56.2588,0
56.2642,9
56.2643,4
56.2643,3
56.2697,1
56.2698,0
56.2752,7
56.2806,6
56.2806,1
56.2809,0
56.2973,10
56.3028,9
56.3082,1
56.3137,0
56.3192,7
56.3193,4
56.3194,0
56.3248,13
56.3303,1
56.3303,0
56.3304,13
56.3357,12
56.3358,5
56.3416,0
56.347,11
56.3471,3
56.3472,0
56.3526,6
56.3529,4
56.3584,0
56.3638,14
56.3639,11
56.364,8
56.364,2
56.3642,0
56.3697,4
56.3699,2
56.3699,0
56.3755,7
56.3809,1
56.381,0
56.3864,5
56.3918,3
56.3918,0
56.3972,8
56.4027,6
56.4027,3
56.4082,0
56.4137,6
56.4191,1
56.4191,0
56.4192,6
56.4247,4
56.4302,0
56.4356,4
56.4358,3
56.4413,2
56.4413,1
56.4467,0
56.4469,13
56.4523,5
56.4524,1
56.4578,0
56.4635,2
56.4689,0
56.4743,14
56.4747,12
56.4766,10
56.4766,9
56.4802,0
56.491,3
56.491,0
56.4966,8
56.4967,6
56.4968,0
56.5022,1
56.5023,0
56.5077,6
56.5077,3
56.5132,0
56.5186,11
56.5241,0
56.5242,12
56.5297,3
56.5351,1
56.5351,0
56.5406,10
56.5408,9
56.5463,0
56.5464,9
56.5519,0
56.5573,1
56.5577,0
56.5631,4
56.5686,0
56.5794,7
56.5798,6
56.58,5
56.5854,0
56.5908,9
56.5909,7
56.5963,0
56.6018,5
56.6072,0
56.6074,12
56.6129,1
56.6129,0
56.6183,12
56.6293,9
56.6347,0
56.6402,2
56.6404,0
56.6406,4
56.646,0
56.6623,13
56.6627,7
56.6681,6
56.6736,0
56.6737,12
56.6738,11
56.6738,8
56.6796,7
56.685,5
56.685,0
56.6904,10
56.6959,0
56.7014,6
56.7014,0
56.7069,3
56.707,0
56.7125,14
56.7179,11
56.7179,10
56.7233,9
56.7234,2
56.7289,0
56.729,15
56.7343,6
56.7398,5
56.7452,1
56.7455,0
56.7511,10
56.7566,2
56.7623,0
56.7677,9
56.7678,1
56.7679,0
56.7733,14
56.7788,9
56.7789,6
56.7789,1
56.7843,0
56.79,13
56.7902,9
56.7903,1
56.7957,0
56.8011,12
56.8012,10
56.8066,3
56.8121,0
56.8175,4
56.8175,3
56.8175,2
56.8177,1
56.8231,0
56.8285,11
56.8286,6
56.8341,0
56.8395,7
56.8395,5
56.8449,1
56.8452,0
56.8561,10
56.8616,6
56.8616,0
56.867,12
56.8674,11
56.8674,9
56.8729,6
56.8729,2
56.8784,0
56.8896,8
56.895,0
56.8952,12
56.9005,4
56.9005,0
56.9059,13
56.9114,11
56.9116,0
56.917,11
56.9225,10
56.9226,8
56.928,6
56.928,5
56.9335,0
56.9389,14
56.9444,13
56.9498,9
56.9501,5
56.9556,2
56.961,0
56.9664,6
56.9668,5
56.9723,2
56.9723,1
56.9777,0
56.9831,10
56.9888,9
56.9943,8
56.9997,4
56.9998,0
57.0052,10
57.0053,6
57.0053,3
57.0054,0
57.0164,4
57.0165,0
57.0219,12
57.0274,2
57.0274,0
57.0329,11
57.0384,5
57.0438,0
57.0439,15
57.0493,11
57.0497,3
57.0552,0
57.0606,2
57.066,0
57.0714,5
57.0769,0
57.0826,5
57.0827,0
57.0881,7
57.0884,5
57.0885,2
57.0885,0
57.0887,7
57.0887,3
57.0942,0
57.0996,14
57.1051,6
57.1053,0
57.1107,2
57.1161,0
57.1215,8
57.127,0
57.1379,6
57.1379,5
57.1434,0
57.1488,10
57.1488,6
57.1543,0
57.1598,13
57.16,5
57.1602,0
57.1603,5
57.1604,1
57.1604,0
57.1658,6
57.1713,1
57.1716,0
57.1771,8
57.1825,0
57.1826,12
57.1879,8
57.188,0
57.1935,2
57.1937,0
57.1993,6
57.1995,0
57.2049,13
57.205,7
57.2051,1
57.2105,0
57.216,9
57.216,5
57.2215,0
57.2377,15
57.2378,14
57.2432,12
57.2487,9
57.2487,0
57.2543,10
57.2546,0
57.2548,15
57.2602,2
57.2657,0
57.2711,4
57.7713,0
57.7781,12
57.7837,6
57.7837,2
57.7837,0
57.7892,4
57.7896,2
57.7951,0
57.8005,7
57.8006,2
57.8064,0
57.8118,15
57.8173,6
57.8173,5
57.8228,0
57.8283,2
57.8338,0
57.8392,6
57.8392,4
57.8447,2
57.8502,0
57.8556,14
57.8557,8
57.8557,7
57.8611,6
57.8612,0
57.8721,9
57.8775,0
57.8777,7
57.8831,0
57.8885,10
57.8889,5
57.8944,2
57.8999,0
57.9053,11
57.9054,5
57.9111,4
57.9166,2
57.922,0
57.9274,1
57.9275,0
57.9384,12
57.9439,8
57.9439,6
57.9439,3
57.9494,0
57.9548,6
57.9603,0
57.9657,3
57.9658,0
57.9767,10
57.9768,8
57.9823,6
57.9823,0
57.9825,2
57.9879,0
57.9933,5
57.9989,4
57.9992,0
57.9993,13
58.0048,10
58.0048,6
58.0049,1
58.0106,0
58.016,1
58.0161,0
58.0215,7
58.027,6
58.027,5
58.0325,3
58.0325,2
58.038,0
58.0434,1
58.0488,0
58.0489,2
58.0543,0
58.0597,12
58.0598,3
58.0653,0
58.0707,1
58.0708,0
58.0762,10
58.0871,9
58.0926,4
58.0929,0
58.1038,12
58.1039,5
58.1039,0
58.1093,1
58.1094,0
58.1148,12
58.1151,9
58.1151,5
58.1153,3
58.1208,0
58.1209,10
58.121,7
58.1265,6
58.1265,4
58.1265,0
58.1375,12
58.1377,0
58.1486,2
58.1486,0
58.154,4
58.1541,0
58.1595,4
58.1596,0
58.165,7
58.1651,2
58.1706,0
58.176,14
58.176,10
58.1815,6
58.1815,5
58.187,2
58.187,0
58.1925,8
58.1925,6
58.198,1
58.1983,0
58.2037,13
58.2038,0
58.2147,5
58.2151,1
58.2151,0
58.2205,7
58.2206,0
58.2262,8
58.2263,4
58.2318,0
58.2373,11
58.2428,6
58.2429,0
58.243,11
58.2485,0
58.2608,5
58.2608,1
58.2662,0
58.2716,5
58.2717,0
58.2772,1
58.2774,0
58.2885,14
58.2937,13
58.2938,3
58.2995,0
58.3051,4
58.3053,0
58.3216,4
58.3218,0
58.3274,3
58.3275,0
58.3329,14
58.333,12
58.333,11
58.3385,7
58.344,0
58.3494,1
58.3494,0
58.3548,4
58.3549,0
58.3658,7
58.3712,6
58.3712,5
58.3767,0
58.3768,5
58.3769,3
58.3826,2
58.3881,0
58.3935,7
58.3936,0
58.399,7
58.3994,5
58.4103,4
58.4157,0
58.4212,6
58.4214,0
58.427,13
58.4325,7
58.4379,6
58.438,0
58.4488,7
58.4488,5
58.4544,0
58.4598,4
58.4599,1
58.4599,0
58.4653,9
58.4654,7
58.4708,6
58.4709,2
58.4763,0
58.4872,13
58.4874,12
58.4929,6
58.4929,5
58.4931,0
58.4932,14
58.4933,13
58.4987,4
58.5042,0
58.5099,12
58.5154,3
58.5154,0
58.5208,15
58.5263,9
58.5266,8
58.5321,6
58.5321,0
58.5375,3
58.543,0
58.5484,14
58.5485,8
58.5486,1
58.5541,0
58.5595,14
58.5596,10
58.565,0
58.5705,11
58.5705,10
58.576,9
58.5814,8
58.5814,0
58.5873,4
58.5928,3
58.5928,0
58.5982,8
58.6037,6
58.6037,5
58.6094,4
58.6094,0
58.6148,7
58.615,1
58.615,0
58.6205,1
58.6258,0
58.626,4
58.6262,3
58.6262,2
58.6316,0
58.6425,5
58.648,0
58.6534,14
58.6535,5
58.6589,1
58.6589,0
58.6643,14
58.6645,5
58.6646,4
58.6648,0
58.6702,2
58.6756,0
58.681,10
58.6865,6
58.6868,2
58.6923,0
58.7031,11
58.7032,8
58.7033,0
58.7087,11
58.7142,2
58.7196,0
58.7251,7
58.7254,0
58.7255,13
58.731,4
58.7364,2
58.7419,0
58.7473,10
58.7473,8
58.7473,6
58.7528,5
58.7582,0
58.7637,1
58.7691,0
58.7745,2
58.7745,1
58.7747,0
58.7802,15
58.7803,13
58.7857,11
58.7915,8
58.797,6
58.797,4
58.8024,0
58.8078,3
58.8079,0
58.819,6
58.8191,0
58.8245,7
58.8246,3
58.8303,2
58.8303,0
58.8357,11
58.8413,6
58.8413,3
58.8467,2
58.8468,0
58.8522,2
58.8523,0
58.8524,2
58.8525,0
58.8579,3
58.858,1
58.8634,0
58.8688,6
58.8689,0
58.8743,2
58.8798,0
58.8907,3
58.8908,0
58.8962,10
58.8963,3
58.9018,0
58.9072,4
58.9072,0
58.9126,8
58.913,6
58.9185,2
58.9239,0
58.9294,1
58.9294,0
58.9353,3
58.9405,0
58.9407,11
58.9407,9
58.9408,0
58.9464,5
58.9465,1
58.952,0
58.9628,7
58.9629,0
58.9683,12
58.9684,10
58.9739,6
58.9739,0
58.9794,14
58.9848,13
58.9904,6
58.9904,0
58.9959,8
58.996,0
59.0016,7
59.0017,2
59.0017,0
59.0126,12
59.018,7
59.0184,0
59.0238,7
59.0238,5
59.0293,1
59.0293,0
59.0348,5
59.0351,4
59.0406,0
59.046,5
59.0461,1
59.0515,0
59.057,9
59.0571,1
59.0625,0
59.0734,1
59.0734,0
59.0843,6
59.0844,0
59.0898,6
59.0899,2
59.0899,0
59.0954,5
59.0955,0
59.0956,2
59.0957,0
59.1011,5
59.1012,0
59.1066,4
59.1066,0
59.1121,5
59.1121,2
59.1121,0
59.1175,15
59.1179,10
59.118,0
59.1234,5
59.1235,0
59.1289,13
59.1291,0
59.1345,1
59.1345,0
59.1399,3
59.14,0
59.1454,1
59.1455,0
59.1509,6
59.151,0
59.1564,13
59.1565,0
59.162,2
59.162,0
59.1674,9
59.1675,0
59.173,3
59.173,0
59.1784,5
59.1785,0
59.1839,12
59.1841,0
59.1895,10
59.1896,0
59.1951,1
59.1951,0
59.1953,2
59.1953,0
59.2007,12
59.2009,0
59.2063,6
59.2064,0
59.2118,11
59.2119,3
59.212,0
59.2174,11
59.2175,0
59.2229,8
59.2233,0
59.2287,8
59.2288,0
59.2342,12
59.2343,4
59.2344,0
59.2398,1
59.2398,0
59.2453,9
59.2454,0
59.2508,7
59.2509,0
59.2563,6
59.2564,0
59.2618,1
59.2619,0
59.2673,2
59.2673,0
59.2727,10
59.2728,2
59.2729,0
59.2837,7
59.2838,0
59.2892,2
59.2893,1
59.2893,0
59.2947,8
59.2948,0
59.3002,4
59.3003,0
59.3057,10
59.3059,0
59.3113,2
59.3113,0
59.3167,2
59.3182,0
59.3236,5
59.324,0
59.3294,11
59.3349,2
59.3349,0
59.3403,7
59.3404,5
59.3458,0
59.3512,15
59.3513,7
59.3514,5
59.3568,4
59.3568,0
59.3622,11
59.3677,0
59.3731,11
59.3732,9
59.3786,4
59.3787,0
59.3841,8
59.3841,4
59.3896,0
59.395,11
59.3951,7
59.3952,0
59.4006,3
59.4007,0
59.4061,12
59.4064,2
59.4119,0
59.412,5
59.4174,0
59.4228,11
59.4229,9
59.4286,1
59.4287,0
59.4341,10
59.4342,4
59.4397,0
59.4451,15
59.4452,10
59.4452,9
59.4453,0
59.4507,5
59.4562,4
59.4562,0
59.4616,10
59.4618,0
59.4672,2
59.4673,0
59.4727,15
59.4728,8
59.4728,4
59.4783,0
59.4837,10
59.4838,3
59.4892,0
59.4946,12
59.5001,6
59.5055,3
59.5056,0
59.511,8
59.5111,2
59.5114,0
59.5168,5
59.5171,0
59.5227,9
59.5284,0
59.5394,13
59.5449,0
59.545,6
59.5505,0
59.5613,7
59.5613,6
59.5615,0
59.5669,11
59.5724,5
59.5738,0
59.5847,11
59.5902,1
59.5902,0
59.5957,6
59.6011,0
59.6013,3
59.6066,0
59.612,8
59.6123,3
59.6124,0
59.6126,4
59.618,0
59.6234,6
59.6234,5
59.6235,3
59.6292,0
59.6346,6
59.6347,1
59.6347,0
59.6401,7
59.6455,4
59.6455,0
59.6457,4
59.6511,0
59.6568,13
59.6569,12
59.6569,11
59.6623,8
59.6624,2
59.6678,0
59.6734,8
59.6735,2
59.6736,0
59.6737,15
59.6738,10
59.6793,6
59.6793,2
59.6848,0
59.6902,7
59.6904,1
59.6904,0
59.6958,14
59.6958,11
59.7013,9
59.7068,0
59.7123,5
59.7125,0
59.7127,5
59.7181,0
59.7235,1
59.7236,0
59.729,6
59.7346,5
59.7401,0
59.7403,8
59.7404,5
59.7404,1
59.7405,0
59.7459,2
59.7459,0
59.7571,3
59.7625,2
59.7625,0
59.7679,3
59.7734,0
59.7788,12
59.7843,1
59.7897,0
59.7951,4
59.8006,1
59.8061,0
59.8115,12
59.8115,9
59.8173,7
59.8227,0
59.8282,6
59.8336,1
59.8339,0
59.8393,2
59.8394,0
59.8557,3
59.856,0
59.8561,15
59.8562,6
59.8617,5
59.8672,0
59.8726,13
59.8727,4
59.8782,0
59.8836,13
59.8892,6
59.8892,3
59.8892,0
59.8947,13
59.8948,6
59.9003,0
59.9059,15
59.906,10
59.9115,8
59.9169,6
59.917,0
59.9224,6
59.9225,2
59.9279,0
59.9334,12
59.9334,11
59.9388,6
59.9392,1
59.9446,0
59.9501,14
59.9501,10
59.9502,1
59.956,0
59.9722,14
59.9723,11
59.9778,9
59.9778,6
59.9778,5
59.9833,0
59.9887,13
59.9888,8
59.9888,7
59.9943,6
59.9943,0
59.9998,7
60.0052,6
60.0053,4
60.0053,2
60.0108,0
60.0162,14
60.0162,11
60.0217,9
60.0217,6
60.0218,3
60.0272,0
60.0327,4
60.0328,0
60.0329,14
60.0387,0
60.0441,8
60.0442,6
60.0444,0
60.0498,5
60.0499,1
60.0553,0
60.0608,1
60.0611,0
60.0665,3
60.072,0
60.0774,2
60.0774,0
60.0828,7
60.0829,5
60.0884,0
60.0938,11
60.0938,10
60.0939,3
60.1048,0
60.1157,7
60.1158,0
60.1268,14
60.1269,6
60.1269,5
60.127,0
60.1324,15
60.1379,6
60.138,5
60.1434,0
60.1491,5
60.1492,2
60.1492,1
60.1546,0
60.16,15
60.1604,14
60.1659,6
60.1659,3
60.1769,0
60.1823,11
60.1824,7
60.1879,6
60.1879,4
60.1934,0
60.199,12
60.2045,0
60.2153,4
60.2154,0
60.2208,9
60.2209,2
60.2209,0
60.2264,3
60.2264,1
60.2266,0
60.232,5
60.2321,0
60.2375,7
60.2429,2
60.2433,0
60.2487,9
60.2487,6
60.2542,0
60.2597,3
60.2598,0
60.2656,1
60.2712,0
60.2766,4
60.2766,2
60.2766,0
60.2821,14
60.2875,12
60.2876,0
60.2932,4
60.2987,2
60.2987,0
60.3041,6
60.3042,2
60.3096,1
60.3151,0
60.3206,9
60.3206,8
60.3275,1
60.333,0
60.344,3
60.3496,1
60.3498,0
60.35,2
60.3554,0
60.3608,4
60.3608,1
60.3666,0
60.372,1
60.372,0
60.3774,2
60.3775,0
60.383,6
60.3885,2
60.3939,0
60.3993,11
60.4048,1
60.4048,0
60.4103,10
60.4157,7
60.4157,0
60.4159,8
60.4213,4
60.4213,0
60.4268,10
60.4322,6
60.4325,2
60.438,0
60.4435,4
60.4435,3
60.449,0
60.4547,10
60.4548,6
60.4549,0
60.4603,12
60.4603,11
60.4604,5
60.4658,0
60.4713,14
60.4768,0
60.4771,5
60.4772,0
60.4826,7
60.4881,6
60.4936,0
60.499,3
60.4991,0
60.5153,13
60.5155,10
60.5155,8
60.5155,2
60.521,0
60.5264,6
60.5319,2
60.5322,0
60.543,15
60.5431,11
60.5432,5
60.5487,2
60.5488,0
60.5489,7
60.5598,2
60.5598,0
60.5653,7
60.5653,5
60.5708,0
60.5709,14
60.5711,11
60.5766,6
60.5766,5
60.5766,2
60.5821,0
60.5822,10
60.5876,7
60.5877,0
60.5931,3
60.5986,0
60.604,10
60.6095,2
60.6149,1
60.6204,0
60.6313,6
60.6313,3
60.6371,0
60.6425,4
60.648,0
60.6534,4
61.1592,1
61.1594,0
61.1648,8
61.1703,2
61.1703,0
61.1757,3
61.1758,0
61.1812,8
61.187,2
61.1925,0
61.198,8
61.2034,1
61.2088,0
61.209,12
61.2145,6
61.2145,5
61.22,4
61.2254,1
61.2309,0
61.2363,12
61.2418,6
61.2419,0
61.2528,3
61.2528,2
61.2583,1
61.2637,0
61.2691,11
61.2745,6
61.2749,0
61.2803,2
61.2857,0
61.2858,14
61.2861,11
61.2916,6
61.2916,2
61.2971,0
61.3025,13
61.3026,12
61.308,10
61.3135,6
61.319,0
61.3244,11
61.3245,10
61.3299,6
61.33,0
61.3354,1
61.3408,0
61.3409,14
61.341,8
61.3465,6
61.3465,1
61.352,0
61.3574,2
61.3575,0
61.3629,9
61.3684,6
61.3684,4
61.3738,0
61.3795,11
61.3796,8
61.3865,7
61.3919,1
61.3922,0
61.4031,8
61.4085,0
61.4086,2
61.4141,0
61.4195,11
61.4196,6
61.4197,0
61.4199,5
61.4254,0
61.4308,9
61.4363,8
61.4363,6
61.4417,5
61.4417,0
61.4471,6
61.4473,3
61.4473,0
61.4528,13
61.453,12
61.4533,2
61.4533,1
61.4587,0
61.4588,14
61.4643,2
61.4643,0
61.4752,4
61.4809,1
61.4811,0
61.4865,15
61.4865,13
61.4867,9
61.4867,4
61.4868,0
61.4922,4
61.4925,2
61.4979,0
61.498,11
61.5035,3
61.5089,0
61.5144,13
61.5198,8
61.5198,4
61.5253,0
61.5307,15
61.5362,4
61.5363,0
61.5417,8
61.5419,3
61.5419,0
61.5474,1
61.5474,0
61.5475,2
61.553,0
61.5584,9
61.5587,6
61.5587,5
61.5641,3
61.5641,0
61.5643,10
61.5643,8
61.5645,7
61.5647,0
61.5701,14
61.5755,9
61.5759,4
61.5759,0
61.5868,11
61.5922,5
61.5925,4
61.598,0
61.5982,5
61.6035,0
61.6036,5
61.6091,0
61.6145,9
61.62,7
61.62,6
61.6254,4
61.6254,0
61.6308,2
62.1328,0
62.1396,11
62.1397,7
62.1398,1
62.1452,0
62.1506,13
62.1506,11
62.1509,4
62.1563,3
62.1618,0
62.1672,11
62.1672,9
62.1727,5
62.173,3
62.173,0
62.1839,6
62.184,4
62.1894,0
62.1899,11
62.1953,0
62.2008,7
62.2008,6
62.2062,1
62.2063,0
62.2117,10
62.212,7
62.2174,1
62.2174,0
62.2176,2
62.223,0
62.2284,10
62.2285,8
62.2286,0
62.234,13
62.234,12
62.2395,6
62.2449,0
62.2503,12
62.2506,4
62.256,0
62.2614,7
62.2669,0
62.2724,2
62.2727,0
62.2836,1
62.2945,0
62.3002,15
62.3003,10
62.3058,9
62.3059,0
62.3113,2
62.3117,1
62.3171,0
62.3226,4
62.3279,3
62.3279,0
62.3281,13
62.3281,11
62.3336,4
62.339,0
62.3445,1
62.3498,0
62.35,7
62.3554,0
62.3608,1
62.3609,0
62.3772,15
62.3774,14
62.3775,11
62.383,6
62.383,4
62.3885,1
62.3886,0
62.3887,9
62.3944,8
62.3998,6
62.3999,5
62.3999,4
62.4054,0
62.4108,2
62.4109,0
62.4164,5
62.4166,0
62.4168,1
62.4221,0
62.4276,12
62.4331,3
62.4385,0
62.4439,13
62.444,11
62.444,4
62.4495,0
62.4549,1
62.4603,0
62.4657,2
62.4712,0
62.4766,11
62.4769,10
62.4824,6
62.4824,4
62.4878,0
62.4879,6
62.4934,5
62.4991,3
62.4992,0
62.5046,15
62.5102,7
62.5156,0
62.5211,3
62.5214,0
62.5215,4
62.5216,0
62.527,12
62.527,11
62.5272,9
62.5327,0
62.5382,13
62.5436,6
62.5491,4
62.5491,0
62.5492,11
62.5546,0
62.56,4
62.5601,0
62.5656,4
62.5657,2
62.5711,0
62.5712,4
62.5714,0
62.5768,8
62.5768,7
62.577,2
62.5822,0
62.5877,14
62.588,11
62.5935,0
62.5936,5
62.5992,2
62.5994,0
62.6048,13
62.6048,10
62.6049,9
62.605,0
62.6159,1
62.6213,0
62.6214,13
62.6217,10
62.6217,3
62.6272,2
62.6326,0
62.638,8
62.6381,1
62.6381,0
62.649,9
62.6544,7
62.6599,6
62.6599,4
62.6654,3
62.6708,0
62.6762,12
62.6763,11
62.6763,6
62.6764,0
62.6819,5
62.6822,1
62.6824,0
62.6825,7
62.6879,0
62.6933,10
62.6934,4
62.6989,0
62.7043,2
62.71,1
62.7154,0
62.7209,6
62.7211,5
62.7213,0
62.7214,5
62.7215,2
62.7269,0
62.7324,12
62.7377,11
62.7378,8
62.7378,2
62.7433,0
62.7434,8
62.7489,0
62.7543,3
62.7598,1
62.7598,0
62.7652,12
62.7706,10
62.7707,0
62.7816,13
62.7874,7
62.7929,0
62.7983,15
62.7984,3
62.7986,0
62.804,2
62.8044,0
62.8098,4
62.8152,0
62.8154,3
62.8208,0
62.8262,12
62.8371,6
62.8372,5
62.8426,4
62.8426,1
62.8426,0
62.848,12
62.8534,11
62.8535,0
62.8644,4
62.8645,1
62.8645,0
62.8699,9
62.87,5
62.8754,2
62.8809,0
62.8863,13
62.8864,11
62.8919,6
62.8974,3
62.8974,2
62.9028,0
62.9082,2
62.9086,0
62.914,12
62.9195,9
62.9253,0
62.9307,11
62.9308,5
62.9308,4
62.9363,0
62.9417,14
62.9418,6
62.9419,3
62.9473,0
62.9528,11
62.9583,0
62.9584,13
62.9584,12
62.9639,6
62.9694,5
62.9749,0
62.9804,2
62.9857,0
62.9913,5
62.9914,2
63.0077,0
63.0134,2
63.0135,0
63.0244,9
63.0302,0
63.0356,9
63.0356,8
63.0357,4
63.0412,0
63.0466,15
63.5472,12
63.5472,8
63.5526,3
63.5541,1
63.5541,0
63.5595,6
63.5596,0
63.5705,11
63.5707,0
63.5708,11
63.5762,1
63.5817,0
63.5925,10
63.5926,7
63.5926,6
63.598,4
63.5982,0
63.6036,1
63.6039,0
63.604,9
63.6094,0
63.6148,4
63.6202,0
63.6369,1
63.6369,0
63.6371,9
63.6424,0
63.6479,8
63.6482,7
63.6484,0
63.6485,12
63.654,3
63.6594,0
63.6649,1
63.6649,0
63.6703,1
63.6704,0
63.6812,3
63.6866,1
63.6866,0
63.6867,15
63.6869,8
63.687,3
63.6924,1
63.6924,0
63.6978,8
63.6978,6
63.7033,0
63.7087,3
63.7088,0
63.7199,13
63.72,7
63.7202,0
63.7256,9
63.726,1
63.7314,0
63.7369,1
63.7422,0
63.7424,3
63.7427,1
63.7481,0
63.7535,6
63.759,0
63.7644,2
63.7645,0
63.7699,5
63.7754,1
63.7754,0
63.7808,5
63.7863,0
63.7917,14
63.7972,4
63.8084,0
63.8138,11
63.8193,6
63.8193,0
63.8247,15
63.8248,10
63.825,6
63.8252,0
63.8306,15
63.831,9
63.8364,0
63.8477,1
63.8531,0
63.8585,15
63.8586,11
63.8641,0
63.8695,10
63.8695,8
63.8805,6
63.8805,2
63.886,0
63.8914,6
63.8915,0
63.8969,10
63.897,4
63.9025,0
63.9079,8
63.9079,6
63.9135,0
63.9189,15
63.9189,11
63.9244,6
63.9299,1
63.9302,0
63.9356,5
63.9357,0
63.9411,4
63.9412,0
63.9467,2
63.9525,1
63.9525,0
63.9688,5
63.9689,0
63.9743,5
63.9744,4
63.9744,1
63.9799,0
63.9853,14
63.9854,6
63.9909,0
63.9963,9
64.0018,6
64.0019,3
64.0019,1
64.0073,0
64.0128,7
64.0128,2
64.0183,0
64.0237,4
64.0237,1
64.0237,0
64.0291,4
64.0292,0
64.0346,7
64.035,2
64.0352,0
64.0406,2
64.0407,0
64.0461,5
64.0462,1
64.0462,0
64.0573,3
64.0628,0
64.0682,4
64.0683,0
64.0737,14
64.0792,9
64.0793,6
64.0793,0
64.0904,4
64.0905,0
64.0959,13
64.096,10
64.1014,7
64.1069,6
64.107,0
64.1124,15
64.1124,11
64.1179,9
64.1179,6
64.118,0
64.1234,4
64.1235,1
64.1289,0
64.1344,2
64.1347,0
64.1401,11
64.1456,6
64.1457,0
64.1565,14
64.157,5
64.1625,0
64.1679,8
64.1734,7
64.1734,6
64.1735,3
64.1789,0
64.179,1
64.1791,0
64.1845,4
64.1846,0
64.19,10
64.1901,5
64.1901,0
64.1955,15
64.1956,12
64.1958,8
64.2013,6
64.2013,5
64.2013,3
64.2068,0
64.2122,7
64.2122,6
64.2177,2
64.2177,0
64.2231,7
64.2232,3
64.2287,0
64.2341,1
64.2342,0
64.2507,6
64.2508,4
64.2508,0
64.2563,15
64.2566,8
64.2621,6
64.2621,0
64.2677,11
64.273,3
64.2731,0
64.2732,8
64.2733,0
64.2787,10
64.2788,3
64.2789,0
64.2843,7
64.2844,0
64.2898,10
64.2899,6
64.2899,0
64.3008,12
64.3009,4
64.3009,0
64.3063,6
64.3064,0
64.3118,7
64.3119,3
64.3119,0
64.3228,13
64.3229,3
64.323,0
64.3284,9
64.3285,0
64.3339,4
64.334,2
64.334,0
64.3394,14
64.3398,9
64.3398,0
64.3452,11
64.3454,3
64.3454,0
64.3508,12
64.3509,0
64.3564,4
64.3564,0
64.3618,9
64.362,0
64.3674,1
64.3674,0
64.3729,9
64.3743,0
64.3798,7
64.3799,4
64.38,0
64.3855,9
64.8863,0
64.8986,1
64.9041,0
64.9095,13
64.915,5
64.9204,3
64.9204,0
64.9258,4
64.9259,0
64.9313,1
64.9371,0
64.9425,15
64.9427,13
64.9427,9
64.9428,1
64.9482,0
64.9536,6
64.9591,0
64.9645,15
64.9699,10
64.97,2
64.9758,0
64.9812,6
64.9812,5
64.9867,0
64.9921,13
64.9976,0
64.9977,4
65.0031,0
65.0085,5
65.014,1
65.0141,0
65.0195,4
65.0195,2
65.0249,0
65.0304,2
65.0304,0
65.0359,13
65.0361,11
65.0362,9
65.0363,2
65.0363,0
65.0418,2
65.0421,0
65.0475,13
65.0529,6
65.053,0
65.0531,7
65.0588,6
65.0642,0
65.0696,9
65.0699,1
65.0753,0
65.0808,13
65.0811,5
65.0865,0
65.0867,2
65.0867,0
65.0977,12
65.1032,9
65.1086,4
65.1086,3
65.1087,0
65.1088,13
65.1142,0
65.1196,1
65.1196,0
65.125,13
65.1252,7
65.1252,2
65.1253,0
65.1307,3
65.1361,0
65.1419,1
65.1474,0
65.1528,10
65.1586,8
65.164,0
65.1694,14
65.1696,9
65.1697,2
65.1699,0
65.1754,13
65.1807,9
65.1811,4
65.1865,0
65.1866,9
65.1921,0
65.203,15
65.2031,3
65.2086,0
65.2087,6
65.2142,0
65.2196,2
65.2196,0
65.225,9
65.2305,0
65.236,8
65.236,6
65.2362,4
65.2416,0
65.2473,2
65.2474,0
65.2694,5
65.2749,3
65.2806,2
65.2807,0
65.2861,7
65.2916,0
65.297,9
65.3024,8
65.3025,0
65.308,13
65.3134,3
65.3188,1
65.3243,0
65.3245,4
65.3298,0
65.3352,15
65.3352,13
65.3407,7
65.3465,4
65.3519,0
65.3573,13
65.3574,12
65.3576,8
65.3577,1
65.3577,0
65.3632,9
65.3687,0
65.3741,8
65.3796,0
65.385,12
65.3853,11
65.3962,0
65.3964,2
65.4018,0
65.4072,6
65.4126,0
65.4289,1
65.4289,0
65.4344,10
65.4345,0
65.4401,14
65.4403,4
65.4403,0
65.4463,10
65.4517,3
65.4517,1
65.4572,0
65.4626,9
65.4683,7
65.4685,0
65.4739,2
65.4739,0
65.4794,5
65.4848,0
65.4849,2
65.4851,1
65.4905,0
65.4907,11
65.4962,0
65.5016,8
65.5017,4
65.5019,3
65.502,0
65.5074,10
65.5128,2
65.5183,0
65.5185,15
65.5239,14
65.5239,8
65.5294,1
65.5348,0
65.5402,10
65.5457,0
65.5512,7
65.5514,5
65.5515,1
65.5515,0
65.5517,5
65.5518,3
65.5518,0
65.5572,10
65.5573,5
65.5627,0
65.5681,4
65.5685,3
65.5739,0
65.5793,15
65.5794,14
65.5795,9
65.5795,3
65.5798,0
65.5852,14
65.5906,10
65.5906,8
65.5909,5
65.5964,4
65.5964,1
65.6019,0
65.602,5
65.6075,0
65.6129,15
65.6183,7
65.6238,6
65.6239,0
65.6348,13
65.6402,12
65.6457,9
65.6511,5
65.6515,0
65.6516,9
65.6569,3
65.657,2
65.6624,0
65.6789,6
65.6902,4
65.6957,1
65.7011,0
65.7065,14
65.7067,11
65.7067,5
65.7067,4
65.7177,0
65.7231,5
65.7285,2
65.7285,0
65.734,12
65.7394,10
65.7394,4
65.7449,0
65.7504,13
65.7563,6
65.7564,4
65.7564,0
65.7618,6
65.7673,0
65.7727,13
65.7782,8
65.7785,2
65.7839,0
65.7893,11
65.7951,7
65.8006,0
65.8114,8
65.8168,0
65.817,7
65.8171,4
65.8225,0
65.8226,15
65.8227,13
65.8281,9
65.8282,3
65.8336,0
65.8391,11
65.8445,0
65.8447,10
65.8448,9
65.8449,0
65.8503,3
65.8557,0
65.8611,4
65.8666,0
65.872,2
65.8774,0
65.8831,15
65.8833,7
65.8833,4
65.8835,2
65.8889,0
65.8944,13
65.8946,10
65.9001,7
65.9001,6
65.9001,2
65.9055,0
65.9057,9
65.9059,1
65.9059,0
65.9114,4
65.9167,2
65.9167,0
65.9169,7
65.9169,5
65.9171,2
65.9225,0
65.928,4
65.9334,0
65.9388,10
65.9389,7
65.9443,0
65.9497,10
65.9552,9
65.9552,6
65.9553,1
65.961,0
65.9665,2
65.972,0
65.9721,14
65.9778,11
65.9778,9
65.9833,6
65.9833,5
65.9834,4
65.9835,0
65.9889,12
65.9889,11
65.9944,7
65.9999,1
66.0002,0
66.0056,4
66.0111,0
66.0165,12
66.0219,9
66.022,3
66.0275,0
66.0329,10
66.0384,2
66.0438,0
66.0492,12
66.0547,6
66.0548,1
66.0602,0
66.0656,8
66.0659,7
66.0659,5
66.0768,4
66.0822,0
66.0827,14
66.0881,10
66.0881,4
66.0936,2
66.099,0
66.1045,5
66.1047,3
66.1048,0
66.1049,6
66.1103,1
66.1103,0
66.1157,4
66.1158,1
66.1159,0
66.1214,13
66.1268,6
66.1268,5
66.127,3
66.1325,0
66.1326,13
66.1381,12
66.1436,0
66.149,8
66.1545,6
66.1545,3
66.1599,0
66.1654,8
66.1656,7
66.1711,1
66.1711,0
66.1712,7
66.1767,0
66.1821,12
66.1878,10
66.1933,6
66.1933,0
66.1988,4
66.2041,1
66.2042,0
66.2046,6
66.2047,0
66.2155,6
66.2155,4
66.2157,2
66.2157,1
66.2158,0
66.2213,11
66.2213,9
66.2268,6
66.2268,4
66.2322,0
66.2377,1
66.2431,0
66.2486,9
66.254,0
66.2542,14
66.2597,10
66.2597,9
66.2651,7
66.2651,5
66.2654,0
66.2708,1
66.2709,0
66.2763,9
66.2764,6
66.2818,5
66.2875,3
66.2985,0
66.3039,7
66.3041,6
66.3096,5
66.3097,1
66.3097,0
66.3099,10
66.3153,4
66.3154,3
66.3208,1
66.3208,0
66.3263,9
66.3316,7
66.3317,0
66.3318,6
66.3372,3
66.3372,0
66.3427,2
66.3427,0
66.3536,15
66.3536,14
66.3591,7
66.3591,0
66.3646,10
66.37,4
66.3703,3
66.3703,0
66.3705,11
66.3758,0
66.3814,15
66.387,10
66.3871,8
66.3872,0
66.3926,3
66.3926,1
66.3981,0
66.4035,2
66.4035,0
66.409,6
66.4092,4
66.4147,3
66.4201,2
66.4256,0
66.4257,11
66.4312,2
66.4366,1
66.4366,0
66.4421,4
66.4421,1
66.4475,0
66.4529,11
66.4585,0
66.4639,9
66.4639,8
66.4693,4
66.4696,3
66.4751,0
66.4805,10
66.486,0
66.4861,1
66.4917,0
66.4972,5
66.4972,0
66.5027,2
66.5081,0
66.5139,12
66.5142,0
66.5359,9
66.536,7
66.5361,0
66.5524,13
66.5524,10
66.5578,5
66.5579,0
66.5633,5
66.5688,0
66.5797,6
66.58,0
66.5801,7
66.5802,5
66.5803,0
66.5857,2
66.5857,0
66.5912,10
66.5917,6
66.5971,0
66.6025,2
66.608,0
66.6134,12
66.6189,8
66.6244,6
66.6244,5
66.6245,0
66.6299,9
66.63,5
66.6354,0
66.6409,2
66.6409,1
66.6409,0
66.6463,2
66.6518,0
66.6573,10
67.1629,0
67.163,8
67.1631,6
67.1631,0
67.1685,12
67.1687,0
67.1741,9
67.1742,0
67.1796,1
67.1797,0
67.1851,15
67.1865,10
67.192,0
67.1922,15
67.1976,4
67.1977,3
67.2031,2
67.2031,0
67.2085,2
67.2088,0
67.2142,4
67.2143,2
67.2197,1
67.2197,0
67.2251,8
67.2252,3
67.2306,0
67.236,12
67.2361,7
67.2416,1
67.2416,0
67.247,14
67.2524,12
67.2525,0
67.2579,10
67.2634,0
67.2688,12
67.2689,9
67.2744,0
67.2798,1
67.2852,0
67.2853,14
67.2907,12
67.2907,10
67.291,8
67.2965,0
67.3019,9
67.302,2
67.3074,0
67.3128,7
67.3132,0
67.3241,6
67.3242,2
67.3242,0
67.3243,14
67.3244,13
67.3298,12
67.3298,6
67.3353,0
67.3407,13
67.3462,2
67.3462,0
67.3625,9
67.3626,5
67.3627,4
67.3627,0
67.3681,10
67.3682,1
67.3736,0
67.379,3
67.3791,0
67.3845,3
67.39,0
67.3955,9
67.3957,8
67.4011,0
67.4013,7
67.4068,0
67.4122,3
67.4125,0
67.4179,11
67.9233,6
67.9248,0
67.9302,2
67.9357,0
67.9412,1
67.9414,0
67.9525,6
67.9579,0
67.958,8
67.9581,6
67.9582,0
67.9636,10
67.9636,8
67.9691,6
67.9691,3
67.9692,0
67.9746,13
67.98,12
67.9801,0
67.9802,6
67.9856,0
67.9911,11
67.9966,0
67.9967,14
67.9967,12
68.0023,6
68.0023,4
68.0078,1
68.0132,0
68.0186,11
68.0188,1
68.0242,0
68.0296,3
68.03,0
68.0408,4
68.0409,0
68.0464,9
68.0466,8
68.0521,7
68.0575,6
68.0576,0
68.0577,1
68.0578,0
68.0632,1
68.0632,0
68.0687,6
68.0741,3
68.0742,0
68.0796,13
68.0797,7
68.0851,6
68.0852,2
68.0907,0
68.0961,1
68.0962,0
68.1018,7
68.1019,0
68.1073,9
68.1074,4
68.1128,3
68.1129,0
68.1297,1
68.1298,0
68.1352,8
68.1353,4
68.1408,3
68.1465,0
68.1466,3
68.1522,0
68.1576,2
68.1576,0
68.163,13
68.1631,11
68.1631,8
68.1686,6
68.1687,0
68.1741,15
68.1741,12
68.1742,0
68.1797,10
68.1799,0
68.18,11
68.1855,2
68.191,1
68.191,0
68.1964,13
68.1965,7
68.2019,6
68.202,1
68.202,0
68.2128,1
68.2129,0
68.2183,1
68.2238,0
68.2293,2
68.2349,0
68.235,13
68.2351,7
68.2354,0
68.2408,10
68.2409,6
68.2409,1
68.2464,0
68.2518,13
68.2521,11
68.2522,2
68.2576,0
68.2578,12
68.2578,9
68.2633,6
68.2633,2
68.2688,0
68.2742,15
68.2743,11
68.2743,9
68.2798,6
68.2798,4
68.2853,3
68.2908,1
68.2908,0
68.2962,3
68.2962,1
68.3017,0
68.3071,4
68.3072,1
68.3126,0
68.3181,11
68.3181,6
68.3236,1
68.3237,0
68.3346,14
68.3349,10
68.3404,6
68.3405,1
68.3405,0
68.3518,8
68.3519,4
68.3521,1
68.3576,0
68.3684,12
68.3696,11
68.375,8
68.3751,0
68.386,7
68.3914,0
68.3916,4
68.397,0
68.4024,6
68.4025,2
68.4079,0
68.4133,2
68.4134,0
68.4188,7
68.4191,5
68.4246,0
68.4301,2
68.4302,0
68.4356,15
68.4359,14
68.4414,11
68.4524,6
68.4524,5
68.4578,0
68.4633,10
68.4688,6
68.4688,0
68.469,13
68.4744,5
68.4799,0
68.4853,9
68.4853,7
68.4908,0
68.4962,9
68.4963,0
68.5017,1
68.5019,0
68.5074,1
68.5075,0
68.513,6
68.5183,2
68.5187,0
68.5188,10
68.5243,1
68.5297,0
68.5351,14
68.5409,4
68.5464,1
68.5465,0
68.5519,13
68.5577,10
68.5632,0
68.5686,13
68.5686,11
68.5741,7
68.5741,3
68.5796,1
68.585,0
68.5904,4
68.5905,0
68.5959,8
68.5959,5
68.5959,4
68.6014,2
68.6014,0
68.6068,11
68.6069,4
68.6071,3
68.6125,0
68.6179,8
68.618,3
68.618,0
68.6234,6
68.6235,5
68.6238,4
68.6292,0
68.6346,9
68.6347,8
68.6349,0
68.646,3
68.6461,1
68.657,0
68.6625,8
68.6628,0
68.663,15
68.6684,5
68.6739,4
68.6793,3
68.6848,0
68.6902,4
68.6902,0
68.6957,11
68.7012,7
68.7012,0
68.7014,12
68.7014,7
68.7016,0
68.707,5
68.7071,2
68.7072,0
68.7126,10
68.718,8
68.718,1
68.7238,0
68.7239,1
68.7294,0
68.7348,11
68.7402,6
68.7403,2
68.746,0
68.7514,4
68.7515,0
68.757,14
68.7624,10
68.7627,6
68.7681,0
68.7683,8
68.7683,5
68.7684,3
68.7685,0
68.7739,5
68.774,0
68.7794,3
68.7848,0
68.7902,5
68.7903,3
68.7903,1
68.7957,0
68.8011,12
68.8066,11
68.8066,6
68.8121,0
68.8175,11
68.8175,9
68.823,0
68.8285,1
68.8287,0
68.8451,15
68.8505,9
68.8615,6
68.8615,2
68.8615,0
68.8671,11
68.8673,9
68.8728,6
68.8728,1
68.8783,0
68.8784,5
68.8838,0
68.8892,9
68.8947,1
68.9001,0
68.9055,3
68.9056,0
68.9164,1
68.9165,0
68.922,2
68.9223,0
68.9225,12
68.9279,8
68.9282,3
68.9283,0
68.9337,7
68.9392,0
68.9393,2
68.9446,0
68.9447,4
68.9448,1
68.9502,0
68.956,13
68.9615,0
68.9616,3
68.9617,1
68.9617,0
68.9618,2
68.962,0
68.9674,12
68.9677,10
68.9677,7
68.9732,6
68.9732,3
68.9786,0
68.9787,4
68.9842,0
68.9896,7
68.9897,3
68.9951,2
68.9952,0
69.0006,14
69.0007,11
69.0008,10
69.0009,0
69.0066,6
69.012,2
69.012,0
69.0121,15
69.0176,6
69.023,4
69.0285,0
69.0339,15
69.0342,9
69.0342,4
69.0397,2
69.0451,0
69.0453,5
69.0507,0
69.0564,2
69.0619,0
69.0673,13
69.0676,10
69.0731,6
69.0786,0
69.084,9
69.084,6
69.0895,5
69.0895,2
69.0949,0
69.1004,11
69.1004,8
69.1007,1
69.1008,0
69.1062,4
69.1062,1
69.1117,0
69.1171,11
69.1172,9
69.1227,6
69.1227,4
69.1281,0
69.1336,3
69.1338,1
69.1338,0
69.134,13
69.1394,7
69.1394,5
69.1448,3
69.1449,0
69.1503,13
69.156,9
69.1615,7
69.1615,6
69.1615,1
69.167,0
69.1724,7
69.1725,6
69.1726,0
69.178,3
69.178,2
69.1835,1
69.1889,0
69.1943,9
69.1944,6
69.1944,4
69.1998,3
69.1998,0
69.2052,12
69.2053,7
69.2108,0
69.2216,3
69.2271,0
69.2325,12
69.2383,6
69.2384,0
69.2439,5
69.2493,0
69.2494,1
69.2549,0
69.2662,1
69.2662,0
69.2831,11
69.2886,10
69.294,9
69.294,0
69.2996,15
69.3052,13
69.3106,7
69.3106,2
69.3161,0
69.3215,12
69.3215,9
69.3217,0
69.3271,3
69.3326,0
69.338,4
69.3383,2
69.3383,0
69.3384,4
69.3439,0
69.3493,9
69.3493,7
69.3548,6
69.3548,2
69.3605,0
69.3659,8
69.366,6
69.3715,0
69.3771,5
69.3773,2
69.3828,0
69.3883,9
69.3884,3
69.3885,0
69.3939,15
69.394,12
69.394,9
69.3994,3
69.3994,0
69.4103,9
69.4104,5
69.4158,1
69.4158,0
69.4212,4
69.4267,0
69.4321,5
69.4322,0
69.4431,8
69.4434,2
69.4488,0
69.4543,2
69.4597,0
69.4654,12
69.4709,2
69.4764,0
69.4819,1
69.4821,0
69.4822,2
69.4876,0
69.493,10
69.4985,0
69.504,4
69.5094,0
69.5095,15
69.515,3
69.5204,0
69.5259,3
69.5313,0
69.5314,6
69.5369,0
69.5423,4
69.5423,0
69.5478,13
69.548,10
69.5481,9
69.5482,0
69.5484,6
69.5484,5
69.5539,0
69.5593,3
69.5595,2
69.5649,0
69.5706,6
69.5762,0
69.587,4
69.5872,3
69.5927,0
69.5983,10
69.6036,2
69.6037,0
69.6038,3
69.6092,0
69.6202,7
69.6256,0
69.6257,2
69.6312,0
69.6366,12
69.6421,4
69.6422,2
69.6476,1
69.6476,0
69.653,3
69.6533,2
69.6587,0
69.6588,12
69.659,8
69.6645,3
69.6648,2
69.6703,0
69.6757,7
69.6758,6
69.6758,0
69.676,11
69.6815,2
69.6872,0
69.6927,10
69.6981,2
69.7035,0
69.7037,5
69.7037,3
69.7092,2
69.7146,0
69.72,2
69.7254,0
69.7308,8
69.7309,3
69.7364,0
69.7419,15
69.7419,12
69.742,10
69.7421,0
69.748,12
69.7481,9
69.7482,3
69.7482,2
69.7536,0
69.759,6
69.7645,4
69.7702,3
69.7702,0
69.7756,15
69.7868,14
69.7869,10
69.787,5
69.787,0
69.7924,9
69.7979,0
69.8196,4
69.8197,1
69.8197,0
69.8306,3
69.8306,0
69.836,15
69.8415,7
69.847,6
69.847,2
69.8528,0
69.8582,13
69.8636,9
69.8637,1
69.8691,0
69.8748,2
69.8749,1
69.8803,0
69.8857,2
69.8911,0
69.8966,9
69.8969,1
69.8969,0
69.897,13
69.9025,5
69.9025,4
69.9079,2
69.9079,0
69.9133,5
69.9134,2
69.9188,0
69.9242,2
69.9243,0
69.9298,7
69.9299,1
69.9301,0
69.9355,12
69.941,1
69.941,0
69.9464,5
69.9518,4
69.9518,1
69.9521,0
69.9576,7
69.9576,6
69.9577,0
69.9631,15
69.9686,1
69.9743,0
69.9797,12
69.9798,7
69.9799,0
69.9853,1
69.9854,0
69.9909,3
69.9911,2
69.9965,0
69.9966,10
69.9967,8
70.0021,7
70.0023,0
70.0133,7
70.0134,0
70.0135,1
70.0135,0
70.0244,4
70.0244,1
70.0245,0
70.0299,9
70.0354,7
70.0354,1
70.0409,0
70.0517,9
70.0518,6
70.0519,0
70.0573,13
70.0576,7
70.0576,4
70.0631,2
70.0685,0
70.0686,8
70.0744,0
70.0798,6
70.0798,5
70.08,0
70.0854,1
70.0909,0
70.1017,7
70.102,6
70.1021,4
70.1021,0
70.1023,2
70.1077,1
70.1077,0
70.1131,11
70.1132,4
70.1187,3
70.1241,0
70.1295,10
70.135,6
70.135,0
70.1459,15
70.1459,12
70.1514,4
70.1514,0
70.1626,3
70.1626,2
70.168,1
70.1681,0
70.1735,7
70.1792,6
70.1793,5
70.1793,0
70.1847,14
70.1848,13
70.1903,6
70.1903,5
70.1903,3
70.1957,2
70.1957,0
70.2011,12
70.2015,10
70.2017,7
70.2018,0
70.2072,15
70.2074,7
70.2128,0
70.2182,5
70.2184,4
70.2239,0
70.2294,6
70.2348,3
70.2348,0
70.2404,4
70.2458,1
70.2458,0
70.2513,1
70.2566,0
70.2568,12
70.2622,8
70.2626,0
70.268,6
70.268,5
70.268,4
70.2734,3
70.2735,0
70.2789,7
70.2792,4
70.2847,1
70.2902,0
70.301,1
70.3013,0
70.3123,9
70.3125,8
70.3179,2
70.318,0
70.3234,9
70.3289,6
70.3289,0
70.3291,8
70.3345,0
70.34,10
70.34,9
70.3455,1
70.351,0
70.3511,13
70.3512,10
70.3566,6
70.3566,2
70.3624,0
70.3733,7
70.3787,0
70.3842,8
70.3899,1
70.3899,0
70.39,11
70.3902,5
70.3902,1
70.3957,0
70.4011,10
70.4014,7
70.4069,2
70.4069,0
70.4178,3
70.4179,0
70.4233,1
70.4287,0
70.4341,9
70.4344,5
70.4398,2
70.4398,0
70.4452,13
70.4453,2
70.4508,1
70.4508,0
70.4563,11
70.4564,5
70.4564,3
70.4619,0
70.4728,5
70.473,0
70.4732,2
70.4733,0
70.4787,7
70.4842,2
70.4845,0
70.4954,8
70.5008,2
70.5011,1
70.5066,0
70.5068,6
70.5122,0
70.5176,2
70.523,0
70.5285,4
70.5339,0
70.534,10
70.5395,1
70.545,0
70.5504,10
70.5558,5
70.5559,0
70.5613,8
70.5667,4
70.567,1
70.5671,0
70.5834,2
70.5891,1
70.5892,0
70.5893,13
70.5947,9
70.5948,1
70.6002,0
70.6056,7
70.606,4
70.6062,0
70.6116,12
70.6117,8
70.6118,1
70.6172,0
70.6174,15
70.6174,14
70.6229,3
70.6229,1
70.6284,0
70.6338,3
70.6339,1
70.6393,0
70.6555,13
70.6556,10
70.6611,6
70.6611,4
70.6665,2
70.6667,0
70.6721,7
70.6724,5
70.6778,0
70.6779,14
70.6834,6
70.6888,1
70.6891,0
70.6945,1
70.6946,0
70.7,11
70.7058,5
70.7113,0
70.7114,2
70.7115,0
70.7169,6
70.717,2
70.7172,1
70.7227,0
70.7281,11
70.7336,0
70.7337,14
70.7339,1
70.7339,0
70.7395,14
70.7449,8
70.7504,1
70.7504,0
70.7559,3
70.7614,0
70.7668,14
70.7668,10
70.7669,6
70.767,0
70.7725,11
70.7727,8
70.7782,6
70.7782,2
70.7783,0
70.7784,3
70.7838,0
70.7892,4
70.7946,0
70.8003,13
70.8004,7
70.8059,6
70.8059,3
70.8117,0
70.8172,12
70.8173,1
70.8173,0
70.8174,9
70.8229,0
70.8283,4
70.8285,0
70.8339,3
70.8339,1
70.8339,0
70.8394,3
70.8396,0
70.8452,9
70.8507,0
70.8561,1
70.8561,0
70.8616,6
70.867,0
70.8671,7
70.8725,3
70.8729,0
70.8783,11
70.8837,4
70.8892,0
70.8893,4
70.895,3
70.9004,0
70.9058,6
70.9059,2
70.9059,1
70.9113,0
70.9167,13
70.9221,12
70.9223,9
70.9278,6
70.9279,0
70.9333,2
70.9388,0
70.9497,2
70.9498,0
70.9607,5
70.9608,0
70.9662,2
70.9665,0
70.9828,10
70.9828,7
70.9883,6
70.9883,4
70.9883,0
70.9937,3
70.9992,0
71.0049,7
71.005,1
71.0105,0
71.0159,11
71.0162,8
71.0217,6
71.0217,4
71.0272,0
71.0273,14
71.0328,6
71.0329,4
71.0384,0
71.0438,5
71.0438,1
71.0493,0
71.0547,7
71.0548,1
71.0603,0
71.0657,8
71.0712,6
71.0713,0
71.0714,1
71.0768,0
71.0822,4
71.0877,0
71.0931,11
71.0933,0
71.1099,10
71.1099,5
71.1157,0
71.1211,5
71.1212,4
71.1212,0
71.1266,4
71.1321,0
71.1376,9
71.1377,1
71.1432,0
71.1433,9
71.1434,5
71.1489,1
71.1544,0
71.1598,1
71.1598,0
71.1652,2
71.1653,1
71.1707,0
71.1761,3
71.1762,0
71.1925,12
71.1926,11
71.1926,4
71.1981,0
71.2036,3
71.209,0
71.2095,14
71.215,0
71.2205,11
71.2207,9
71.2262,6
71.2262,2
71.2262,0
71.2264,14
71.2264,12
71.2319,6
71.232,2
71.2374,0
71.2428,8
71.2428,7
71.2429,0
71.2483,13
71.2538,6
71.2538,4
71.2593,0
71.2702,14
71.2703,12
71.2757,10
71.2758,6
71.2758,1
71.2813,0
71.2867,6
71.2868,2
71.2922,0
71.2976,8
71.2977,3
71.3032,0
71.3089,12
71.309,3
71.309,0
71.3199,6
71.3202,3
71.3202,0
71.3204,3
71.3258,0
71.3312,10
71.8355,0
71.8409,12
71.8463,10
71.8464,2
71.8465,1
71.852,0
71.8574,15
71.8574,13
71.8629,9
71.8684,6
71.8684,5
71.8738,0
71.8792,6
71.8793,5
71.8847,4
71.8902,3
71.9014,0
71.9069,8
71.9124,6
71.9124,2
71.9181,0
71.9182,11
71.9237,6
71.9237,5
71.9292,2
71.9293,0
71.9347,5
71.935,3
71.9405,0
71.9514,10
71.9514,9
71.9569,6
71.9569,5
71.9571,0
71.9625,5
71.968,3
71.968,0
71.9734,2
71.9735,0
71.9789,3
71.9843,0
71.9844,14
71.9898,13
71.9899,5
71.9954,1
72.0008,0
72.0063,9
72.0065,4
72.012,0
72.0121,3
72.0175,0
72.0229,13
72.0286,10
72.0288,0
72.0342,6
72.04,4
72.0455,0
72.0509,9
72.0509,5
72.0509,4
72.0564,2
72.0564,0
72.0618,10
72.0673,6
72.0673,2
72.0727,0
72.0781,5
72.0836,0
72.0945,13
72.0946,4
72.1001,0
72.106,13
72.1115,5
72.1115,3
72.1169,0
72.1223,8
72.1227,6
72.1282,0
72.1337,1
72.1391,0
72.1446,12
72.1449,7
72.1503,6
72.1504,5
72.1505,0
72.1559,9
72.1613,6
72.1614,1
72.1614,0
72.1668,14
72.1724,7
72.1778,0
72.1832,9
72.1887,3
72.1887,1
72.1942,0
72.1996,14
72.1996,11
72.2051,7
72.2054,5
72.2108,0
72.2162,8
72.2163,5
72.2218,3
72.2218,0
72.2273,4
72.2276,0
72.2278,1
72.2331,0
72.2385,2
72.2386,0
72.2495,12
72.2497,10
72.2498,9
72.2499,0
72.2607,5
72.2608,0
72.2662,13
72.2717,5
72.2717,0
72.2718,14
72.272,4
72.2774,0
72.2828,11
72.2829,9
72.2884,8
72.2938,0
72.2992,1
72.2993,0
72.3047,14
72.3102,12
72.3102,3
72.3105,0
72.3161,3
72.3215,0
72.3269,6
72.3272,4
72.3327,0
72.3381,2
72.3382,0
72.3383,7
72.3438,0
72.3492,12
72.3546,9
72.3547,6
72.355,5
72.3604,4
72.3607,3
72.3658,0
72.3713,14
72.3714,6
72.3768,4
72.3823,0
72.3932,15
72.3933,11
72.3987,5
72.3988,2
72.399,0
72.4044,15
72.4044,11
72.4099,0
72.4156,9
72.4158,6
72.416,0
72.4214,13
72.4215,3
72.4269,1
72.4269,0
72.4324,8
72.4327,7
72.4381,6
72.4382,3
72.4382,0
72.4491,10
72.4493,7
72.4548,6
72.4548,2
72.4548,0
72.455,9
72.455,8
72.4605,6
72.4605,1
72.466,0
72.4714,2
72.4768,0
72.4931,12
72.4931,11
72.4932,9
72.4933,1
72.4934,0
72.4988,11
72.5043,5
72.5097,0
72.5152,10
72.5154,8
72.5209,6
72.5209,4
72.5263,0
72.5265,6
72.5266,5
72.5266,4
72.5266,0
72.532,15
72.5324,13
72.5324,10
72.5379,0
72.5433,13
72.5488,7
72.5491,6
72.5546,2
72.56,1
72.5655,0
72.5656,12
72.571,11
72.5711,2
72.5766,0
72.5821,7
72.5875,6
72.5876,1
72.593,0
72.6039,12
72.604,9
72.6094,3
72.6148,0
72.6203,8
72.6204,4
72.6204,0
72.6206,14
72.626,9
72.626,4
72.6315,2
72.6372,1
72.6373,0
72.6427,15
72.6482,6
72.6537,2
72.6537,0
72.6594,15
72.6649,13
72.6703,12
72.6704,0
72.676,12
72.6815,0
72.6924,13
72.6925,6
72.6926,0
72.7089,11
72.7144,3
72.7201,0
72.7255,14
72.7256,12
72.7256,10
72.7311,6
72.7366,1
72.7369,0
72.7423,14
72.7424,3
72.7479,0
72.7533,5
72.7534,3
72.7535,2
72.7535,0
72.7589,15
72.7592,14
72.7647,9
72.7647,6
72.7647,5
72.7702,0
72.7703,14
72.7757,6
72.7812,0
72.7974,1
72.8028,0
72.8082,6
72.8083,0
72.8137,4
72.8139,0
72.8194,3
72.8196,0
72.8197,14
72.8198,13
72.8252,9
72.8253,3
72.8255,0
72.8309,11
72.8309,10
72.8364,1
72.8418,0
72.8475,14
72.8476,7
72.8477,1
72.8479,0
72.8587,5
72.859,0
72.8592,7
72.8645,1
72.8645,0
72.8646,6
72.8648,0
72.8702,11
72.8703,10
72.8703,4
72.8758,1
72.8812,0
72.8866,13
72.8867,8
72.8869,7
72.8923,3
72.8923,1
72.8923,0
72.8978,6
72.9031,5
72.9032,0
72.9033,1
72.9034,0
72.9089,14
72.9143,6
72.9197,3
72.9252,0
72.9253,10
72.9255,1
72.931,0
72.9423,10
72.9423,4
72.9425,0
72.9479,9
72.9534,0
72.9588,1
72.9589,0
72.9644,2
72.9646,0
72.9758,3
72.9758,0
72.9813,7
72.9867,6
72.9867,3
72.9922,0
72.9923,12
72.9977,11
72.9978,0
73.0032,12
73.0033,11
73.0087,2
73.0087,1
73.0142,0
73.0196,12
73.0196,10
73.0197,9
73.0198,3
73.0198,0
73.0253,15
73.0255,10
73.0257,8
73.0312,6
73.0312,4
73.0366,1
73.0366,0
73.0368,1
73.0422,0
73.0476,2
73.0479,0
73.0533,5
73.0588,0
73.0642,15
73.0646,13
73.07,10
73.0701,8
73.0755,7
73.0755,0
73.0809,6
73.081,1
73.0864,0
73.0918,15
73.0919,11
73.0919,10
73.0974,8
73.1029,6
73.1083,0
73.1138,11
73.1192,2
73.1192,0
73.1194,2
73.1194,0
73.1249,11
73.1251,9
73.1253,0
73.1254,8
73.1255,7
73.1309,1
73.1311,0
73.1366,1
73.1419,0
73.1421,8
73.1477,6
73.1532,1
73.1587,0
73.1643,2
73.1645,0
73.1646,1
73.1699,0
73.1808,3
73.1863,2
73.1917,0
73.1971,10
73.1972,0
73.2027,10
73.2082,9
73.2137,6
73.2137,3
73.2191,2
73.2246,0
73.2302,4
73.2304,3
73.2359,0
73.236,3
73.2414,0
73.2468,10
73.2469,6
73.247,0
73.2524,5
73.2528,0
73.2582,13
73.2584,2
73.2638,0
73.2639,10
73.264,9
73.2694,3
73.2697,0
73.2752,13
73.2806,5
73.2861,0
73.2915,2
73.2916,1
73.297,0
73.3024,6
73.3079,5
73.3133,0
73.3188,14
73.3188,7
73.3243,6
73.3244,0
73.3355,11
73.3357,6
73.3357,1
73.3411,0
73.3465,11
73.352,6
73.3523,2
73.3578,0
73.3632,2
73.3687,0
73.3741,12
73.3795,9
73.3795,8
73.385,6
73.385,4
73.3851,2
73.3852,0
73.3906,3
73.3906,2
73.3961,0
73.4069,1
73.4069,0
73.4124,9
73.4178,3
73.4233,2
73.4234,0
73.4235,11
73.429,3
73.4347,0
73.4402,8
73.4403,6
73.4403,3
73.4405,0
73.4406,11
73.4408,6
73.4408,1
73.4408,0
73.4462,3
73.4517,0
73.4571,2
73.4574,0
73.4683,12
73.4737,11
73.4738,6
73.4741,4
73.4796,0
73.485,14
73.4905,8
73.4959,0
73.4961,5
73.5015,0
73.5069,9
73.507,8
73.5124,6
73.5125,2
73.5179,0
73.5233,6
73.5288,0
73.5343,7
73.5397,1
73.5397,0
73.5398,6
73.5401,0
73.5457,6
73.5458,4
73.5459,0
73.5513,4
73.5568,0
73.5625,14
73.5679,8
73.568,0
73.5681,12
73.5736,6
73.5739,5
73.5794,0
73.5848,7
73.5902,0
73.6068,3
73.6122,2
73.6122,0
73.6176,5
73.6231,0
73.6285,11
73.634,2
73.6394,0
73.6449,1
73.6451,0
73.6453,11
73.6507,4
73.6507,1
73.6561,0
73.6615,13
73.6671,0
73.6725,1
73.6725,0
73.6838,14
73.6892,12
73.6894,3
73.6894,2
73.6949,0
73.695,6
73.7004,3
73.7004,0
73.7059,10
73.706,1
73.7061,0
73.7115,3
73.717,1
73.7224,0
73.7278,14
73.7333,9
73.7333,6
73.7388,0
73.75,9
73.7555,6
73.7556,5
73.7613,0
73.7614,12
73.7669,0
73.7724,11
73.7779,5
73.7782,4
73.7837,0
73.7945,11
73.8,0
73.8054,9
73.8055,7
73.8057,6
73.8058,0
73.8112,14
73.8113,11
73.8168,7
73.8222,6
73.8277,1
73.8277,0
73.8331,9
73.8332,7
73.8386,0
73.8441,2
73.8443,0
73.8445,9
73.8499,5
73.8499,3
73.8553,2
73.8554,0
73.8608,1
73.8608,0
73.8662,14
73.8666,13
73.872,11
73.8721,0
73.8775,8
73.883,3
73.883,2
73.8833,1
73.8835,0
73.8836,7
73.889,0
73.8944,13
73.8944,12
73.8998,10
73.8999,1
73.9054,0
73.9108,7
73.9108,6
73.9163,0
73.9217,9
73.9218,4
73.9272,0
73.9327,4
73.9381,0
73.9491,7
73.9493,4
73.9547,0
73.9549,15
73.9551,2
73.9551,0
73.9605,2
73.9605,1
73.9662,0
73.9772,7
73.9773,0
73.9774,8
73.9775,7
73.9829,1
73.9832,0
73.9887,8
73.994,7
73.9941,0
73.9996,5
73.9997,0
74.0052,5
74.0052,3
74.0053,0
74.0054,15
74.0055,12
74.0056,9
74.0056,6
74.0056,1
74.0111,0
74.0165,14
74.022,6
74.0275,1
74.0275,0
74.0329,15
74.0329,14
74.0385,0
74.044,9
74.044,7
74.0442,2
74.0496,0
74.0551,13
74.0554,8
74.0608,6
74.0609,0
74.061,4
74.0667,2
74.0722,0
74.0776,15
74.0777,13
74.0778,9
74.0779,0
74.0833,10
74.0833,7
74.0888,2
74.0888,1
74.0891,0
74.0999,7
74.1,2
74.1054,0
74.1108,11
74.1109,10
74.1163,4
74.1218,0
74.1272,14
74.1273,9
74.1273,8
74.1327,6
74.1327,2
74.1381,0
74.1435,6
74.1493,3
74.1493,0
74.1602,12
74.1657,8
74.1714,2
74.1769,1
74.1824,0
74.1878,8
74.1881,7
74.1882,3
74.1882,0
74.1884,6
74.1939,0
74.1993,13
74.1994,7
74.1994,4
74.2049,0
74.2103,9
74.2158,0
74.2212,9
74.2267,5
74.2267,1
74.2321,0
74.2376,3
74.2377,0
74.2378,10
74.2379,7
74.2379,3
74.238,0
74.2434,8
74.2489,0
74.2543,7
74.2546,6
74.26,4
74.2655,0
74.2656,2
74.2658,0
74.2712,7
74.2716,6
74.2717,0
74.2771,10
74.2826,7
74.2881,6
74.2881,2
74.2935,0
74.299,6
74.2993,0
74.3048,1
74.3103,0
74.3157,6
74.3158,0
74.3212,3
74.3214,0
74.3268,5
74.3323,0
74.3377,9
74.3377,6
74.3432,0
74.3486,3
74.3487,0
74.3541,8
74.3544,5
74.3546,0
74.3547,14
74.3601,12
74.3602,5
74.3602,0
74.3657,6
74.3711,0
74.3712,1
74.3769,0
74.3823,2
74.3825,0
74.3879,8
74.3937,0
74.4046,2
74.41,0
74.4154,8
74.4155,3
74.4156,1
74.4156,0
74.4211,14
74.4266,11
74.432,4
74.4374,0
74.4429,1
74.4433,0
74.4487,3
74.4542,0
74.4544,11
74.4545,3
74.4545,0
74.46,2
74.4602,0
74.4658,4
74.4659,3
74.4659,0
74.4713,7
74.4714,6
74.4716,0
74.477,5
74.4774,3
74.4828,0
74.4882,2
74.4882,1
74.4883,0
74.4938,5
74.4995,0
74.5049,2
74.5051,0
74.5105,9
74.5107,8
74.5108,0
74.5162,14
74.5217,6
74.5272,2
74.5272,0
74.5327,2
74.5382,0
74.5383,7
74.5437,0
74.5491,5
74.5492,0
74.5546,10
74.5601,6
74.5604,1
74.5659,0
74.5713,11
74.5767,4
74.5768,1
74.5824,0
74.5826,1
74.5827,0
74.5881,10
74.5935,2
74.5936,0
74.5937,11
74.599,7
74.5993,4
74.6048,0
74.6049,4
74.6103,0
74.6157,13
74.6158,8
74.6158,7
74.6213,6
74.6267,2
74.6267,0
74.6321,6
74.6376,0
74.643,11
74.6431,9
74.6485,3
74.6485,0
74.654,11
74.6594,0
74.6596,15
74.6597,9
74.6598,4
74.6599,2
74.6657,0
74.6711,14
74.6712,11
74.6767,0
74.6821,13
74.6876,8
74.6879,7
74.6933,0
74.6935,13
74.6988,11
74.6988,6
74.7046,4
74.71,3
74.7154,2
74.7154,0
74.7156,14
74.7211,0
74.7266,15
74.7266,12
74.7321,7
74.7376,6
74.7431,2
74.7431,0
74.7485,5
75.2553,1
75.2553,0
75.2607,7
75.2608,0
75.2663,8
75.2663,2
75.2664,0
75.2718,12
75.2719,0
75.2773,10
75.2775,0
75.2829,14
75.283,7
75.283,0
75.2885,11
75.2886,0
75.294,8
75.2941,0
75.2995,9
75.2999,0
75.3053,12
75.3054,9
75.3055,0
75.3109,4
75.311,0
75.3164,7
75.3164,6
75.3165,0
75.3219,11
75.322,0
75.3274,8
75.3276,0
75.333,3
75.333,0
75.3385,8
75.3386,0
75.344,1
75.344,0
75.3494,10
75.3495,6
75.3496,0
75.355,14
75.3551,2
75.3551,0
75.3606,7
75.3607,0
75.3661,2
75.3661,0
75.3715,6
75.3716,0
75.3771,12
75.3784,11
75.3839,6
75.384,1
75.3909,0
75.391,1
75.391,0
75.3965,9
75.4022,7
75.4023,0
75.4132,9
75.4187,4
75.4187,3
75.419,2
75.4244,0
75.4298,14
75.4299,13
75.4353,12
75.4354,4
75.4408,2
75.4463,0
75.4518,4
75.4572,0
75.4573,7
75.4628,0
75.4682,10
75.4682,9
75.4737,6
75.4737,3
75.4792,0
75.485,10
75.4904,2
75.4904,0
75.4959,4
75.4959,0
75.5013,3
75.5017,0
75.5071,7
75.5072,3
75.5073,0
75.5127,10
75.5181,9
75.5182,0
75.5183,13
75.5186,8
75.524,6
75.5242,5
75.5297,1
75.5406,0
75.5461,12
75.5515,1
75.557,0
75.5571,9
75.5626,1
75.5626,0
75.568,2
75.5735,1
75.5789,0
75.5843,4
75.5846,0
75.5847,8
75.59,4
75.5901,0
75.5955,13
75.601,8
75.6064,3
75.6067,2
75.6121,0
75.6231,6
75.6234,2
75.6288,1
75.6342,0
75.6344,5
75.6345,0
75.6399,1
75.6454,0
75.6508,14
75.6508,10
75.6563,0
75.6617,3
75.6618,0
75.6673,13
75.6674,2
75.6674,0
75.673,9
75.673,8
75.6731,2
75.6732,0
75.6786,8
75.684,1
75.6841,0
75.6842,2
75.6896,0
75.6951,3
75.6953,0
75.7009,10
75.701,2
75.701,0
75.7064,3
75.7068,0
75.7122,13
75.7177,7
75.7177,0
75.7232,5
75.7232,3
75.7286,0
75.734,11
75.7341,6
75.7395,3
75.7396,0
75.745,15
75.7451,6
75.7506,0
75.756,5
75.756,0
75.7615,8
75.767,0
75.7671,1
75.7672,0
75.7727,6
75.7781,0
75.7837,6
75.7837,3
75.7838,0
75.7893,1
75.7895,0
75.7897,14
75.7898,9
75.7952,0
75.8006,12
75.8061,9
75.8061,5
75.8118,0
75.8172,11
75.8174,7
75.8175,0
75.8283,9
75.8284,7
75.8285,0
75.8339,15
75.8339,12
75.834,0
75.845,7
75.8451,0
75.8506,1
75.8506,0
75.8507,13
75.8562,12
75.8563,0
75.8725,11
75.8726,8
75.8728,0
75.8782,2
75.8782,0
75.8836,12
75.8837,9
75.8892,0
75.895,12
75.9005,3
75.9059,0
75.9113,7
75.9117,1
75.9117,0
75.9225,9
75.9225,6
75.9227,0
75.9281,11
75.9335,8
75.9336,0
75.939,8
75.9445,0
75.9553,11
75.9554,7
75.9554,6
75.9556,0
75.961,9
75.961,8
75.9611,0
75.9719,9
75.972,0
75.9775,8
75.9776,3
75.983,0
75.9884,15
75.9885,13
75.9939,9
75.9943,0
76.0106,10
76.0107,0
76.0109,14
76.0165,13
76.0166,5
76.0167,2
76.0167,0
76.0221,3
76.0222,0
76.0277,4
76.033,0
76.0332,8
76.0333,2
76.0387,0
76.0441,11
76.0442,7
76.0442,1
76.0496,0
76.0659,13
76.0659,8
76.066,7
76.0661,0
76.0715,5
76.0716,0
76.0771,7
76.0825,0
76.0826,1
76.088,0
76.0934,14
76.5946,9
76.5961,5
76.6015,4
76.6073,2
76.6074,0
76.6128,15
76.6129,11
76.6184,6
76.6184,5
76.6238,0
76.6292,7
76.6296,3
76.6351,0
76.6405,13
76.6459,7
76.6462,6
76.6517,0
76.6573,7
76.6627,6
76.6629,0
76.6683,4
76.6738,0
76.6792,7
76.6846,6
76.6847,2
76.6901,1
76.6955,0
76.701,1
76.701,0
76.7064,10
76.7119,6
76.7122,5
76.7123,0
76.7177,2
76.7178,0
76.7232,8
76.7234,4
76.7291,1
76.7346,0
76.7454,7
76.7454,5
76.7456,0
76.751,7
76.7513,4
76.7515,0
76.7516,4
76.7571,0
76.7625,13
76.768,0
76.7681,10
76.7736,2
76.779,0
76.7844,3
76.7846,0
76.79,1
76.79,0
76.7954,15
77.2965,10
77.2979,9
77.3033,3
77.3088,0
77.3142,7
77.3143,2
77.3255,1
77.3309,0
77.3363,11
77.3418,6
77.3418,2
77.3475,1
77.3476,0
77.3586,7
77.3586,5
77.3641,0
77.3695,8
77.3697,0
77.3753,15
77.3806,10
77.3807,0
77.3861,8
77.3916,0
77.4025,9
77.4025,6
77.408,0
77.4134,2
77.4135,0
77.4189,4
77.4243,0
77.4298,4
77.4301,0
77.4302,12
77.4357,2
77.4411,0
77.4465,9
77.4522,8
77.4577,7
77.4578,4
77.4578,0
77.4632,1
77.4687,0
77.4741,8
77.4796,2
77.4799,1
77.4853,0
77.4907,8
77.4908,1
77.4962,0
77.5017,7
77.5018,5
77.5018,0
77.5072,8
77.5073,1
77.5127,0
77.5182,14
77.5183,4
77.5185,2
77.524,0
77.5241,14
77.5295,10
77.5299,8
77.5353,6
77.5354,3
77.5354,0
77.5408,3
77.5462,0
77.5517,4
77.5573,0
77.5575,15
77.5628,6
77.5628,4
77.563,0
77.5684,2
77.5687,0
77.5743,10
77.5797,0
77.5801,4
77.5855,0
77.5909,14
77.591,8
77.5965,7
77.6019,6
77.602,5
77.6074,0
77.6128,5
77.6129,0
77.6184,4
77.6239,0
77.624,12
77.6295,3
77.6349,0
77.6458,12
77.646,6
77.646,5
77.6461,0
77.6515,7
77.6572,3
77.6627,0
77.6628,10
77.6629,4
77.663,0
77.6684,9
77.6684,7
77.6738,6
77.6739,1
77.6742,0
77.6851,9
77.6906,6
77.696,0
77.6962,15
77.6962,13
77.7017,8
77.7018,0
77.7072,11
77.7073,9
77.7073,7
77.7074,0
77.7128,7
77.7128,5
77.7183,0
77.7238,10
77.7239,0
77.724,3
77.7295,0
77.7404,15
77.7406,14
77.7407,9
77.7408,0
77.741,7
77.7464,5
77.7464,0
77.7518,11
77.7519,6
77.7576,0
77.7631,13
77.7632,8
77.7632,4
77.7686,0
77.7688,1
77.7689,0
77.7743,13
77.7746,9
77.7746,4
77.78,0
77.7802,1
77.7856,0
77.791,9
77.791,5
77.7965,0
77.8019,7
77.8074,6
77.8128,0
77.8183,8
77.8237,1
77.8237,0
77.8291,1
77.8346,0
77.8401,2
77.8403,0
77.8405,2
77.8458,0
77.8512,11
77.8569,8
77.8624,6
77.8624,4
77.8678,3
77.8679,0
77.8733,11
77.8734,7
77.8734,5
77.8735,0
77.8789,1
77.8843,0
77.8897,6
77.8898,0
77.8954,13
77.9007,12
77.9008,5
77.9062,0
77.9064,9
77.9117,6
77.9118,0
77.9172,14
77.9175,8
77.9229,7
77.9284,1
77.9338,0
77.9392,9
77.9395,1
77.9449,0
77.9559,10
77.9613,5
77.9617,3
77.9671,2
77.9671,0
77.9725,14
77.9727,9
77.9727,8
77.9727,0
77.9782,6
77.9784,5
77.9839,3
77.9893,0
77.9895,15
77.9895,14
77.995,11
78.0005,2
78.0114,0
78.0223,1
78.0276,0
78.0278,13
78.0278,11
78.0279,9
78.028,0
78.0335,5
78.0388,2
78.0388,0
78.039,2
78.0392,1
78.0449,0
78.0504,8
78.0505,6
78.056,4
78.0614,0
78.0672,8
78.0726,0
78.0781,6
78.0835,3
78.0835,2
78.0838,0
78.0892,15
78.0894,8
78.0895,1
78.0895,0
78.0949,6
78.1003,3
78.1003,0
78.1058,6
78.1112,5
78.1112,0
78.1113,12
78.1168,9
78.1168,5
78.1222,0
78.1385,7
78.1386,6
78.144,2
78.1443,0
78.1552,4
78.1606,0
78.1608,8
78.1665,0
78.172,10
78.1721,7
78.1721,6
78.1721,0
78.1831,1
78.1833,0
78.1835,5
78.189,0
78.1944,4
78.1944,0
78.1999,6
78.2054,2
78.2109,0
78.211,9
78.2164,8
78.2165,0
78.2219,4
78.2219,0
78.2274,2
78.2328,0
78.2329,14
78.2384,0
78.2496,7
78.2551,3
78.2551,0
78.2605,15
78.2605,14
78.2607,11
78.2607,9
78.2608,0
78.2719,1
78.2774,0
78.2828,6
78.283,2
78.2884,0
78.2938,7
78.2942,6
78.2996,5
78.3051,0
78.3105,6
78.316,0
78.3214,8
78.3215,0
78.3323,9
78.3324,7
78.3325,0
78.3379,9
78.338,0
78.3489,14
78.3491,11
78.3492,9
78.3493,7
78.3493,0
78.3603,2
78.3604,0
78.3714,6
78.3718,3
78.3773,1
78.3827,0
78.3881,13
78.3884,12
78.3939,6
78.3993,0
78.4047,3
78.4048,2
78.4103,0
78.4157,11
78.4212,1
78.4266,0
78.432,10
78.4375,5
78.4375,1
78.4429,0
78.4483,6
78.4484,0
78.4539,1
78.4541,0
78.4543,15
78.4595,13
78.4596,0
78.4652,11
78.4653,5
78.4653,4
78.4654,0
78.4708,1
78.4711,0
78.4765,13
78.4766,11
78.4821,0
78.4986,13
78.4987,5
78.5042,0
78.5096,13
78.5151,9
78.5205,6
78.5206,4
78.526,0
78.5314,4
78.5315,2
78.5315,0
78.5369,2
78.5423,1
78.5423,0
78.5477,14
78.5535,11
78.559,6
78.559,5
78.5645,0
78.5699,1
78.5756,0
78.5757,13
78.5759,2
78.5759,0
78.5867,14
78.5868,12
78.5922,11
78.5922,6
78.5925,5
78.598,4
78.6034,2
78.6034,0
78.6088,14
78.6089,10
78.6144,0
78.6198,10
78.6253,2
78.6253,0
78.6308,10
78.6361,9
78.6362,0
78.6364,4
78.6416,0
78.6418,15
78.6473,7
78.6527,6
78.6528,5
78.6528,4
78.6582,2
78.6582,0
78.664,4
78.6693,0
78.6695,8
78.6695,5
78.6752,3
78.6807,0
78.6861,13
78.6862,10
78.6863,9
78.6864,0
78.6918,11
78.6919,0
78.6974,12
78.6976,6
78.6979,0
78.7035,12
78.7088,11
78.7089,0
78.7143,3
78.7145,0
78.7199,4
78.72,0
78.7254,7
78.7308,0
78.7416,11
78.7417,7
78.7419,0
78.7473,2
78.7473,1
78.7473,0
78.7528,11
78.7582,9
78.7582,7
78.7585,0
78.7587,2
78.7641,0
78.7695,4
78.7696,0
78.775,12
78.7808,5
78.7809,0
78.7863,4
78.7918,0
78.7972,3
78.7973,0
78.8027,9
78.8082,0
78.8136,1
78.819,0
78.8244,14
78.8245,6
78.8299,3
78.83,0
78.8354,13
78.8355,4
78.8409,0
78.8463,3
78.8464,2
78.8464,1
78.8465,0
78.8519,13
78.8574,3
78.8574,1
78.8628,0
78.8683,9
78.8685,7
78.874,0
78.8741,1
78.8798,0
78.8852,10
78.8853,4
78.8854,2
78.8855,0
78.8909,12
78.8963,11
78.8964,0
78.8965,4
78.8966,0
78.9021,4
78.9021,0
78.9023,9
78.9077,8
78.9077,0
78.9132,9
78.9132,5
78.9187,0
78.9241,1
78.9241,0
78.9295,1
78.935,0
78.9404,15
78.9404,12
78.9459,3
78.9513,0
78.9568,9
78.9568,6
78.9569,0
78.9677,2
78.968,0
78.9681,3
78.9682,2
78.9683,0
78.9737,15
78.9738,10
78.9792,0
78.9847,15
78.985,7
78.9851,0
78.9905,10
78.9907,0
78.9961,7
78.9962,0
79.0016,1
79.0016,0
79.007,9
79.0071,7
79.0072,0
79.0126,8
79.0127,0
79.0182,5
79.0182,0
79.0184,3
79.0185,0
79.0239,9
79.0239,7
79.024,0
79.0294,14
79.0295,4
79.0296,0
79.035,4
79.035,0
79.0459,9
79.046,6
79.046,0
79.0515,15
79.0516,11
79.0517,0
79.0518,8
79.0519,0
79.0573,4
79.0574,0
79.0628,5
79.0629,0
79.0683,4
79.0684,0
79.0739,12
79.074,1
79.074,0
79.0742,1
79.0742,0
79.0796,5
79.0797,0
79.0851,4
79.0855,0
79.0909,3
79.091,0
79.0964,11
79.0964,8
79.0965,0
79.1019,2
79.102,0
79.1074,1
79.1074,0
79.1128,7
79.1129,0
79.1184,7
79.1185,0
79.1239,13
79.124,0
79.1294,9
79.1295,5
79.1296,0
79.135,15
79.1351,3
79.1351,0
79.1406,12
79.1407,0
79.1461,12
79.1463,0
79.1571,8
79.1572,7
79.1572,0
79.1626,11
79.1628,1
79.1628,0
79.1682,1
79.1682,0
79.1737,10
79.1738,0
79.1792,13
79.1794,0
79.1848,8
79.1848,5
79.1849,0
79.196,3
79.1961,0
79.2015,3
79.2016,0
79.2124,1
79.2125,0
79.2179,15
79.2194,7
79.2248,6
79.2248,3
79.2303,0
79.2305,3
79.2305,0
79.2359,3
79.236,1
79.2415,0
79.2469,2
79.2469,0
79.2524,12
79.2579,6
79.2579,5
79.2579,3
79.2634,0
79.2688,11
79.2743,6
79.2743,5
79.2744,0
79.2853,8
79.2907,3
79.291,0
79.3074,3
79.3076,2
79.3076,0
79.3078,8
79.3132,1
79.3187,0
79.3241,4
79.3241,2
79.3296,0
79.335,11
79.3351,9
79.3406,6
79.3406,5
79.3461,0
79.3515,12
79.3515,9
79.357,6
79.3571,1
79.3625,0
79.3734,13
79.3735,6
79.3844,2
79.3845,0
79.3899,14
79.3899,12
79.3954,7
79.3957,0
79.4011,4
79.4012,0
79.4121,2
79.4124,0
79.4125,14
79.4125,13
79.418,12
79.4235,9
79.4235,7
79.429,6
79.429,0
79.4344,8
79.4345,4
79.4345,1
79.44,0
79.4455,5
79.4455,2
79.4455,1
79.451,0
79.4512,2
79.4512,0
79.4675,12
79.4676,9
79.473,6
79.4731,0
79.4785,5
79.4854,0
79.4908,10
79.4909,7
79.4966,4
79.4967,0
79.5021,7
79.5022,5
79.5024,0
79.5078,2
79.5132,0
79.5187,15
79.519,11
79.5244,6
79.5244,3
79.5299,0
79.5408,3
79.5408,0
79.5464,14
79.5465,12
79.5519,11
79.5574,10
79.5629,0
79.5683,14
79.5737,9
79.5738,0
79.5793,10
79.5795,9
79.585,6
79.5904,0
79.6017,1
79.6071,0
79.6072,13
79.6074,2
79.6128,0
79.6182,1
79.6185,0
79.6239,14
79.6294,4
79.6294,3
79.6349,0
79.6512,10
79.6567,6
79.6567,2
79.6622,0
79.6676,14
79.6677,7
79.6678,6
79.6678,0
79.6787,11
79.6789,9
79.6844,7
79.6844,6
79.6844,0
79.6901,14
79.6956,7
79.7013,3
79.7014,1
79.7014,0
79.7015,11
79.707,0
79.7124,13
79.7125,10
79.7179,4
79.7182,3
79.7237,0
79.7346,8
79.7346,7
79.7401,0
79.7455,12
79.7455,9
79.751,6
79.751,4
79.7565,0
79.7619,2
79.7619,0
79.7674,13
79.7728,9
79.7728,4
79.7783,0
79.7784,11
79.7838,8
79.7838,5
79.7842,0
79.7896,7
79.795,3
79.795,0
79.8005,4
79.8059,0
79.8116,8
79.8117,4
79.8172,0
79.8226,4
79.8229,0
79.8232,14
79.8287,2
79.8287,0
79.8341,9
79.8396,0
79.8398,15
79.8453,3
79.8507,2
79.8562,0
79.8616,1
79.867,0
79.8725,13
79.8726,4
79.8838,3
79.8892,0
79.8946,14
79.9,12
79.9001,2
79.9058,1
79.9059,0
79.9113,3
79.9168,0
79.9222,10
79.9276,4
79.9279,3
79.9334,1
79.9388,0
79.9443,5
79.9497,0
79.9498,6
79.9553,0
79.9607,2
79.9607,0
79.9662,5
79.9717,4
79.9771,0
79.9773,11
79.9774,4
79.9828,0
79.9883,13
79.9885,12
79.9939,4
79.9994,0
79.9995,9
79.9996,4
79.9997,0
80.0051,12
80.0109,7
80.0109,3
80.0111,2
80.0112,0
80.0166,14
80.0167,12
80.0167,10
80.0221,9
80.0279,7
80.0279,4
80.0333,0
80.0388,2
80.0442,0
80.0496,9
80.0551,6
80.0551,5
80.0606,0
80.066,11
80.066,7
80.0715,6
80.0715,4
80.0769,0
80.0824,1
80.0824,0
80.0879,6
80.0933,0
80.0937,12
80.099,3
80.1045,2
80.1045,0
80.1099,12
80.1103,7
80.1103,3
80.1158,0
80.1212,15
80.1267,4
80.127,1
80.1272,0
80.1382,12
80.1437,0
80.1546,4
80.1547,0
80.1655,12
80.1656,6
80.171,5
80.1765,0
80.1819,15
80.182,6
80.1821,4
80.1875,1
80.1875,0
80.193,13
80.1933,3
80.1934,0
80.199,1
80.2044,0
80.2098,2
80.2155,0
80.221,15
80.2211,12
80.2265,7
80.2266,0
80.2321,5
80.2323,0
80.2325,12
80.2326,3
80.2327,0
80.2382,10
80.2437,1
80.2437,0
80.2492,15
80.2547,10
80.2601,0
80.271,10
80.2711,8
80.2765,0
80.2819,2
80.282,0
80.2929,9
80.2931,6
80.2986,0
80.2988,6
80.2989,4
80.2989,0
80.3043,8
80.3098,0
80.321,3
80.321,0
80.3264,4
80.3265,0
80.332,15
80.3323,14
80.3324,9
80.3325,0
80.3326,4
80.3381,0
80.3435,1
80.3489,0
80.349,3
80.3492,0
80.3546,9
80.3546,6
80.3602,0
80.3656,11
80.3656,6
80.3711,0
80.3765,2
80.3766,0
80.382,12
80.3875,5
80.3875,3
80.3929,1
80.3987,0
80.4095,11
80.415,6
80.415,3
80.4153,0
80.4208,2
80.4262,0
80.4316,9
80.4374,7
80.4428,4
80.4428,0
80.4482,1
80.4537,0
80.4591,11
80.4646,6
80.4646,4
80.4701,0
80.4755,6
80.4755,5
80.481,0
80.4864,13
80.4865,9
80.4865,7
80.492,6
80.492,0
80.4975,1
80.5029,0
80.5083,6
80.5084,0
80.5138,7
80.5196,0
80.525,4
80.5252,3
80.5252,0
80.5306,5
80.5307,4
80.5364,3
80.5364,0
80.5419,11
80.542,7
80.542,6
80.5475,5
80.5529,0
80.5638,11
80.5638,10
80.5639,9
80.564,0
80.5695,13
80.5749,3
80.5749,0
80.5751,10
80.5804,0
80.5858,7
80.5859,1
80.5861,0
80.5915,10
80.5917,7
80.5917,0
80.5971,3
80.5972,0
80.6027,6
80.6029,3
80.6084,2
80.6138,1
80.6138,0
80.6139,11
80.6194,4
80.6194,3
80.6251,0
80.6306,15
80.636,2
80.6361,0
80.6474,13
80.6475,8
80.653,0
80.6638,13
80.664,9
80.664,3
80.6642,1
80.6696,0
80.675,4
80.6751,3
80.6751,0
80.6806,14
80.6806,11
80.6861,10
80.6861,6
80.6916,5
80.697,0
80.7084,3
80.7084,1
80.7138,0
80.7193,14
80.7194,12
80.7194,5
80.7196,3
80.7251,0
80.7255,10
80.731,7
80.731,1
80.7364,0
80.7419,13
80.7421,11
80.7423,8
80.7425,0
80.7426,2
80.7427,1
80.7481,0
80.7535,15
80.7536,11
80.7536,5
80.7538,0
80.7592,15
80.7592,12
80.7594,10
80.7649,6
80.7649,5
80.7704,0
80.7758,4
80.7758,3
80.7813,2
80.7868,0
80.7922,2
80.7976,0
80.7977,3
80.8031,1
80.8031,0
80.8086,7
80.8088,4
80.8143,0
80.8144,7
80.8199,0
80.8254,13
80.8257,12
80.8257,8
80.8312,0
80.8313,9
80.8314,3
80.8316,0
80.837,10
80.8372,4
80.8427,0
80.8481,13
80.8484,3
80.8486,0
80.8488,10
80.8489,3
80.8489,2
80.8543,1
80.8598,0
80.8652,5
80.8652,0
80.8707,10
80.8707,8
80.8762,7
80.8816,6
80.8817,1
80.8871,0
80.8926,14
80.8981,8
80.9036,7
80.9145,6
80.9145,5
80.9145,0
80.9308,13
80.9312,4
80.9367,0
80.9421,13
80.9421,11
80.9479,8
80.9533,7
80.9534,6
80.9534,4
80.9589,0
80.9643,13
80.9644,6
80.9644,3
80.9699,0
80.9753,13
80.9808,9
80.9808,6
80.9809,5
80.9863,2
80.9918,0
80.9972,8
80.9973,6
80.9973,0
81.0083,1
81.0084,0
81.0138,12
81.0139,10
81.0193,9
81.0193,6
81.0194,4
81.0249,0
81.0303,4
81.0306,2
81.0361,0
81.0415,13
81.0415,11
81.047,6
81.047,1
81.0528,0
81.0582,15
81.0583,9
81.0638,6
81.0638,1
81.0693,0
81.0747,4
81.0802,0
81.0856,12
81.0857,10
81.0857,5
81.0912,0
81.1021,12
81.1076,6
81.1077,0
81.1131,11
81.1131,10
81.1131,9
81.1186,6
81.1187,1
81.1241,0
81.1295,7
81.1296,0
81.1408,13
81.1409,9
81.1463,6
81.1464,3
81.1521,0
81.163,2
81.1685,1
81.1685,0
81.1739,14
81.174,10
81.1794,7
81.1903,6
81.1904,0
81.1958,1
81.2068,0
81.2122,15
81.2177,6
81.2178,0
81.2286,7
81.2287,6
81.2342,0
81.2396,2
81.2399,0
81.2508,11
81.2509,9
81.2567,1
81.2567,0
81.2621,10
81.2621,9
81.2676,6
81.2677,0
81.2731,11
81.2786,6
81.2787,0
81.2841,1
81.2841,0
81.2895,10
81.2896,7
81.2951,6
81.2951,4
81.3006,1
81.306,0
81.3114,9
81.3116,0
81.317,4
81.317,2
81.3225,0
81.3279,14
81.3335,6
81.3335,0
81.3447,6
81.3501,1
81.3501,0
81.3503,2
81.3503,0
81.3558,10
81.356,9
81.3615,6
81.3615,5
81.3616,0
81.3617,1
81.3618,0
81.3687,7
81.3688,5
81.3742,0
81.3796,12
81.3796,11
81.3798,10
81.3799,7
81.3853,0
81.3908,3
81.3963,0
81.3964,2
81.4018,0
81.4019,10
81.402,9
81.4075,0
81.4129,5
81.413,0
81.4185,2
81.4187,0
81.4241,3
81.4244,0
81.4245,5
81.4299,3
81.4299,0
81.4354,9
81.4355,1
81.4409,0
81.4632,3
81.4633,0
81.4687,9
81.4742,8
81.4797,6
81.4852,5
81.4906,0
81.4908,4
81.4962,0
81.5016,9
81.5071,6
81.5071,4
81.5071,2
81.5125,1
81.5125,0
81.5179,2
81.5234,1
81.5234,0
81.5288,4
81.5291,3
81.5345,0
81.5346,12
81.5348,3
81.5348,1
81.5348,0
81.5402,8
81.5404,6
81.5459,1
81.5462,0
81.5571,9
81.5625,3
81.5628,1
81.5683,0
81.5684,12
81.5738,9
81.5739,1
81.5793,0
81.5847,5
81.5902,0
81.5956,2
81.601,0
81.6064,7
81.6065,3
81.612,0
81.6174,5
81.6228,0
81.623,11
81.6231,9
81.6232,4
81.6232,0
81.6288,4
81.6291,0
81.6346,8
81.6401,0
81.6455,9
81.6512,7
81.6514,1
81.6514,0
81.6568,9
81.6568,8
81.6623,2
81.6626,1
81.6628,0
81.6682,10
81.6737,6
81.6737,3
81.6791,0
81.6845,9
81.6846,3
81.6901,0
81.6955,3
81.6955,0
81.7063,9
81.7118,6
81.7118,4
81.7173,2
81.7174,0
81.7228,3
81.7229,0
81.7341,12
81.7396,0
81.745,11
81.7507,8
81.7509,7
81.7563,0
81.7565,1
81.7619,0
81.7674,8
81.7676,3
81.7731,0
81.7733,4
81.7787,0
81.7842,12
81.7897,6
81.7897,3
81.7952,2
81.7953,0
81.8007,7
81.8061,4
81.8062,0
81.8116,11
81.8171,0
81.8225,6
81.8338,0
81.8392,14
81.8393,12
81.8448,6
81.8448,5
81.8505,4
81.8559,0
81.8561,2
81.8562,0
81.8616,8
81.8616,6
81.8617,3
81.8671,0
81.8725,14
81.8728,13
81.873,11
81.8784,7
81.8785,6
81.8839,5
81.8839,0
81.884,3
81.8895,1
81.8895,0
81.8949,11
81.9004,6
81.9004,5
81.9059,0
81.9113,1
81.9113,0
81.9167,8
81.9222,5
81.9222,0
81.9276,2
81.9334,0
81.9389,8
81.9443,1
81.9497,0
81.9498,9
81.9556,0
81.9612,7
81.9666,0
81.9721,9
81.9724,4
81.9778,0
81.9779,13
81.9834,5
81.9888,0
81.9942,11
81.9943,7
81.9998,6
81.9998,0
82.0053,11
82.0055,7
82.0055,0
82.0109,4
82.0164,3
82.0218,0
82.0272,3
82.0327,0
82.0382,5
82.0384,4
82.0439,2
82.0493,1
82.0493,0
82.0494,12
82.0551,9
82.0606,8
82.0661,6
82.0661,0
82.0716,13
82.0717,8
82.0718,1
82.0775,0
82.0776,4
82.0831,2
82.0831,1
82.0831,0
82.0885,3
82.0886,0
82.094,9
82.0941,4
82.0995,0
82.1049,13
82.105,4
82.1105,0
82.1159,4
82.1213,0
82.1267,10
82.1268,8
82.127,6
82.1324,0
82.1379,3
82.1381,0
82.1383,15
82.1436,4
82.1491,0
82.1492,8
82.1546,0
82.16,3
82.1604,0
82.1658,2
82.1659,0
82.1716,1
82.1716,0
82.1775,3
82.1829,2
82.1829,0
82.1884,5
82.1937,3
82.1938,0
82.1939,3
82.1993,0
82.2047,4
82.2101,0
82.2155,12
82.2156,11
82.2157,3
82.2211,0
82.2265,2
82.2266,1
82.2266,0
82.232,13
82.2321,12
82.2323,11
82.2378,0
82.2432,12
82.2432,11
82.2542,7
82.2596,2
82.2599,1
82.2654,0
82.2708,5
82.2709,0
82.2763,13
82.2763,11
82.2821,3
82.2822,0
82.2876,3
82.2931,0
82.2985,9
82.2986,2
82.2986,0
82.304,14
82.3041,4
82.3043,0
82.3097,6
82.3098,0
82.3207,10
82.3208,5
82.3263,0
82.3317,11
82.3372,6
82.3373,5
82.3373,0
82.3427,9
82.3428,5
82.3483,1
82.3483,0
82.3537,1
82.3537,0
82.3592,4
82.3592,0
82.3704,7
82.3705,0
82.3759,14
82.3759,13
82.3759,12
82.3817,5
82.3818,0
82.3872,13
82.3927,11
82.3981,9
82.4036,8
82.4036,6
82.4091,4
82.4146,0
82.42,8
82.42,6
82.4201,5
82.4255,4
82.4255,0
82.4309,1
82.431,0
82.4364,7
82.4364,6
82.4419,1
82.4419,0
82.4473,3
82.4474,1
82.4529,0
82.4583,3
82.4583,0
82.4637,5
82.4641,4
82.4695,3
82.475,0
82.4804,3
82.4805,0
82.486,6
82.4862,4
82.4917,2
82.4971,0
82.4973,11
82.5026,10
82.5027,5
82.5082,4
82.5136,2
82.5191,0
82.5245,15
82.5246,7
82.5301,6
82.5301,5
82.5356,0
82.541,13
82.5411,11
82.5466,6
82.5521,0
82.5575,4
82.5576,0
82.5684,8
82.5688,0
82.5742,11
82.5743,8
82.5798,6
82.5798,0
82.5852,3
82.5856,2
82.591,0
82.5965,11
82.5966,4
82.602,0
82.6075,6
82.6076,0
82.613,6
82.6131,0
82.6185,1
82.6185,0
82.6239,2
82.624,0
82.6294,13
82.6295,7
82.6297,2
82.6352,0
82.646,11
82.6461,9
82.6516,6
82.6516,5
82.6571,0
82.6625,7
82.6626,5
82.668,0
82.6792,3
82.6793,0
82.6903,5
82.6905,0
82.6907,12
82.6908,2
82.6963,0
82.7072,2
82.7072,0
82.7126,14
82.7127,10
82.7182,6
82.7237,0
82.7346,3
82.7346,0
82.7466,15
82.7521,11
82.7524,5
82.7579,0
82.7633,15
82.7688,11
82.7688,8
82.7746,0
82.7854,7
82.7855,6
82.7856,1
82.7856,0
82.7911,3
82.7913,0
82.7915,8
82.7968,0
82.7969,4
82.8024,0
82.8078,4
82.8132,0
82.8186,3
82.8241,0
82.8295,11
82.8295,10
82.8295,7
82.835,6
82.835,3
82.8405,0
82.8459,9
82.8459,7
82.8514,0
82.8568,1
82.8571,0
82.8627,15
82.8682,1
82.8682,0
82.8794,9
82.8848,0
82.8903,14
82.8957,11
82.8957,10
82.896,5
82.9015,0
82.9016,1
82.907,0
82.9179,3
82.9233,0
82.9287,6
82.9343,0
82.9397,15
82.9452,2
82.9452,0
82.9506,14
82.9507,12
82.9509,11
82.9564,7
82.9618,6
82.9618,5
82.9619,0
82.9673,4
82.9729,0
82.973,12
82.973,10
82.9731,2
82.9786,0
82.9843,11
82.9844,0
82.9898,5
82.9899,4
82.9899,1
82.9956,0
83.001,5
83.0011,0
83.0066,13
83.0121,0
83.0122,11
83.0177,0
83.0231,10
83.0232,3
83.0287,0
83.0395,11
83.0396,9
83.0451,8
83.0505,6
83.0506,0
83.056,6
83.0561,0
83.067,10
83.067,6
83.0725,0
83.078,15
83.0783,10
83.0838,6
83.0839,1
83.0893,0
83.0948,11
83.1001,10
83.1002,7
83.1005,1
83.1005,0
83.1007,5
83.1007,0
83.1062,2
83.1062,0
83.1226,13
83.128,6
83.1335,0
83.1336,12
83.1337,10
83.1392,6
83.1392,5
83.1392,0
83.1447,15
83.1502,10
83.1502,7
83.1557,6
83.1557,4
83.1612,0
83.1614,3
83.1668,0
83.1722,8
83.1723,5
83.1778,0
83.1889,9
83.1944,8
83.2001,5
83.2001,3
83.2056,0
83.2111,13
83.2166,6
83.2167,0
83.2223,8
83.2223,6
83.2278,5
83.2333,0
83.2387,6
83.2388,4
83.2443,0
83.2497,8
83.2498,2
83.2552,0
83.2606,1
83.2607,0
83.2661,4
83.2716,0
83.277,3
83.2771,0
83.2825,12
83.2829,2
83.2829,1
83.2831,0
83.2885,13
83.2886,3
83.2941,0
83.2995,4
83.2996,0
83.305,15
83.3054,14
83.3108,13
83.3163,6
83.3164,4
83.3164,3
83.3218,0
83.3273,2
83.3273,0
83.3328,2
83.3381,0
83.3383,9
83.3437,0
83.3492,9
83.3492,3
83.3547,0
83.3601,14
83.3602,11
83.3657,7
83.3657,6
83.3658,0
83.3712,2
83.3712,0
83.3766,14
83.3767,9
83.3768,0
83.3822,1
83.3823,0
83.3877,6
83.3881,0
83.3937,7
83.3992,0
83.4103,12
83.4104,8
83.4104,1
83.4159,0
83.4214,10
83.4268,6
83.4269,2
83.4324,0
83.4325,14
83.438,10
83.4381,6
83.4381,5
83.4436,0
83.449,13
83.4505,7
83.4506,0
83.4508,10
83.4508,8
83.4563,0
83.4617,1
83.4618,0
83.4672,5
83.4675,3
83.4729,0
83.4731,2
83.4733,0
83.4734,12
83.4735,2
83.4735,1
83.4736,0
83.479,4
83.4845,1
83.4899,0
83.4956,9
83.5011,0
83.5065,7
83.512,1
83.5123,0
83.5178,7
83.5232,0
83.5233,3
83.5286,0
83.5287,7
83.5342,0
83.5396,7
83.5396,6
83.5451,0
83.5505,12
83.5507,11
83.5508,10
83.5509,1
83.5509,0
83.5511,5
83.5565,1
83.5565,0
83.5728,5
83.5731,0
83.5732,1
83.5785,0
83.584,15
83.5841,6
83.5898,4
83.5899,0
83.5901,4
83.5955,0
83.6009,11
83.6009,8
83.6064,6
83.6064,4
83.6118,3
83.6119,0
83.6173,15
83.6227,9
83.623,8
83.6231,6
83.6286,0
83.634,14
83.6395,4
83.645,0
83.6504,5
83.6559,4
83.6613,0
83.6667,7
83.6668,5
83.6668,0
83.6723,9
83.6725,7
83.678,0
83.6835,9
83.689,0
83.6944,6
83.7001,0
83.7171,3
83.7172,2
83.7226,0
83.728,13
83.7281,9
83.7281,5
83.7336,0
83.739,3
83.739,0
83.7445,10
83.75,8
83.7609,6
83.7609,3
83.7664,2
83.7664,0
83.7666,6
83.7719,0
83.772,12
83.7721,10
83.7723,7
83.7777,3
83.778,0
83.7834,5
83.7835,3
83.7837,1
83.7838,0
83.7892,14
83.7893,7
83.7947,2
83.795,1
83.8004,0
83.8058,14
83.806,6
83.806,5
83.806,2
83.8115,0
83.8169,13
83.8172,11
83.8226,2
83.8227,0
83.8228,6
83.8282,0
83.8336,1
83.8391,0
83.8445,12
83.8499,7
83.85,0
83.861,9
83.8664,2
83.8664,1
83.8719,0
83.872,4
83.8778,3
83.8778,2
83.8779,0
83.8833,13
83.8888,6
83.8888,4
83.8942,3
83.8943,0
83.9055,1
83.9056,0
83.911,6
83.9167,4
83.9222,2
83.9276,0
83.933,1
83.9385,0
83.9439,2
83.9439,0
83.9494,3
83.9549,0
83.955,11
83.9605,5
83.9659,4
83.9659,0
83.9713,10
83.9768,8
83.9826,3
83.988,0
83.9934,6
83.9989,4
84.0043,0
84.021,10
84.0264,4
84.0267,2
84.0267,0
84.0322,2
84.0376,0
84.0431,2
84.0485,0
84.0539,3
84.054,0
84.0594,13
84.0649,12
84.0704,1
84.0758,0
84.0868,12
84.087,8
84.0925,7
84.0925,6
84.098,1
84.0981,0
84.0983,9
84.104,0
84.1094,14
84.1149,1
84.1151,0
84.121,13
84.1263,0
84.1265,1
84.1317,0
84.1319,12
84.132,6
84.1321,2
84.1375,0
84.1429,5
84.1483,0
84.1538,6
84.1538,4
84.1593,0
84.1647,6
84.1702,0
84.1756,7
84.1756,6
84.1811,5
84.1811,0
84.1866,7
84.1868,5
84.187,0
84.1871,7
84.198,6
84.2035,0
84.2089,9
84.2092,6
84.2147,3
84.2148,0
84.2202,9
84.2203,3
84.226,0
84.2314,4
84.237,0
84.2424,1
84.2424,0
84.2478,12
84.2479,11
84.2534,6
84.2534,0
84.2589,4
84.259,0
84.2591,9
84.2592,8
84.2646,6
84.2647,0
84.2701,12
84.2701,11
84.2756,6
84.2757,4
84.2757,0
84.2866,3
84.2866,0
84.292,5
84.2975,3
84.2976,0
84.303,14
84.303,10
84.3085,5
84.3088,0
84.3197,15
84.3198,11
84.3198,7
84.3256,3
84.3256,0
84.3311,3
84.3366,1
84.342,0
84.3422,14
84.3422,13
84.3477,6
84.3478,4
84.3587,0
84.3641,12
84.3642,6
84.3697,0
84.3751,13
84.3807,6
84.3807,5
84.3862,0
84.4025,8
84.4025,4
84.408,0
84.4134,2
84.4138,0
84.4192,2
84.4247,0
84.4301,3
84.4304,2
84.4414,0
84.4468,5
84.4468,4
84.4523,0
84.4577,1
84.4578,0
84.4632,8
84.4687,7
84.4741,6
84.4741,5
84.4742,1
84.4851,0
84.4905,8
84.4906,2
84.4906,0
84.496,9
84.5015,6
84.5016,0
84.5124,14
84.5128,5
84.5237,2
84.5292,0
84.5346,8
84.535,4
84.5404,0
84.5458,12
84.5459,10
84.546,0
84.5514,7
84.5515,4
84.557,0
84.5624,1
84.5678,0
84.5679,6
84.568,0
84.5734,13
84.5736,3
84.5736,0
84.579,11
84.5845,6
84.5845,1
84.59,0
84.5954,8
84.5955,0
84.6009,3
84.601,0
84.6064,12
84.6119,6
84.612,0
84.6231,10
84.6232,4
84.6287,0
84.6342,6
84.6345,0
84.6401,2
84.6455,1
84.651,0
84.6564,10
84.6565,7
84.6619,6
84.662,4
84.662,0
84.6674,8
84.6729,6
84.6729,0
84.6892,9
84.6893,6
84.6948,2
84.7003,0
84.7057,13
84.7071,9
84.7126,0
84.7127,4
84.7128,1
84.7128,0
84.7182,1
84.7186,0
84.7294,11
84.7295,8
84.7296,0
84.735,11
84.7351,5
84.7354,3
84.7354,0
84.7408,11
84.7463,2
84.7465,1
84.7519,0
84.7574,3
84.7627,0
84.7629,5
84.7683,0
84.7737,10
84.7738,0
84.7792,5
84.7847,2
84.7848,0
84.7902,10
85.2905,5
85.2919,4
85.2973,0
85.3028,9
85.3028,7
85.3082,6
85.3083,0
85.3137,15
85.314,13
85.3194,6
85.3248,3
85.3249,0
85.325,12
85.3308,1
85.3309,0
85.3363,1
85.3365,0
85.3419,14
85.3474,0
85.3475,13
85.353,7
85.3533,6
85.3588,0
85.3642,3
85.3697,0
85.3751,9
85.3805,8
85.3805,7
85.386,5
85.386,0
85.3914,1
85.3915,0
85.3969,9
85.3971,0
85.3972,10
85.4026,9
85.4026,4
85.4081,3
85.4135,0
85.4189,13
85.4244,9
85.4299,6
85.4299,5
85.4354,0
85.4411,5
85.4465,3
85.4465,0
85.4519,1
85.452,0
85.4577,5
85.4631,3
85.4632,0
85.4686,15
85.4688,13
85.4743,9
85.4797,7
85.4852,6
85.4852,2
85.4854,0
85.4908,8
85.4908,5
85.4963,1
85.5018,0
85.5072,4
85.5126,2
85.5126,0
85.5181,12
85.5183,11
85.5238,6
85.5293,0
85.5294,8
85.5349,1
85.5403,0
85.546,3
85.5515,0
85.5569,2
85.5572,0
85.5573,8
85.5628,2
85.5628,0
85.5736,15
85.5791,8
85.5846,0
85.59,12
85.5901,7
85.5955,0
85.6118,13
85.6119,9
85.6173,6
85.6174,0
85.6228,3
85.6231,1
85.6285,0
85.6286,7
85.6341,0
85.6395,7
85.6398,2
85.6453,0
85.6507,11
85.6564,9
85.6619,3
85.6673,0
85.6727,11
85.6728,9
85.6782,7
85.6837,1
85.6891,0
85.6945,4
85.6999,1
85.6999,0
85.7054,6
85.7108,5
85.7108,0
85.7162,3
85.722,1
85.7275,0
85.7329,6
85.733,3
85.733,0
85.7332,8
85.7385,1
85.7387,0
85.7388,12
85.7446,5
85.7446,1
85.7447,0
85.7501,7
85.7556,6
85.7557,2
85.7611,0
85.7669,2
85.7723,0
85.7777,9
85.7778,8
85.7832,1
85.7886,0
85.794,1
85.7941,0
85.7996,7
85.805,6
85.8051,2
85.8105,0
85.8161,11
85.8162,6
85.8162,2
85.8162,0
85.8216,3
85.8217,0
85.8272,5
85.8274,3
85.8328,0
85.833,2
85.8331,0
85.8385,11
85.8386,6
85.8386,4
85.8388,3
85.8445,0
85.8499,13
85.8554,10
85.8554,7
85.8556,0
85.8611,6
85.8613,0
85.8615,12
85.867,3
85.8725,0
85.8833,2
85.8887,0
85.8942,10
85.8997,0
85.9051,13
85.9106,7
85.9106,1
85.916,0
85.9215,3
85.9269,0
85.927,15
85.9272,0
85.9326,14
85.938,8
85.9381,1
85.9436,0
85.9437,9
85.9438,0
85.9492,1
85.9549,0
85.9603,5
85.9604,3
85.9605,0
85.966,9
85.9662,8
85.9664,6
85.9718,0
85.972,3
85.9774,0
85.9828,2
85.9829,0
85.9883,12
85.9884,9
85.9939,0
85.994,11
85.9993,5
85.9993,3
86.0047,2
86.0048,0
86.0049,9
86.0049,8
86.0104,7
86.0104,0
86.0158,8
86.0213,0
86.0268,6
86.0326,2
86.0326,1
86.038,0
86.0381,10
86.0436,0
86.049,7
86.0493,5
86.0548,2
86.0549,0
86.0603,3
86.0603,0
86.0658,4
86.066,0
86.0662,12
86.0663,2
86.0664,0
86.0718,2
86.0718,0
86.0772,13
86.0773,9
86.0828,0
86.0882,12
86.0883,8
86.0883,1
86.0938,0
86.0993,9
86.1048,6
86.1049,0
86.1105,1
86.1105,0
86.1159,5
86.116,0
86.1214,10
86.1215,6
86.127,3
86.127,0
86.1325,10
86.1325,6
86.1381,0
86.1382,10
86.1383,7
86.1437,6
86.1438,2
86.1492,0
86.1547,5
86.1551,0
86.1552,15
86.1553,12
86.1608,6
86.1608,4
86.1608,0
86.1663,2
86.1717,0
86.1718,7
86.1722,1
86.1776,0
86.1831,4
86.1831,0
86.1885,12
86.194,11
86.1995,8
86.205,6
86.205,0
86.2159,5
86.216,0
86.2214,6
86.2215,0
86.2269,14
86.227,13
86.227,5
86.2272,0
86.2327,6
86.2327,0
86.2382,7
86.2436,6
86.2491,4
86.2546,0
86.255,1
86.255,0
86.2605,9
86.2659,0
86.2661,12
86.2662,6
86.2719,0
86.2774,13
86.2774,11
86.2829,6
86.2829,3
86.2884,0
86.2938,6
86.2939,0
86.2994,10
86.3049,8
86.3049,6
86.3049,3
86.3104,0
86.3106,11
86.3159,0
86.3161,3
86.3161,2
86.3161,0
86.3215,1
86.3216,0
86.327,1
86.3325,0
86.3379,7
86.338,1
86.338,0
86.3543,1
86.3546,0
86.3655,10
86.371,6
86.371,3
86.3711,0
86.3765,10
86.3768,5
86.3769,2
86.3823,0
86.3825,10
86.3935,6
86.3935,4
86.3935,0
86.3989,14
86.399,12
86.4045,6
86.4045,5
86.4045,0
86.41,7
86.4154,0
86.4156,2
86.4156,0
86.421,3
86.4211,0
86.4265,9
86.432,6
86.4321,0
86.4375,12
86.4375,10
86.443,8
86.443,6
86.4485,2
86.454,0
86.4594,15
86.4598,4
86.4653,0
86.4707,9
86.4765,0
86.4819,5
86.482,4
86.4875,0
86.4929,7
86.4984,6
86.4984,0
86.5038,15
86.5039,10
86.5039,7
86.5094,6
86.5095,0
86.5149,3
86.5149,2
86.5204,1
86.5258,0
86.5313,3
86.5313,0
86.5367,1
86.5368,0
86.5422,4
86.5491,0
86.5545,15
86.5546,13
86.5546,11
86.56,6
86.5604,2
86.5658,0
86.5712,5
86.5767,0
86.5768,10
86.5823,0
86.5878,9
86.588,6
86.5881,0
86.5883,5
86.5883,3
86.5938,0
86.5992,8
86.5992,6
86.6047,3
86.6101,0
86.6155,5
86.621,0
86.6264,8
86.6264,7
86.6266,0
86.632,1
86.6374,0
86.6429,1
86.6431,0
86.6433,11
86.6433,10
86.6434,2
86.6434,0
86.6489,12
86.6544,0
86.6545,10
86.6598,6
86.6598,0
86.66,4
86.6657,1
86.6711,0
86.6766,9
86.6767,0
86.6769,8
86.6822,2
86.6825,0
86.6879,13
86.6934,4
86.6988,1
86.6989,0
86.699,2
86.7044,0
86.7098,4
86.7153,0
86.7207,11
86.7261,3
86.7262,0
86.7318,2
86.7372,1
86.7426,0
86.7481,7
86.7483,4
86.7538,0
86.7539,6
86.7594,5
86.7594,0
86.7705,4
86.7706,0
86.7815,15
86.7816,8
86.7816,6
86.7817,5
86.7871,0
86.7926,8
86.798,6
86.8035,0
86.8036,2
86.809,0
86.8144,4
86.8199,0
86.8254,9
86.8308,0
86.8309,3
86.8419,1
86.8473,0
86.8528,7
86.853,1
86.8639,0
86.8641,11
86.8697,8
86.8752,6
86.8752,2
86.8754,0
86.8808,2
86.8862,0
86.8863,15
86.8866,10
86.8921,9
86.8975,4
86.8975,0
86.903,7
86.9084,0
86.9138,6
86.9139,3
86.9193,0
86.9247,6
86.9302,0
86.952,5
86.9522,0
86.9524,9
86.9526,5
86.9527,0
86.9581,4
86.9582,0
86.9636,1
86.9637,0
86.9748,6
86.9748,4
86.9803,2
86.9857,0
86.9911,4
86.9915,0
86.9969,1
86.9971,0
87.0133,7
87.0135,0
87.0189,5
87.019,3
87.0244,0
87.0298,15
87.0299,11
87.0354,0
87.0408,11
87.0463,10
87.0517,7
87.0517,6
87.052,5
87.0574,0
87.0629,8
87.0683,3
87.0684,0
87.0738,9
87.0741,7
87.0795,2
87.0796,0
87.085,14
87.0851,12
87.0905,6
87.0908,5
87.0963,2
87.1018,1
87.1018,0
87.1019,5
87.1074,2
87.1074,0
87.1129,14
87.1182,12
87.1183,4
87.1238,0
87.1239,5
87.1292,0
87.1346,9
87.1347,8
87.1401,7
87.1402,0
87.1456,10
87.1511,3
87.1565,1
87.1565,0
87.1567,8
87.1569,6
87.1678,0
87.1732,14
87.179,12
87.179,6
87.1845,0
87.1899,7
87.1899,6
87.1901,0
87.1955,2
87.1958,0
87.1959,4
87.196,0
87.1962,4
87.2016,1
87.2016,0
87.207,11
87.2125,9
87.218,0
87.2234,7
87.2288,0
87.2508,7
87.2508,3
87.251,0
87.2564,14
87.2567,11
87.2621,3
87.2623,1
87.2623,0
87.2625,12
87.2679,3
87.2733,0
87.2787,15
87.2791,14
87.2846,5
87.2846,0
87.2955,8
87.2957,6
87.3012,1
87.3067,0
87.3068,8
87.3123,6
87.3177,0
87.3231,8
87.3232,7
87.3286,1
87.334,0
87.3394,1
87.3395,0
87.345,14
87.3503,10
87.3504,0
87.3506,9
87.3507,5
87.3507,4
87.3507,0
87.3562,1
87.3562,0
87.3617,4
87.3619,0
87.3621,15
87.3675,6
87.373,2
87.373,0
87.3784,5
87.3787,2
87.3788,0
87.3842,7
87.3843,6
87.3897,0
87.3952,8
87.3952,3
87.4007,0
87.4061,11
87.4115,5
87.4118,4
87.4227,2
87.4337,0
87.4391,1
87.4391,0
87.4446,7
87.4501,6
87.4501,1
87.4555,0
87.4557,14
87.4557,12
87.4557,11
87.4612,8
87.4612,7
87.4615,2
87.467,0
87.4724,1
87.4724,0
87.4832,11
87.4836,9
87.4836,7
87.4891,6
87.4891,3
87.4945,0
87.5,4
87.5002,2
87.5003,0
87.5005,4
87.5005,3
87.5007,0
87.5062,5
87.5116,0
87.5117,7
87.5118,6
87.5172,5
87.5226,1
87.5227,0
87.5281,4
87.5335,3
87.539,1
87.5445,0
87.5553,12
87.5608,10
87.5608,2
87.5666,0
87.572,3
87.5721,1
87.5775,0
87.5941,9
87.5995,7
87.5995,0
87.5997,7
87.6051,5
87.6051,3
87.6054,2
87.6108,0
87.6162,12
87.6217,10
87.6217,6
87.6217,4
87.6272,2
87.6327,0
87.6382,14
87.6436,6
87.6436,2
87.6491,0
87.6492,11
87.6545,3
87.66,0
87.6601,2
87.6602,0
87.6657,3
87.6659,0
87.6661,3
87.6714,0
87.6715,3
87.6716,0
87.677,13
87.6771,7
87.6772,2
87.6774,0
87.6828,13
87.6828,11
87.6883,6
87.6886,4
87.694,0
87.7103,1
87.7106,0
87.7107,8
87.716,0
87.7215,12
87.7217,0
87.7272,5
87.7327,0
87.7381,8
87.7436,7
87.7436,6
87.7436,1
87.749,0
87.7652,1
87.7655,0
87.7709,1
87.7712,0
87.7768,15
87.7877,12
87.7932,7
87.7935,4
87.7989,0
87.8043,4
87.8044,0
87.8153,11
87.8155,10
87.8155,7
87.821,6
87.821,2
87.8265,0
87.832,11
87.8321,7
87.8322,2
87.8322,0
87.8377,5
87.8431,0
87.8432,15
87.8433,7
87.8434,4
87.8488,0
87.8542,10
87.8597,0
87.8651,10
87.8709,9
87.8764,0
87.9038,6
87.9038,2
87.9096,1
87.9097,0
87.9151,13
87.926,11
87.9315,0
87.9369,3
87.9424,0
87.9478,11
87.9532,4
87.9533,0
87.9589,3
87.9643,0
87.9697,11
87.9697,8
87.9755,7
87.9809,5
87.9809,0
87.9864,1
87.9864,0
87.9919,1
87.9973,0
87.9978,12
88.0032,4
88.0087,0
88.0142,4
88.0196,1
88.0196,0
88.025,12
88.0304,10
88.0305,6
88.0308,5
88.0362,4
88.0362,1
88.0417,0
88.0525,4
88.0526,0
88.0581,1
88.0636,0
88.069,4
88.0691,0
88.0799,13
88.0802,11
88.0856,9
88.0911,6
88.0911,4
88.0966,0
88.097,14
88.0971,9
88.1026,7
88.1026,6
88.1026,4
88.1027,0
88.1193,5
88.1248,4
88.1303,0
88.1305,13
88.1359,0
88.1468,1
88.1522,0
88.1576,5
88.1577,3
88.1577,0
88.1633,2
88.1633,0
88.1635,11
88.1689,3
88.1689,1
88.1744,0
88.1799,10
88.1801,5
88.1801,4
88.1855,3
88.1856,0
88.1857,2
88.1912,1
88.1966,0
88.202,12
88.2075,7
88.2078,3
88.2078,0
88.2132,2
88.219,1
88.2244,0
88.2298,7
88.2298,6
88.2299,0
88.2354,15
88.2409,14
88.2409,11
88.2464,9
88.2518,0
88.252,14
88.2573,6
88.2573,5
88.2628,3
88.2683,1
88.2737,0
88.2791,9
88.2792,8
88.2792,5
88.2793,0
88.2848,11
88.2851,7
88.2905,6
88.2906,0
88.2907,4
88.2961,0
88.3015,11
88.3019,10
88.3073,9
88.3128,7
88.3182,4
88.3183,0
88.3241,13
88.3242,12
88.3243,7
88.3243,0
88.3297,12
88.3299,9
88.3354,0
88.3408,15
88.3409,14
88.3464,3
88.3518,0
88.3573,12
88.3627,5
88.3627,3
88.3681,2
88.3682,0
88.3683,7
88.3738,6
88.3738,1
88.3792,0
88.3847,15
88.3849,12
88.385,7
88.3851,2
88.3852,0
88.3853,10
88.3907,7
88.3908,0
88.3963,3
88.4016,1
88.4018,0
88.4186,14
88.4241,10
88.4245,0
88.43,4
88.43,0
88.4302,15
88.4356,7
88.441,5
88.4411,0
88.4465,9
88.4519,7
88.4519,4
88.4521,2
88.4522,0
88.458,1
88.458,0
88.4743,11
88.4743,10
88.4744,9
88.4745,1
88.4745,0
88.4799,4
88.48,0
88.4854,10
88.4857,6
88.4857,3
88.4911,0
88.4913,10
88.4967,7
88.4967,4
88.5022,0
88.5076,8
88.5079,5
88.5079,4
88.5081,0
88.5136,6
88.519,0
88.5245,3
88.5299,0
88.53,9
88.5303,6
88.5357,4
88.5412,0
88.5466,7
88.5468,5
88.5468,3
88.5523,0
88.5577,10
88.5578,3
88.5633,0
88.5741,10
88.5742,9
88.5743,5
88.5743,0
88.5797,12
88.5798,5
88.5853,4
88.5853,2
88.5911,0
88.5965,14
88.5966,9
88.5967,3
88.5967,0
88.6021,6
88.6076,1
88.6079,0
88.6133,8
88.6134,2
88.6188,0
88.6243,7
88.6299,3
88.6301,2
88.6356,0
88.6357,12
88.6359,6
88.6359,1
88.636,0
88.6414,12
88.6414,10
88.6469,8
88.6523,1
88.6578,0
88.674,8
88.6795,7
88.6796,0
88.685,12
88.6851,9
88.6851,8
88.6909,2
88.6963,0
88.7018,4
88.7071,0
88.7073,5
88.713,0
88.7184,8
88.7239,0
88.7296,9
88.7299,0
88.73,5
88.7353,0
88.7407,9
88.7462,6
88.7463,2
88.7517,0
88.7571,1
88.7625,0
88.768,3
88.7734,0
88.7735,11
88.7735,10
88.779,0
88.7844,2
88.7899,0
88.7953,3
88.7956,1
88.801,0
88.812,6
88.8177,5
88.8179,0
88.818,15
88.8234,11
88.8234,5
88.829,0
88.8344,13
88.8347,12
88.8402,0
88.8457,9
88.8512,0
88.8566,3
88.8567,2
88.8567,1
88.8569,0
88.8623,5
88.8677,3
88.8677,0
88.8787,4
88.8841,0
88.8896,13
88.895,9
88.8953,2
88.8955,0
88.8956,2
88.901,0
88.9064,4
88.9065,1
88.9119,0
88.9173,15
88.9228,7
88.9229,1
88.9283,0
88.9337,13
88.934,11
88.9394,9
88.9449,6
88.9449,0
88.956,9
88.956,4
88.9615,0
88.9669,6
88.967,3
88.9724,0
88.9779,15
88.9781,0
88.9782,6
88.9837,4
88.9837,0
88.9891,4
88.9946,3
88.9946,0
89,8
89.0004,4
89.0004,1
89.0058,0
89.0113,6
89.0166,5
89.0169,4
89.0278,2
89.0279,0
89.028,11
89.0335,4
89.0335,0
89.039,4
89.0392,0
89.0448,1
89.0502,0
89.061,8
89.0611,4
89.0612,0
89.0666,10
89.0667,9
89.0721,8
89.0722,6
89.0722,4
89.0776,0
89.083,12
89.0831,10
89.0885,2
89.094,0
89.0995,2
89.0997,1
89.1052,0
89.1053,1
89.1106,0
89.116,4
89.116,3
89.1217,0
89.1272,11
89.1273,8
89.1273,1
89.1328,0
89.1329,7
89.133,4
89.1384,0
89.1438,9
89.1442,8
89.1496,7
89.1551,1
89.1605,0
89.1659,7
89.1714,4
89.1714,0
89.1768,12
89.1769,10
89.1824,0
89.1878,7
89.1879,1
89.188,0
89.1934,8
89.1934,7
89.1934,6
89.1988,4
89.1989,0
89.2044,1
89.2046,0
89.2047,10
89.2101,3
89.2156,0
89.221,13
89.2267,10
89.2268,1
89.2269,0
89.2323,2
89.2324,0
89.2378,15
89.2378,14
89.2433,4
89.2487,0
89.2541,7
89.2542,0
89.2597,8
89.2651,0
89.2653,5
89.2707,0
89.2761,1
89.2762,0
89.2817,11
89.2871,9
89.2871,0
89.2873,9
89.2927,7
89.2927,0
89.2981,10
89.2982,4
89.3037,0
89.3095,15
89.315,0
89.3205,15
89.3262,8
89.3264,0
89.3318,14
89.3319,6
89.3319,5
89.3373,3
89.3374,0
89.3428,3
89.3428,0
89.3482,3
89.3483,0
89.3537,12
89.3538,11
89.3538,10
89.3539,9
89.354,0
89.3648,12
89.3648,8
89.365,1
89.365,0
89.3704,13
89.3705,10
89.376,0
89.3814,3
89.3814,0
89.3869,15
89.387,6
89.3871,0
89.3925,9
89.3926,0
89.3981,1
89.3982,0
89.3983,12
89.4038,0
89.4093,10
89.4095,2
89.415,0
89.4151,5
89.4205,3
89.4205,0
89.4314,8
89.4318,2
89.4319,0
89.4373,15
89.4374,10
89.4429,0
89.4483,8
89.4483,7
89.4538,0
89.4646,13
89.4647,7
89.4648,1
89.4648,0
89.4702,9
89.4703,0
89.4757,12
89.4759,9
89.476,0
89.4924,9
89.4925,8
89.498,0
89.5034,15
89.5035,7
89.5035,0
89.5091,3
89.5093,1
89.5147,0
89.5149,4
89.5203,3
89.5203,0
89.5257,8
89.5258,0
89.5313,1
89.5316,0
89.5424,5
89.5426,0
89.548,7
89.5481,0
89.5535,7
89.559,1
89.559,0
89.5644,15
89.5698,14
89.5699,0
89.5754,1
89.5808,0
89.5862,7
89.5917,0
89.5972,4
89.6026,0
89.6027,7
89.6028,2
89.6082,0
89.6137,1
89.6139,0
89.6141,10
89.6195,6
89.6196,0
89.625,2
89.625,0
89.6359,10
89.6363,1
89.6364,0
89.6418,9
89.6418,6
89.6473,0
89.6581,13
89.6581,12
89.6582,9
89.6583,0
89.6637,1
89.6638,0
89.6692,9
89.6693,7
89.6694,0
89.6748,7
89.6749,5
89.6803,0
89.6858,8
89.6872,3
89.6926,0
89.6927,6
89.6928,4
89.693,2
89.6985,0
89.7093,2
89.7093,0
89.7148,6
89.715,5
89.7151,0
89.7261,9
89.7263,6
89.7317,0
89.7372,11
89.7429,6
89.7429,4
89.7484,0
89.7485,14
89.7487,4
89.7487,2
89.7544,0
89.7599,9
89.7654,0
89.7763,1
89.7818,0
89.7982,6
89.8036,0
89.8037,13
89.8091,5
89.8146,0
89.82,9
89.8203,8
89.8257,6
89.8257,4
89.8312,0
89.8313,6
89.8314,5
89.8371,2
89.8425,0
89.848,15
89.8535,12
89.8537,0
89.8591,10
89.8594,5
89.8649,0
89.865,13
89.8705,4
89.8759,1
89.876,0
89.8814,11
89.8814,10
89.8869,2
89.8923,0
89.8978,7
89.8978,5
89.8978,2
89.9033,0
89.9087,1
89.9141,0
89.9196,4
89.9198,3
89.9253,0
89.9254,13
89.9309,5
89.9309,0
89.9363,1
89.9365,0
89.9419,3
89.9476,0
89.9585,1
89.9587,0
89.9589,15
89.959,4
89.9591,0
89.9645,7
89.97,6
89.97,4
89.9754,0
89.9808,7
89.9863,6
89.9864,0
89.9918,6
89.9972,2
89.9973,0
90.0027,11
90.0027,7
90.0082,0
90.0137,8
90.0191,5
90.0191,0
90.025,2
90.0251,0
90.0359,6
90.0413,1
90.0416,0
90.0471,10
90.0472,8
90.0527,0
90.0581,1
90.0638,0
90.0746,12
90.0801,11
90.0856,9
90.0911,7
90.0911,6
90.0911,3
90.0912,0
90.0966,11
90.0967,8
90.1021,0
90.1131,7
90.1185,0
90.1186,2
90.1187,1
90.1241,0
90.1295,13
90.1298,4
90.1299,3
90.13,0
90.1301,3
90.1302,0
90.1356,13
90.1357,7
90.1411,3
90.1412,0
90.1466,12
90.147,7
90.1525,6
90.1525,5
90.1526,0
90.1528,3
90.1581,0
90.1636,10
90.1638,9
90.1693,0
90.1695,10
90.1749,0
90.175,2
90.1804,0
90.1967,5
90.2022,0
90.2076,11
90.2077,9
90.2078,8
90.208,0
90.2189,2
90.2243,0
90.2298,3
90.23,0
90.2302,6
90.2355,0
90.2356,3
90.241,0
90.2464,7
90.2468,0
90.2522,5
90.2577,0
90.2631,1
90.2631,0
90.2686,12
90.2687,5
90.269,3
90.2745,0
90.2747,12
90.28,4
90.2855,0
90.2856,7
90.2909,0
90.2963,14
90.2964,7
90.2965,3
90.2966,0
90.302,15
90.302,14
90.3075,11
90.3075,8
90.313,0
90.324,8
90.3294,2
90.3297,0
90.3352,7
90.3407,0
90.3408,6
90.3461,0
90.3463,2
90.3519,0
90.3628,6
90.3629,1
90.363,0
90.3684,11
90.3687,9
90.3741,0
90.3743,15
90.3798,8
90.3852,3
90.3852,0
90.3907,4
90.3908,0
90.3909,12
90.3962,7
90.3963,4
90.4017,0
90.4071,7
90.4126,0
90.418,7
90.4235,0
90.4289,13
90.4289,9
90.429,5
90.4344,1
90.4347,0
90.4401,15
90.4426,10
90.4426,4
90.4456,1
90.4456,0
90.451,1
90.4513,0
90.4567,7
90.4622,0
90.4704,12
90.4707,7
90.4762,6
90.4762,3
90.4763,0
90.4765,5
90.4766,0
90.482,3
90.4821,0
90.4875,15
90.4876,12
90.493,6
90.4932,3
90.4933,0
90.4987,4
90.4988,0
90.5042,12
90.5043,9
90.5098,6
90.5098,3
90.5152,0
90.5206,14
90.5207,12
90.5209,10
90.5263,5
90.5264,0
90.5318,10
90.5372,6
90.5375,2
90.5375,0
90.5431,7
90.5486,0
90.554,13
90.5598,7
90.5652,6
90.5653,3
90.5654,1
90.5654,0
90.5708,13
90.5762,10
90.5762,9
90.5765,6
90.582,5
90.5821,0
90.5822,9
90.5876,3
90.5876,0
90.5931,1
90.5931,0
90.5986,15
90.6041,4
90.6095,0
90.6097,15
90.6152,7
90.6206,0
90.626,10
90.6315,2
90.6373,0
90.6427,8
90.6427,6
90.6428,4
90.6482,2
90.6482,0
90.6536,1
90.6593,0
90.6647,6
90.6649,0
90.6703,9
90.6703,6
90.6761,3
90.6816,1
90.687,0
90.6924,5
90.6978,0
90.7033,2
90.7087,0
90.7141,13
90.7142,7
90.7197,6
90.7197,4
90.7251,0
90.7305,3
90.7306,0
90.736,5
90.7414,2
90.7414,1
90.7417,0
90.7471,1
90.7526,0
90.758,15
90.7583,14
90.7638,8
90.7693,6
90.7693,4
90.7747,0
90.7802,3
90.7805,2
90.7914,0
90.7969,13
90.8023,3
90.8077,0
90.8079,2
90.8133,0
90.8241,2
90.8296,0
90.835,11
90.8404,7
90.8408,4
90.8462,0
90.8516,13
90.8571,11
90.8625,6
90.8629,3
90.8683,0
90.8737,1
90.8737,0
90.8793,13
90.8795,11
90.8795,10
90.885,8
90.885,4
90.8904,0
90.8906,12
90.8907,4
90.8907,1
90.8908,0
90.8962,15
90.9016,12
90.9017,4
90.9071,0
90.9072,3
90.9127,0
90.9181,1
90.9235,0
90.9289,2
90.9344,0
90.9453,1
90.9455,0
90.9456,8
90.9458,3
90.9458,0
90.9512,9
91.4576,6
91.4578,3
91.4578,0
91.4632,4
91.4687,0
91.4741,13
91.4741,12
91.4798,10
91.4799,0
91.4853,11
91.4855,7
91.4855,0
91.5018,11
91.5019,6
91.5019,2
91.502,0
91.5075,8
91.5129,0
91.513,3
91.5184,0
91.5238,12
91.5293,2
91.5294,0
91.5348,10
91.5403,0
91.5457,13
91.5458,9
91.5512,5
91.5513,0
91.5567,12
91.5568,5
91.5571,0
91.5625,10
91.5626,7
91.5627,0
91.5681,10
91.5736,1
91.5736,0
91.5791,2
91.5794,0
91.5848,4
91.5849,0
91.5903,2
91.5904,0
91.5958,13
91.5958,10
91.5959,9
91.596,0
91.6014,10
91.6015,9
91.6069,4
91.6069,0
91.6123,11
91.6179,0
91.6233,13
91.6233,8
91.6234,3
91.6235,0
91.6289,4
91.6344,1
91.6344,0
91.6399,3
91.6412,0
91.6468,2
91.6522,0
91.6576,14
91.6631,8
91.6634,7
91.6635,0
91.6689,2
91.669,0
91.6744,8
91.6801,5
91.6856,1
91.6856,0
91.6858,13
91.691,12
91.6911,0
91.6913,15
91.6913,13
91.6968,12
91.6968,6
91.6969,2
91.7023,0
91.7024,9
91.7026,2
91.7026,1
91.7029,0
91.7083,6
91.7083,4
91.7138,0
91.7192,3
91.7246,0
91.7355,5
91.7355,3
91.741,0
91.7464,1
91.7465,0
91.7466,10
91.7521,0
91.7684,11
91.7686,10
91.7687,9
91.7687,5
91.7688,0
91.7744,15
91.7799,4
91.7856,0
91.7911,5
91.7912,0
91.7968,2
91.8022,1
91.8022,0
91.8077,10
91.8079,8
91.8134,6
91.8134,3
91.8134,2
91.8188,0
91.819,4
91.8244,0
91.8298,6
91.8298,3
91.8353,0
91.8407,6
91.8407,5
91.8462,0
91.8516,6
91.857,0
91.8572,9
91.8625,0
91.868,1
91.8682,0
91.8737,13
91.8739,3
91.8739,0
91.8793,2
91.8796,0
91.8906,13
91.8962,6
91.8962,2
91.8963,0
91.9017,2
91.9075,0
91.9129,14
91.913,12
91.9184,2
91.9185,0
91.9239,10
91.924,2
91.9241,0
91.9295,13
91.9297,9
91.9352,0
91.9461,3
91.9462,1
91.9464,0
91.9465,1
91.9466,0
91.952,13
91.952,12
91.9575,10
91.9575,6
91.9576,4
91.963,3
91.9684,0
91.9738,14
91.9739,13
91.9794,4
91.9794,0
91.9849,3
91.9905,2
91.996,0
91.9961,12
91.9962,11
91.9963,2
92.0017,0
92.0072,5
92.0075,3
92.0129,0
92.0184,13
92.0238,1
92.0239,0
92.024,12
92.0295,5
92.0295,3
92.0349,0
92.0458,11
92.0513,9
92.0567,6
92.0568,0
92.0622,4
92.0623,2
92.0677,0
92.0731,3
92.0735,0
92.0789,8
92.0789,7
92.0844,1
92.0844,0
92.0898,8
92.0901,7
92.0956,0
92.101,10
92.1011,6
92.1012,0
92.1067,9
92.1068,0
92.1069,8
92.1124,2
92.1127,0
92.1184,13
92.1236,10
92.1237,0
92.1292,15
92.1294,0
92.1295,3
92.1296,1
92.1296,0
92.135,11
92.146,7
92.1515,6
92.1515,2
92.1515,0
92.1623,12
92.1678,10
92.1736,9
92.1737,1
92.1737,0
92.1792,11
92.1847,0
92.1955,1
92.1959,0
92.2013,11
92.2013,9
92.2068,7
92.2068,6
92.2068,3
92.2123,0
92.2177,5
92.218,0
92.2181,12
92.2236,2
92.229,0
92.2344,10
92.2399,6
92.2399,5
92.2454,3
92.2509,0
92.2617,1
92.2618,0
92.2672,14
92.2672,12
92.2673,9
92.2674,6
92.2674,2
92.2729,0
92.2783,15
92.7825,10
92.7839,7
92.7894,6
92.7895,0
92.7896,2
92.795,0
92.8004,11
92.8005,0
92.8059,5
92.8114,0
92.8171,10
92.8172,6
92.8172,0
92.8227,9
92.8285,0
92.8339,14
92.834,10
92.8395,6
92.8395,5
92.845,0
92.8504,3
92.8505,0
92.8559,1
92.8559,0
92.8613,13
92.8614,4
92.8617,0
92.8671,4
92.8671,1
92.8726,0
92.878,8
92.8781,0
92.889,14
92.8891,9
92.8893,7
92.8947,6
92.8947,3
92.8948,0
92.9002,1
92.9057,0
92.9058,6
92.9059,0
92.9113,12
92.9117,8
92.9172,6
92.9172,4
92.9227,0
92.9281,11
92.9284,9
92.9339,6
92.9339,5
92.9394,1
92.9449,0
92.9503,14
92.9504,5
92.9559,3
92.9668,0
92.9722,6
92.9777,3
92.9778,0
92.9832,12
92.9832,11
92.9887,6
92.9887,1
92.9888,0
92.9942,4
92.9997,0
92.9999,1
92.9999,0
93.0053,9
93.0054,6
93.0054,0
93.0166,3
93.0221,1
93.0276,0
93.033,12
93.0333,0
93.0389,14
93.039,11
93.0499,8
93.0554,6
93.0554,5
93.0609,3
93.0609,1
93.0664,0
93.0718,8
93.0719,2
93.0773,1
93.0773,0
93.0828,13
93.0883,6
93.0883,2
93.0938,0
93.0992,1
93.1102,0
93.1156,1
93.1159,0
93.1213,8
93.1282,2
93.1337,0
93.1391,2
93.1445,0
93.1446,6
93.1449,2
93.1504,0
93.1613,14
93.1722,13
93.1777,6
93.1831,0
93.194,6
93.1998,0
93.2052,11
93.2054,8
93.2055,0
93.2109,14
93.2164,9
93.2167,6
93.2221,0
93.233,6
93.2384,2
93.2384,0
93.2442,12
93.2443,6
93.2498,4
93.2552,0
93.2554,1
93.2554,0
93.2609,7
93.2663,0
93.2664,17
93.2717,14
93.2717,9
93.2772,3
93.2772,0
93.2774,1
93.2774,0
93.2828,11
93.2829,8
93.2884,6
93.2884,0
93.2938,14
93.2939,11
93.2994,9
93.2994,6
93.2994,0
93.3103,11
93.3104,7
93.3104,4
93.3159,0
93.3214,13
93.3217,7
93.3272,6
93.3272,1
93.3327,0
93.3329,12
93.3383,8
93.3386,4
93.3441,0
93.3495,6
93.3496,2
93.355,0
93.3605,9
93.3605,6
93.366,0
93.3714,11
93.3714,9
93.3824,6
93.3824,3
93.3879,0
93.3933,10
93.3934,6
93.3934,4
93.3989,0
93.4043,9
93.4044,7
93.4044,1
93.4099,0
93.4208,10
93.4213,3
93.4268,2
93.4268,0
93.4378,3
93.4378,1
93.4435,0
93.4437,10
93.4491,3
93.4546,2
93.4601,0
93.4655,9
93.4656,2
93.471,0
93.4765,8
93.4874,6
93.4875,0
93.4929,14
93.493,13
93.493,9
93.5039,6
93.504,0
93.5042,4
93.5094,2
93.5094,0
93.5096,9
93.5151,6
93.5152,0
93.5206,11
93.5263,2
93.5265,0
93.5267,11
93.5321,0
93.5376,14
93.5376,9
93.5377,1
93.5379,0
93.5433,2
93.5436,1
93.5491,0
93.56,7
93.56,5
93.5655,2
93.571,0
93.5764,8
93.5765,0
93.5819,14
93.582,5
93.5823,0
93.5877,8
93.5877,6
93.5878,3
93.5932,0
93.5986,13
93.5987,9
93.6042,6
93.6042,1
93.6097,0
93.6151,8
93.6206,6
93.6207,0
93.6318,13
93.6374,6
93.6374,0
93.6428,5
93.6429,3
93.6483,0
93.6537,8
93.6538,0
93.6593,12
93.6593,11
93.6593,10
93.6648,6
93.6649,0
93.6757,13
93.6812,11
93.6867,6
93.6867,3
93.6922,2
93.6922,0
93.6976,9
93.6977,4
93.7032,0
93.7086,13
93.7141,10
93.7142,0
93.7196,11
93.7196,6
93.7199,2
93.7199,1
93.7253,0
93.7307,3
93.7362,0
93.7416,12
93.7417,3
93.7417,0
93.7472,5
93.7474,3
93.7529,2
93.7584,0
93.7585,12
93.7586,4
93.7641,0
93.7695,13
93.7751,6
93.7751,0
93.7805,10
93.782,9
93.7875,0
93.7929,5
93.7931,1
93.7986,0
93.804,6
93.8094,5
93.8094,0
93.8096,14
93.8099,11
93.8153,9
93.8208,8
93.8263,0
93.8317,3
93.8374,0
93.8429,2
93.8487,0
93.8541,8
93.8596,0
93.865,14
93.8705,5
93.8759,4
93.8814,0
93.8923,9
93.8977,0
93.8979,13
93.9032,4
93.9032,0
93.9034,9
93.9088,4
93.9088,0
93.92,2
93.92,0
93.9255,13
93.931,4
93.9364,0
93.9369,3
93.9423,0
93.9477,15
93.9477,10
93.9532,4
93.9535,3
93.959,0
93.9752,7
93.9753,4
93.9754,0
93.9809,5
93.9863,0
93.9864,11
93.9919,2
93.9973,1
94.0028,0
94.0082,2
94.0083,0
94.0137,10
94.0191,6
94.0194,2
94.0249,0
94.0304,4
94.0361,3
94.0362,0
94.0416,1
94.0417,0
94.0472,15
94.0473,6
94.0473,1
94.0527,0
94.0529,7
94.0531,4
94.0586,3
94.0641,0
94.0696,5
94.0749,0
94.0751,10
94.0805,1
94.086,0
94.0914,8
94.0968,2
94.0968,0
94.097,14
94.1024,8
94.1025,3
94.1079,2
94.1134,0
94.1189,7
94.1191,4
94.1245,0
94.1247,4
94.1301,0
94.1355,2
94.1356,0
94.1411,2
94.1465,0
94.1466,6
94.1515,4
94.152,0
94.1575,5
94.1577,4
94.1632,0
94.1634,15
94.1688,13
94.1689,2
94.169,0
94.1799,1
94.1852,0
94.1854,14
94.1854,12
94.1909,6
94.191,3
94.191,0
94.1965,2
94.2018,1
94.2019,0
94.202,5
94.2074,2
94.2076,0
94.2131,12
94.2132,0
94.2134,13
94.2188,3
94.2246,0
94.2301,2
94.2355,0
94.2356,13
94.2413,12
94.2415,6
94.247,0
94.2578,3
94.2581,0
94.2582,3
94.2584,0
94.2638,13
94.2692,6
94.2747,2
94.2802,0
94.2803,3
94.2858,0
94.2912,6
94.2913,0
94.3184,15
94.3185,14
94.3185,13
94.3241,6
94.3242,4
94.3352,0
94.3406,15
94.3407,12
94.3408,5
94.3462,0
94.3466,13
94.3521,7
94.3522,0
94.3631,2
94.3633,0
94.3635,15
94.3687,13
94.3688,9
94.3742,6
94.3743,4
94.3797,0
94.3798,6
94.3799,2
94.38,0
94.3854,1
94.3855,0
94.3911,9
94.3966,0
94.402,13
94.4074,8
94.4074,5
94.4129,2
94.4184,0
94.4239,10
94.424,7
94.4241,5
94.4241,2
94.4244,1
94.4299,0
94.4353,14
94.4354,9
94.4408,0
94.4462,15
94.4466,14
94.4467,10
94.4468,4
94.447,2
94.4524,0
94.4578,2
94.4632,0
94.4687,1
94.4689,0
94.4691,4
94.4692,0
94.4746,5
94.4748,3
94.4803,0
94.4804,8
94.4805,5
94.4859,0
94.4913,6
94.4967,5
94.4968,0
94.5022,1
94.5076,0
94.5131,1
94.5184,0
94.5186,1
94.524,0
94.5294,4
94.5296,3
94.5297,1
94.5351,0
94.5352,7
94.5407,0
94.5461,1
94.5461,0
94.5573,6
94.5627,4
94.5628,0
94.5682,1
94.5684,0
94.574,7
94.5742,1
94.5743,0
94.5797,4
94.5852,0
94.5907,3
94.596,0
94.5962,14
94.5962,10
94.6017,1
94.6072,0
94.6126,15
94.6127,9
94.6181,0
94.6291,14
94.6293,11
94.6295,9
94.635,0
94.6351,8
94.6406,0
94.646,6
94.6461,3
94.6461,2
94.6515,0
94.6573,13
94.6627,7
94.6685,0
94.6686,8
94.6687,6
94.6687,2
94.6687,0
94.6742,4
94.6796,0
94.685,15
94.6851,13
94.6906,4
94.6906,2
94.6906,1
94.696,0
94.7014,14
94.7016,4
94.707,1
94.707,0
94.7124,15
94.7179,14
94.7234,7
94.7289,6
94.7289,3
94.7343,0
94.7398,15
94.7452,4
94.7507,0
94.7509,7
94.7566,4
94.7621,1
94.7622,0
94.7676,3
94.7676,2
94.7733,1
94.7734,0
94.7788,6
94.7843,3
94.7897,0
94.7951,1
94.7952,0
94.8006,14
94.806,6
94.8061,3
94.8115,0
94.8169,7
94.817,5
94.8224,4
94.8279,0
94.8333,11
94.8387,7
94.8391,0
94.8392,13
94.8447,11
94.8501,5
94.8558,4
94.8613,0
94.8726,7
94.878,4
94.878,0
94.8834,11
94.8889,3
94.8944,0
94.8998,10
94.8999,9
94.9053,7
94.9054,0
94.9162,7
94.9163,1
94.9163,0
94.9165,15
94.9219,7
94.9386,5
94.9386,4
94.9495,1
94.9549,0
94.9603,12
94.9658,0
94.9712,14
94.9767,8
94.977,7
94.9825,6
94.9825,5
94.9879,0
94.9989,2
95.0042,0
95.0044,7
95.0098,4
95.0098,0
95.0152,12
95.0153,8
95.0207,6
95.0262,0
95.037,3
95.0371,0
95.0425,6
95.0428,3
95.0483,1
95.0483,0
95.0485,14
95.0539,13
95.0539,8
95.0594,3
95.0597,2
95.0597,0
95.0651,14
95.0706,2
95.076,0
95.0814,2
95.0818,1
95.0872,0
95.0982,8
95.0983,7
95.0983,3
95.0984,0
95.1038,14
95.1092,13
95.1093,5
95.1147,0
95.1148,10
95.115,4
95.115,3
95.115,0
95.1205,1
95.1258,0
95.126,3
95.1262,0
95.1371,13
95.1428,11
95.1482,7
95.1483,2
95.1538,0
95.1592,13
95.1649,8
95.1704,6
95.1759,2
95.176,0
95.1815,10
95.1817,7
95.1817,6
95.1871,4
95.1872,0
95.2036,7
95.2091,0
95.2145,3
95.2146,2
95.22,0
95.2255,11
95.2308,5
95.2363,3
95.2363,0
95.2364,13
95.2418,3
95.2472,0
95.2585,2
95.2642,0
95.2698,3
95.2699,0
95.2753,7
95.2755,0
95.2809,9
95.2866,7
95.2921,0
95.2975,11
95.303,6
95.303,0
95.3085,4
95.3085,3
95.3139,0
95.3193,13
95.3194,9
95.3248,3
95.3249,1
95.3303,0
95.3412,1
95.3466,0
95.3521,10
95.3523,6
95.3578,3
95.3632,0
95.3634,3
95.369,2
95.3745,0
95.3799,12
95.3799,11
95.3801,9
95.3801,0
95.3856,7
95.3859,1
95.3913,0
95.3915,9
95.3969,0
95.4023,2
95.4078,0
95.4132,14
95.4187,9
95.4242,6
95.4242,2
95.4296,0
95.435,1
95.4351,0
95.4406,11
95.446,5
95.446,0
95.4461,4
95.4515,0
95.4573,10
95.4628,7
95.4628,6
95.4628,3
95.4685,2
95.4686,0
95.474,4
95.4795,3
95.4849,0
95.4903,5
95.4958,0
95.5013,15
95.5122,8
95.5177,6
95.5177,5
95.5231,0
95.5233,10
95.5287,7
95.5288,6
95.5288,5
95.5289,0
95.5343,1
95.5344,0
95.5398,7
95.5452,6
95.5453,0
95.5507,14
95.551,11
95.5511,9
95.5512,0
95.5513,1
95.5513,0
95.5568,12
95.5622,6
95.5623,0
95.5624,14
95.5625,13
95.568,3
95.5737,0
95.5846,6
95.5848,0
95.5902,2
95.5905,0
95.6013,11
95.6014,5
95.6016,0
95.607,8
95.607,7
95.6125,2
95.6125,0
95.6179,12
95.6234,4
95.6289,0
95.6343,8
95.6398,2
95.6398,0
95.6452,4
95.6506,0
95.6561,2
95.6563,0
95.6565,11
95.6618,3
95.6618,2
95.6673,0
95.6674,1
95.6731,0
95.6839,5
95.6841,2
95.6896,0
95.695,4
95.6951,3
95.6951,0
95.7006,1
95.7008,0
95.7066,8
95.712,0
95.7121,2
95.7175,0
95.7285,9
95.7285,6
95.7286,0
95.7287,4
95.7288,2
95.7288,0
95.7342,14
95.7397,10
95.7398,7
95.7452,1
95.7506,0
95.7561,2
95.7563,1
95.7618,0
95.7673,7
95.7727,5
95.7728,2
95.7728,0
95.7783,15
95.7786,11
95.784,8
95.7841,0
95.7895,15
95.7896,12
95.795,6
95.7953,5
95.7955,0
95.801,4
95.801,2
95.8065,0
95.8119,14
95.812,7
95.8175,6
95.8175,3
95.8175,0
95.8229,15
95.823,9
95.8285,8
95.834,6
95.834,1
95.8395,0
95.8449,5
95.845,0
95.8504,5
95.8559,0
95.8613,10
95.8668,6
95.8668,5
95.8723,0
95.8777,8
95.8832,3
95.8835,0
95.8889,15
95.889,9
95.8945,8
95.8999,5
95.8999,4
95.9002,0
95.9111,5
95.9166,3
95.9221,0
95.9275,10
95.9276,6
95.9276,5
95.933,4
95.9385,0
95.9439,5
95.944,1
95.944,0
95.9494,15
95.955,9
95.9604,6
95.9605,4
95.9659,3
95.9714,0
95.9768,15
95.9823,10
95.9826,2
95.9881,0
95.9935,5
95.9936,1
95.9993,0
96.0047,11
96.0102,6
96.0103,0
96.0157,12
96.0212,10
96.0212,6
96.0213,2
96.0267,0
96.0431,6
96.0432,1
96.0434,0
96.0488,10
96.0489,7
96.0543,6
96.0544,0
96.0598,7
96.0599,3
96.0654,0
96.0762,6
96.0763,2
96.0818,1
96.0872,0
96.0929,9
96.093,8
96.093,0
96.0985,13
96.1043,3
96.1098,0
96.11,2
96.1155,0
96.1209,6
96.121,0
96.1318,4
96.1319,0
96.1429,11
96.1429,7
96.1432,1
96.1486,0
96.154,8
96.1595,6
96.1596,0
96.1704,10
96.1705,7
96.176,6
96.176,0
96.1814,9
96.1869,4
96.1873,0
96.1927,14
96.1928,8
96.1928,7
96.1982,6
96.1983,0
96.2037,5
96.204,4
96.2095,0
96.2149,5
96.215,3
96.215,1
96.2205,0
96.2368,6
96.2369,0
96.2477,8
96.2478,3
96.2533,2
96.2587,1
96.2587,0
96.2696,11
96.2697,8
96.2806,6
96.2807,0
96.2861,7
96.2915,2
96.2918,0
96.2972,14
96.2973,11
96.3042,5
96.3097,0
96.3151,7
96.3154,5
96.3155,4
96.3156,0
96.3266,14
96.3267,13
96.3321,7
96.3376,0
96.343,7
96.3484,5
96.3485,0
96.354,6
96.3595,0
96.3649,4
96.365,0
96.3705,4
96.3707,0
96.3763,4
96.3818,0
96.3872,14
96.3873,9
96.3927,4
96.3931,0
96.4039,6
96.4039,3
96.404,0
96.4095,1
96.4097,0
96.4153,10
96.4153,7
96.4154,4
96.4155,0
96.4209,10
96.421,8
96.4264,6
96.4264,0
96.4319,4
96.4373,0
96.4374,14
96.4428,12
96.4429,0
96.4538,13
96.4593,8
96.4593,4
96.4648,3
96.4702,0
96.4757,10
96.476,3
96.4815,0
96.4816,7
96.4817,2
96.4817,1
96.4818,0
96.4927,14
96.4932,10
96.4986,0
96.5041,14
96.5042,13
96.5097,0
96.5098,13
96.5151,9
96.5154,6
96.5209,0
96.521,12
96.5265,1
96.532,0
96.5374,7
96.5428,6
96.5429,0
96.5483,2
96.5483,0
96.5538,14
96.5591,12
96.5592,5
96.5647,4
96.5647,0
96.5649,14
96.5702,8
96.5759,4
96.5814,0
96.5815,10
96.5816,7
96.587,6
96.587,5
96.5925,0
96.5979,10
96.5983,3
96.6037,0
96.6091,14
96.6092,11
96.6146,5
96.6149,4
96.6204,0
96.6259,4
96.6313,0
96.6314,8
96.6368,3
96.6368,0
96.6422,12
97.1474,7
97.1489,5
97.1543,4
97.1598,0
97.1706,3
97.1707,1
97.1761,0
97.1815,11
97.1817,0
97.1818,10
97.1819,4
97.1874,0
97.1928,11
97.1931,5
97.1933,0
97.1935,4
97.1988,0
97.2042,3
97.2042,1
97.2099,0
97.2153,9
97.2154,6
97.2155,0
97.2318,1
97.2321,0
97.2484,6
97.2485,0
97.254,8
97.254,1
97.2595,0
97.2649,1
97.2649,0
97.2703,7
97.2704,4
97.2758,0
97.2812,8
97.2813,2
97.2867,0
97.2922,10
97.2924,9
97.2978,8
97.2979,0
97.298,3
97.2982,0
97.3036,7
97.3062,6
97.3064,1
97.309,0
97.3255,14
97.3256,9
97.3313,8
97.3368,6
97.3368,4
97.3369,0
97.3424,7
97.3478,0
97.3533,6
97.3533,4
97.3588,0
97.359,3
97.3643,0
97.3697,7
97.3698,2
97.3752,0
97.3861,3
97.3862,0
97.3916,8
97.397,4
97.3974,0
97.4028,2
97.4082,0
97.4083,1
97.414,0
97.4194,5
97.4195,2
97.4196,1
97.425,0
97.4304,10
97.4363,5
97.4417,0
97.4471,7
97.4526,0
97.458,8
97.4635,1
97.4689,0
97.4691,10
97.4746,0
97.48,6
97.4855,4
97.4855,0
97.4856,2
97.491,0
97.4965,9
97.4967,8
97.5022,0
97.5023,6
97.5078,0
97.5132,7
97.5186,2
97.5189,0
97.5298,10
97.5299,8
97.5299,2
97.53,0
97.5354,11
97.5357,8
97.5412,6
97.5467,0
97.5521,1
97.5521,0
97.563,6
97.5685,3
97.5686,0
97.574,4
97.5741,3
97.5795,2
97.5795,0
97.5849,7
97.5904,0
97.5959,15
97.6013,11
97.6016,9
97.6071,6
97.6126,1
97.618,0
97.6182,8
97.6236,3
97.6239,0
97.6294,11
97.6348,6
97.6348,1
97.6406,0
97.6407,2
97.6462,1
97.6516,0
97.657,2
97.657,1
97.6625,0
97.6734,5
97.6788,0
97.679,13
97.6845,0
97.6899,2
97.69,0
97.6954,11
97.6956,9
97.6956,8
97.7014,3
97.7068,2
97.7123,0
97.7124,15
97.7179,1
97.7233,0
97.7291,5
97.7345,0
97.7346,12
97.74,6
97.7403,4
97.7404,1
97.7404,0
97.7458,15
97.7513,14
97.7568,0
97.7622,2
97.7677,0
97.7732,9
97.7786,2
97.784,0
97.7841,15
97.7842,13
97.7897,2
97.7951,0
97.8061,1
97.8063,0
97.8064,1
97.8118,0
97.8228,14
97.8228,11
97.8286,5
97.8288,3
97.8288,1
97.8343,0
97.8397,7
97.8451,3
97.8454,2
97.8509,0
97.8511,7
97.8565,0
97.862,14
97.862,12
97.8675,5
97.8675,3
97.8729,0
97.8783,11
97.8784,9
97.8839,0
97.8893,5
97.8894,0
97.8949,12
97.9004,6
97.9004,1
97.9058,0
97.9113,12
97.9115,10
97.9117,0
97.9118,15
97.9173,7
97.9228,0
97.9339,6
97.9341,0
97.9395,4
97.9397,0
97.9451,8
97.9506,2
97.956,1
97.9561,0
97.9615,5
97.9615,2
97.967,0
97.9724,7
97.9725,6
97.9726,0
97.978,6
98.4793,1
98.4807,0
98.4861,5
98.4862,0
98.497,14
98.5025,13
98.5025,11
98.5027,2
98.5027,0
98.5136,2
98.5136,0
98.5191,11
98.5245,7
98.5248,4
98.5303,3
98.5357,0
98.5411,2
98.5466,0
98.552,7
98.5574,0
98.5629,14
98.5632,13
98.5687,12
98.5741,10
98.5796,0
98.585,15
98.5851,13
98.5905,11
98.5959,10
98.596,3
98.6015,0
98.6069,13
98.6124,3
98.6124,1
98.6236,0
98.629,11
98.6291,10
98.6346,0
98.64,3
98.64,0
98.6512,9
98.6512,6
98.6514,0
98.6677,6
98.6679,4
98.6679,1
98.6734,0
98.6791,5
98.6846,0
98.69,4
98.6955,0
98.7009,8
98.701,7
98.7011,0
98.7012,9
98.7067,1
98.7068,0
98.7177,13
98.7178,7
98.7178,5
98.7233,3
98.729,2
98.7345,1
98.7399,0
98.7453,9
98.7508,0
98.7617,12
98.7618,6
98.7619,0
98.7673,1
98.7676,0
98.7732,15
98.7733,13
98.7788,11
98.7842,0
98.7897,13
98.7898,9
98.7953,2
98.7953,0
98.7954,8
98.8007,2
98.8062,1
98.8117,0
98.8118,5
98.8171,0
98.828,9
98.8284,0
98.834,4
98.8394,0
98.8448,12
98.8506,1
98.8615,0
98.8725,7
98.8728,0
98.8729,5
98.8784,0
98.8838,1
98.8893,0
98.8947,2
98.8948,0
98.9002,12
98.9058,6
98.9058,1
98.9112,0
98.9113,12
98.9168,2
98.9223,0
98.9277,9
98.9335,8
98.9335,6
98.939,5
98.9444,0
98.9498,11
98.9502,4
98.9556,0
98.9611,6
98.9612,0
98.9613,10
98.9668,8
98.9723,2
98.9726,1
98.978,0
98.9888,10
98.9889,8
98.9944,1
98.9945,0
98.9999,1
99.0001,0
99.0003,6
99.0004,0
99.0058,2
99.0059,0
99.0113,10
99.0168,2
99.0168,0
99.0276,3
99.0277,1
99.0278,0
99.0333,10
99.0335,8
99.0337,0
99.0393,12
99.0448,3
99.0502,0
99.0556,1
99.056,0
99.0614,2
99.0668,1
99.0726,0
99.078,15
99.5828,10
99.5842,7
99.5842,5
99.5897,0
99.6006,3
99.606,0
99.6114,8
99.6115,5
99.6115,4
99.617,3
99.6225,0
99.6387,7
99.6388,6
99.6389,0
99.6443,2
99.6501,0
99.6555,14
99.6555,13
99.661,6
99.6667,1
99.6668,0
99.6722,8
99.6777,6
99.6777,5
99.6832,0
99.6886,6
99.6889,5
99.6998,0
99.7,6
99.7053,0
99.7054,14
99.7109,4
99.7163,3
99.7218,0
99.7272,1
99.7326,0
99.7435,4
99.7437,0
99.7491,2
99.7494,0
99.7549,13
99.7604,3
99.7605,0
99.7659,15
99.766,10
99.7714,5
99.7717,3
99.7772,0
99.7826,10
99.788,4
99.7883,3
99.7938,0
99.7992,2
99.8047,0
99.8101,10
99.8101,8
99.8156,6
99.8211,3
99.8265,0
99.832,10
99.8374,0
99.8484,12
99.8539,8
99.8543,0
99.8705,15
99.876,10
99.8763,9
99.8764,0
99.8819,8
99.8819,4
99.882,0
99.8874,10
99.8928,4
99.8931,1
99.8985,0
99.8987,6
99.8987,5
99.8989,2
99.8989,1
99.9043,0
99.9098,8
99.9099,0
99.9153,5
99.9153,2
99.9208,0
99.9262,11
99.9262,10
99.9316,6
99.9317,0
99.9479,11
99.9481,7
99.9481,6
99.9481,0
99.9537,10
99.9541,9
99.9541,7
99.9595,6
99.9596,5
99.965,2
99.9705,0
99.9759,14
99.9762,10
99.9817,6
99.9871,1
99.9872,0
99.9926,10
99.9929,7
99.9984,3
99.9984,0
100.004,15
100.009,9
100.015,0
100.015,13
100.02,5
100.02,0
100.026,3
100.031,0
100.031,1
100.032,0
100.037,6
100.042,1
100.042,0
100.043,5
100.048,0
100.064,9
100.065,6
100.07,3
100.07,0
100.07,6
100.076,1
100.076,0
100.081,13
100.082,3
100.086,2
100.087,0
100.087,3
100.087,0
100.098,10
100.098,6
100.098,0
100.104,1
100.108,0
100.108,5
100.108,2
100.108,0
100.114,12
100.114,5
100.119,0
100.125,3
100.125,0
100.13,5
100.13,0
100.13,2
100.13,0
100.136,14
100.141,5
100.141,0
100.147,14
100.152,0
100.152,1
100.158,0
100.163,15
100.164,12
100.169,8
100.169,7
100.169,4
100.174,0
100.175,14
100.175,7
100.18,6
100.18,5
100.181,0
100.186,6
100.186,4
100.186,0
100.191,2
100.197,0
100.202,6
100.208,0
100.213,15
100.213,13
100.219,4
100.219,0
100.224,14
100.23,2
100.235,0
100.235,12
100.241,4
100.246,0
100.252,14
100.257,11
100.257,0
100.263,1
100.263,0
100.263,13
100.268,6
100.274,4
100.274,1
100.274,0
100.279,14
100.279,9
100.285,8
100.285,0
100.291,7
100.296,2
100.296,0
100.301,12
100.307,11
100.307,0
100.312,6
100.318,0
100.323,14
100.323,13
100.329,9
100.329,3
100.334,0
100.34,2
100.34,0
100.345,11
100.351,0
100.356,12
100.356,0
100.362,7
100.362,0
100.362,5
100.362,0
100.368,8
100.373,6
100.373,0
100.379,12
100.379,8
100.385,3
100.385,0
100.39,10
100.395,5
100.396,0
100.401,11
100.401,10
100.406,0
100.417,6
100.417,2
100.417,1
100.417,0
100.423,8
100.423,2
100.423,0
100.434,15
100.434,9
100.434,7
100.434,0
100.439,15
100.44,10
100.445,1
100.445,0
100.456,7
100.456,0
100.461,6
100.461,5
100.462,0
100.462,11
100.462,4
100.467,0
100.473,9
100.473,5
100.478,0
100.484,11
100.484,8
100.49,0
100.501,8
100.501,0
100.506,11
100.512,5
100.512,0
100.517,1
100.522,0
100.528,10
100.528,3
100.533,0
100.539,2
100.544,0
100.55,11
100.55,6
100.555,0
100.561,13
100.561,5
100.561,4
100.566,2
100.566,0
100.572,7
100.572,4
100.577,0
100.577,15
100.579,13
100.584,7
100.584,5
100.584,0
100.59,7
100.595,2
100.596,1
100.601,0
100.607,11
100.607,2
100.612,0
100.612,14
100.618,6
100.623,0
100.629,12
100.629,6
100.634,0
100.634,8
100.64,0
100.645,12
100.651,0
100.656,13
100.656,11
100.656,9
100.656,4
100.656,0
100.662,1
100.662,0
100.667,12
100.673,8
100.673,7
100.679,4
100.679,0
100.684,3
100.684,0
100.695,15
100.695,12
100.695,10
100.695,5
100.696,0
100.701,10
100.701,0
100.707,8
100.712,4
100.713,0
100.718,8
100.723,2
100.729,0
100.734,11
100.734,9
100.74,6
100.74,5
100.74,0
100.751,1
100.756,0
100.756,4
100.756,0
100.762,10
100.762,5
100.767,4
100.778,1
100.778,0
100.784,12
100.795,7
100.795,6
100.801,0
100.801,3
100.801,0
100.806,9
100.806,6
100.806,0
100.812,13
100.812,11
100.817,8
100.818,0
100.818,12
100.823,6
100.829,0
100.834,12
100.834,4
100.84,3
100.845,0
100.851,1
100.856,0
100.861,14
100.867,1
100.872,0
100.872,15
100.878,11
100.878,9
100.878,6
100.884,5
100.889,0
100.9,15
100.901,5
100.901,2
100.906,0
100.912,14
100.917,10
100.917,9
100.923,6
100.928,3
100.934,0
100.934,1
100.939,0
100.945,9
100.945,8
100.945,3
100.95,0
100.961,10
100.961,9
100.961,0
100.967,10
100.972,0
100.972,4
100.972,0
100.978,1
100.978,0
100.978,15
100.978,9
100.978,3
100.984,0
100.989,12
100.995,2
101,0
101.006,15
101.011,7
101.017,1
101.017,0
101.017,12
101.023,9
101.023,4
101.028,0
101.033,10
101.039,6
101.039,4
101.044,0
101.05,15
101.055,9
101.055,7
101.061,6
101.061,0
101.066,4
101.072,0
101.072,10
101.077,9
101.077,0
101.083,7
101.083,6
101.088,1
101.088,0
101.088,9
101.094,0
101.099,14
101.105,13
101.111,7
101.111,6
101.111,0
101.121,9
101.122,1
101.122,0
101.122,10
101.122,1
101.122,0
101.127,9
101.128,8
101.128,0
101.144,15
101.144,13
101.144,0
101.144,10
101.15,1
101.155,0
101.161,13
101.161,8
101.161,4
101.161,0
101.166,11
101.167,5
101.172,0
101.177,11
101.178,10
101.178,9
101.178,0
101.183,2
101.183,1
101.189,0
101.189,7
101.189,6
101.194,0
101.205,4
101.206,0
101.216,11
101.217,9
101.217,0
101.222,9
101.223,3
101.228,1
101.233,0
101.234,12
101.239,3
101.239,0
101.245,13
101.25,12
101.25,0
101.25,1
101.25,0
101.256,4
101.256,0
101.261,13
101.261,12
101.267,6
101.267,3
101.267,0
101.272,2
101.272,0
101.283,11
101.283,10
101.284,5
101.284,0
101.289,13
101.289,8
101.295,6
101.295,0
101.3,1
101.306,0
101.312,14
101.312,10
101.312,7
101.312,0
101.317,1
101.317,0
101.317,2
101.318,1
101.323,0
101.328,11
101.329,8
101.334,6
101.334,5
101.34,0
101.34,5
101.345,0
101.361,6
101.367,1
101.367,0
101.367,1
101.373,0
101.378,8
101.383,1
101.383,0
101.395,3
101.395,0
101.406,10
101.411,5
101.411,0
101.417,13
101.417,9
101.428,6
101.428,0
101.434,11
101.434,7
101.439,0
101.445,3
101.445,0
101.45,4
101.45,0
101.456,7
101.456,6
101.456,0
101.461,7
101.461,4
101.467,0
101.472,8
101.472,5
101.478,2
101.478,0
101.483,7
101.483,5
101.489,3
101.494,0
101.499,7
101.499,6
101.51,1
101.511,0
101.516,9
101.521,4
101.522,0
101.527,15
101.532,9
101.533,6
101.533,4
101.538,1
101.544,0
101.544,4
101.549,0
101.555,13
101.555,4
101.56,0
101.566,5
101.571,1
101.571,0
101.577,12
101.582,9
101.582,3
101.587,0
101.588,12
101.593,8
101.593,2
101.599,0
101.61,9
101.615,4
101.615,0
101.621,5
101.621,3
101.621,0
101.626,2
101.626,0
101.638,3
101.638,2
101.643,0
101.648,6
101.649,1
101.654,0
101.659,6
101.659,3
101.665,0
101.67,13
101.673,7
101.673,6
101.676,0
101.681,12
101.681,7
101.687,2
101.687,0
101.692,8
101.692,6
101.698,2
101.698,1
101.698,0
101.703,13
101.709,11
101.709,2
101.714,0
101.715,4
101.72,0
101.726,3
101.731,0
101.731,1
101.737,0
101.742,9
101.747,3
101.748,2
101.753,0
101.759,7
101.759,0
101.775,14
101.775,9
101.775,7
101.775,0
101.781,7
101.786,6
101.786,5
101.792,1
101.797,0
101.803,3
101.803,0
101.803,10
101.809,4
101.819,0
101.825,14
101.825,12
101.831,6
101.836,4
101.836,0
101.842,14
101.842,12
101.842,7
101.847,0
101.853,7
101.858,0
101.858,3
101.858,2
101.859,0
101.864,15
101.864,0
101.87,5
101.875,0
101.881,2
101.886,0
101.891,2
101.897,0
101.902,13
101.903,5
101.903,0
101.903,7
101.903,3
101.903,0
101.909,5
101.909,0
101.919,15
101.92,12
101.92,10
101.92,1
101.92,0
101.931,1
101.931,0
101.936,5
101.936,0
101.947,3
101.947,1
101.953,0
101.953,2
101.953,0
101.959,2
101.964,0
101.969,7
101.975,0
101.975,15
101.975,13
101.98,12
101.98,7
101.981,6
101.986,5
101.986,0
101.991,8
101.991,6
101.997,0
102.003,10
102.008,0
102.019,9
102.019,6
102.024,1
102.025,0
102.03,3
102.036,0
102.041,6
102.041,5
102.041,3
102.041,0
102.042,1
102.042,0
102.047,15
102.047,12
102.053,5
102.053,1
102.058,0
102.063,11
102.064,10
102.069,4
102.074,0
102.08,2
102.08,0
102.085,3
102.091,0
102.096,4
102.102,0
102.107,9
102.107,7
102.113,6
102.113,2
102.118,0
102.118,8
102.124,6
102.124,5
102.13,0
102.135,11
102.135,10
102.14,4
102.14,0
102.152,7
102.152,6
102.152,5
102.157,3
102.157,0
102.163,12
102.168,0
102.179,8
102.184,2
102.184,0
102.185,7
102.19,0
102.195,13
102.195,12
102.201,11
102.201,0
102.206,8
102.207,3
102.212,0
102.218,7
102.223,0
102.234,4
102.234,0
102.24,13
102.24,12
102.245,8
102.245,6
102.246,0
102.251,3
102.257,0
102.257,6
102.262,0
102.267,8
102.268,6
102.268,4
102.273,3
102.273,0
102.278,5
102.279,0
102.284,7
102.284,0
102.289,8
102.29,5
102.295,2
102.295,0
102.301,2
102.306,0
102.306,15
102.306,14
102.312,12
102.312,10
102.312,4
102.317,0
102.323,4
102.328,0
102.328,15
102.328,13
102.334,9
102.34,0
102.345,6
102.345,3
102.345,0
102.351,12
102.351,9
102.351,5
102.357,4
102.357,0
102.357,2
102.362,0
102.367,12
102.368,11
102.373,10
102.373,1
102.373,0
102.379,14
102.379,10
102.384,7
102.39,2
102.39,1
102.395,0
102.4,10
102.4,9
102.406,7
102.406,0
102.412,14
102.417,4
102.423,0
102.428,14
102.428,12
102.434,7
102.434,2
102.439,0
102.445,9
102.445,4
102.451,3
102.456,0
102.461,12
102.462,9
102.467,4
102.467,0
102.472,15
102.472,13
102.478,2
102.483,0
102.489,2
102.494,1
102.5,0
102.505,11
102.505,5
102.511,0
102.516,11
102.516,8
102.522,0
102.527,9
102.533,8
102.533,0
102.538,5
102.544,0
102.555,1
102.555,0
102.555,6
103.055,1
103.057,0
103.074,9
103.079,3
103.079,1
103.084,0
103.085,10
103.09,7
103.09,4
103.09,0
103.112,8
103.112,0
103.123,11
103.123,8
103.123,3
103.123,0
103.129,3
103.129,0
103.134,11
103.134,3
103.134,1
103.14,0
103.145,9
103.151,5
103.157,4
103.157,0
103.173,1
103.179,0
103.179,14
103.179,10
103.179,7
103.184,0
103.19,1
103.19,0
103.195,12
103.197,4
103.197,3
103.201,0
103.206,13
103.212,2
103.217,0
103.223,3
103.223,1
103.228,0
103.233,8
103.234,6
103.239,0
103.239,3
103.245,0
103.25,9
103.251,7
103.256,5
103.256,0
103.261,5
103.267,4
103.273,0
103.278,12
103.278,10
103.284,1
103.289,0
103.294,8
103.295,5
103.3,0
103.305,12
103.305,6
103.311,0
103.322,10
103.322,2
103.328,0
103.328,4
103.333,0
103.339,5
103.339,0
103.345,14
103.35,8
103.356,3
103.356,0
103.356,10
103.361,4
103.373,0
103.389,15
103.389,8
103.389,5
103.395,0
103.405,7
103.411,0
103.422,11
103.422,9
103.433,8
103.438,4
103.438,3
103.444,0
103.449,7
103.455,0
103.46,6
103.466,3
103.466,1
103.471,0
103.477,5
103.477,3
103.483,0
103.494,10
103.499,7
103.505,2
103.505,1
103.505,0
103.51,11
103.51,7
103.51,4
103.51,0
103.516,1
103.516,0
103.527,7
103.532,0
103.538,6
103.538,5
103.543,0
103.543,2
103.549,1
103.554,0
103.565,15
103.566,5
103.566,0
103.571,3
103.571,0
103.577,14
103.577,11
103.582,2
103.588,0
103.588,2
103.588,0
103.593,13
103.594,11
103.599,10
103.604,0
103.61,5
103.61,2
103.61,1
103.61,0
103.615,11
103.616,8
103.621,0
103.632,15
103.632,14
103.638,6
103.643,2
103.643,0
103.654,4
103.654,0
103.66,11
103.665,6
103.665,2
103.665,0
103.666,12
103.671,4
103.671,0
103.682,2
103.682,0
103.682,4
103.682,2
103.683,0
103.688,1
103.688,0
103.693,12
103.694,10
103.694,0
103.694,15
103.699,13
103.699,7
103.71,0
103.715,10
103.716,9
103.721,3
103.721,2
103.726,0
103.732,14
103.743,13
103.743,8
103.749,0
103.754,5
103.754,2
103.76,0
103.765,12
103.771,7
103.776,0
103.776,1
103.782,0
103.787,13
103.788,12
103.788,10
103.793,9
103.799,0
103.815,10
103.82,6
103.821,5
103.826,0
103.842,9
103.848,2
103.848,0
103.854,13
103.859,6
103.859,4
103.864,0
103.87,1
103.875,0
103.881,12
103.887,6
103.887,3
103.892,0
103.898,2
103.903,1
103.909,0
103.914,13
103.914,7
103.92,0
103.925,13
103.93,9
103.936,6
103.936,0
103.941,14
103.947,9
103.953,6
103.958,3
103.958,0
103.964,13
103.969,8
103.969,3
103.975,0
103.98,9
103.98,6
103.986,1
103.997,0
104.008,6
104.008,1
104.008,0
104.014,6
104.019,3
104.019,0
104.019,10
104.019,9
104.025,7
104.03,0
104.035,6
104.041,0
104.052,15
104.052,10
104.052,8
104.058,6
104.058,3
104.058,0
104.058,3
104.058,2
104.063,0
104.069,2
104.074,1
104.08,0
104.085,7
104.091,1
104.091,0
104.097,14
104.097,13
104.102,5
104.108,0
104.108,15
104.113,12
104.113,9
104.119,0
104.124,13
104.13,2
104.135,0
104.141,15
104.141,13
104.146,5
104.152,0
104.157,4
104.157,1
104.163,0
104.168,13
104.174,8
104.174,2
104.174,0
104.174,11
104.18,1
104.185,0
104.191,14
104.191,13
104.197,0
104.202,14
104.208,7
104.213,0
104.218,14
104.224,11
104.224,1
104.229,0
104.235,13
104.235,11
104.24,0
104.246,12
104.251,8
104.251,4
104.257,0
104.257,8
104.262,3
104.262,0
104.263,14
104.263,6
104.263,3
104.263,0
104.274,2
104.274,0
104.279,1
104.279,0
104.285,3
104.285,1
104.285,0
104.29,2
104.291,0
104.296,15
104.296,14
104.302,6
104.302,2
104.307,0
104.307,3
104.313,2
104.313,0
104.318,12
104.318,10
104.324,5
104.324,0
104.335,1
104.34,0
104.34,9
104.34,4
104.34,0
104.346,3
104.351,0
104.357,15
104.362,8
104.362,6
104.368,4
104.373,1
104.373,0
104.379,8
104.379,4
104.385,0
104.39,13
104.395,7
104.396,6
104.407,3
104.412,0
104.423,11
104.423,8
104.423,2
104.423,0
104.429,6
104.434,1
104.44,0
104.445,3
104.45,0
104.456,15
104.461,9
104.462,6
104.467,0
104.467,12
104.473,2
104.473,1
104.478,0
104.484,8
104.489,5
104.495,0
104.495,11
104.495,4
104.5,1
104.5,0
104.506,15
104.506,9
104.512,7
104.512,6
104.512,3
104.517,0
104.517,12
104.523,5
104.523,1
104.528,0
104.534,13
104.534,10
104.539,2
104.545,0
104.55,1
104.555,0
104.556,11
104.561,5
104.561,0
104.567,2
104.567,1
104.572,0
104.572,7
104.578,0
104.583,1
104.583,0
104.589,1
104.594,0
104.6,5
104.6,0
104.605,7
104.606,6
104.611,3
104.616,0
104.617,9
104.622,0
104.628,4
104.633,0
104.633,2
104.633,0
104.639,3
104.644,0
104.644,2
104.65,1
104.65,0
104.655,13
104.655,9
104.661,6
104.661,4
104.666,0
104.677,14
104.683,13
104.683,5
104.688,0
104.694,4
104.694,0
104.7,12
104.7,11
104.705,5
104.711,3
104.711,0
104.716,2
104.722,0
104.727,9
104.733,0
104.733,15
104.738,2
104.744,0
104.749,7
104.749,6
104.754,3
104.755,0
104.76,12
104.765,11
104.765,0
104.766,9
104.771,5
104.771,2
104.777,0
104.782,1
104.782,0
104.788,3
104.788,0
104.788,2
104.794,0
104.799,4
104.799,0
104.805,6
104.81,4
104.81,3
104.81,0
104.816,15
104.821,4
104.821,0
104.822,6
104.822,1
104.822,0
104.827,12
104.827,10
104.833,3
104.833,0
104.838,2
104.838,0
104.843,1
104.844,0
104.849,6
104.849,5
104.849,0
104.855,13
104.86,5
104.866,0
104.871,3
104.871,0
104.871,6
104.877,3
104.877,0
104.882,15
104.882,13
104.888,1
104.894,0
104.899,3
104.899,2
104.905,1
104.91,0
104.921,9
104.927,7
104.927,0
104.932,15
104.932,14
104.938,8
104.943,0
104.965,8
104.965,6
104.965,5
104.965,0
104.971,7
104.971,2
104.976,0
104.982,13
104.987,2
104.993,0
104.998,10
104.998,9
105.004,0
105.009,7
105.01,2
105.021,0
105.026,7
105.032,0
105.032,10
105.037,9
105.037,0
105.048,10
105.048,7
105.048,0
105.054,14
105.059,8
105.065,2
105.065,0
105.076,14
105.076,13
105.081,11
105.081,7
105.087,0
105.098,2
105.098,0
105.104,1
105.104,0
105.109,2
105.109,0
105.11,2
105.11,0
105.115,12
105.115,0
105.121,4
105.121,0
105.127,11
105.127,9
105.132,6
105.132,3
105.138,0
105.148,7
105.154,6
105.154,0
105.159,8
105.165,6
105.165,4
105.17,0
105.176,14
105.176,13
105.181,10
105.181,6
105.181,5
105.187,0
105.192,13
105.192,11
105.198,6
105.198,3
105.209,0
105.215,1
105.22,0
105.226,13
105.226,11
105.226,5
105.231,0
105.237,3
105.242,1
105.242,0
105.248,9
105.248,6
105.253,0
105.259,7
105.27,6
105.27,0
105.275,4
105.275,2
105.281,0
105.286,3
105.291,0
105.297,3
105.302,0
105.308,13
105.308,8
105.314,6
105.314,5
105.319,3
105.319,0
105.324,13
105.325,0
105.33,10
105.33,0
105.336,4
105.336,0
105.347,5
105.347,0
105.352,10
105.352,4
105.352,0
105.358,4
105.358,0
105.363,5
105.363,0
105.369,14
105.369,0
105.374,8
105.374,7
105.374,0
105.38,6
105.38,0
105.385,6
105.385,5
105.385,0
105.391,12
105.391,0
105.396,2
105.396,0
105.402,2
105.402,0
105.402,13
105.402,0
105.408,9
105.408,0
105.413,4
105.413,0
105.419,4
105.419,0
105.424,5
105.424,0
105.43,4
105.43,1
105.43,0
105.435,1
105.435,0
105.441,7
105.441,0
105.446,10
105.446,9
105.446,0
105.452,3
105.953,0
105.971,1
106.471,0
106.478,5
106.484,0
106.489,13
106.489,9
106.495,4
106.495,0
106.5,11
106.506,6
106.506,3
106.511,0
106.516,5
106.516,3
106.522,1
106.522,0
106.527,1
106.528,0
106.533,15
106.533,13
106.539,3
106.55,0
106.555,13
106.556,10
106.561,6
106.561,0
106.566,4
106.572,0
106.572,9
106.577,6
106.577,0
106.583,15
106.583,13
106.588,4
106.594,3
106.599,0
106.609,14
106.61,10
106.611,7
106.616,6
106.616,1
106.616,0
106.621,6
106.627,5
106.627,0
106.632,8
106.633,6
106.633,5
106.633,0
106.638,12
106.638,10
106.644,6
106.644,4
106.649,0
106.655,9
106.655,3
106.66,2
106.666,1
106.671,0
106.671,15
106.677,8
106.677,7
106.693,6
106.699,0
106.71,11
106.715,10
106.715,7
106.715,6
106.721,5
106.721,3
106.726,2
106.726,0
106.732,9
106.732,6
106.732,5
106.732,4
106.738,3
106.738,0
106.743,10
106.743,0
106.754,8
106.754,5
106.76,0
106.76,3
106.765,0
106.771,15
106.771,13
106.776,0
106.782,13
106.782,10
106.782,9
106.782,5
106.782,0
106.788,13
106.793,0
106.793,2
106.799,0
106.804,12
106.804,8
106.804,2
106.81,1
106.815,0
106.82,9
106.821,5
106.821,4
106.821,0
106.821,12
106.826,2
106.827,1
106.832,0
106.837,7
106.838,1
106.843,0
106.849,14
106.854,6
106.854,3
106.854,2
106.854,0
106.86,1
106.86,0
106.866,10
106.871,5
106.871,1
106.876,0
106.877,10
106.882,0
106.888,1
106.893,0
106.893,5
106.899,0
106.904,7
106.909,0
106.91,12
106.915,6
106.921,3
106.926,0
106.932,1
106.937,0
106.943,1
106.943,0
106.948,14
106.954,4
106.954,0
106.959,11
106.96,6
106.965,3
106.965,0
106.965,14
106.971,9
106.971,6
106.976,0
106.981,12
106.987,0
106.998,5
106.998,0
106.998,12
107.004,3
107.009,0
107.015,13
107.02,9
107.02,2
107.026,0
107.026,8
107.026,5
107.026,1
107.026,0
107.031,5
107.531,0
107.538,12
107.538,8
107.544,0
107.549,2
107.555,0
107.555,6
107.566,4
107.572,3
107.572,0
107.577,9
107.577,7
107.583,0
107.588,5
107.588,1
107.594,0
107.61,15
107.61,8
107.621,6
107.621,5
107.621,0
107.621,3
107.627,0
107.632,5
107.638,3
107.638,1
107.638,0
107.638,2
107.644,0
107.649,4
107.655,0
107.66,10
107.666,0
107.671,2
107.672,0
107.682,1
107.683,0
107.683,7
107.683,6
107.688,3
107.688,0
107.694,7
107.694,4
107.699,0
107.705,11
107.705,5
107.705,2
107.71,0
107.721,2
107.721,0
107.727,15
107.727,10
107.727,6
107.727,2
107.732,0
107.733,14
107.738,13
107.738,10
107.738,4
107.738,0
107.749,6
107.755,0
107.76,11
107.766,9
107.766,0
107.766,9
107.771,8
107.771,0
107.777,6
107.777,3
107.777,0
107.777,10
107.783,5
107.783,0
107.788,11
107.788,7
107.794,0
107.799,13
107.799,12
107.799,10
107.804,8
107.805,0
107.81,11
107.816,0
107.821,15
107.826,14
107.826,3
107.832,0
107.837,14
107.837,8
107.843,5
107.843,4
107.843,0
107.849,8
107.854,1
107.854,0
107.854,14
107.854,11
107.86,9
107.86,0
107.865,1
107.871,0
107.876,15
107.876,8
107.876,7
107.882,5
107.882,0
107.887,8
107.893,0
107.898,9
107.898,8
107.904,0
107.909,4
107.915,0
107.92,15
107.92,14
107.925,8
107.931,0
107.936,7
107.936,6
107.936,0
107.947,5
107.948,4
107.948,0
107.948,14
107.948,7
107.953,0
107.959,12
107.965,8
107.965,6
107.965,0
107.97,5
107.976,0
107.976,1
107.981,0
107.986,12
107.987,9
107.987,0
107.992,4
107.997,0
108.003,13
108.003,12
108.008,7
108.008,0
108.014,10
108.019,2
108.025,0
108.03,14
108.036,6
108.036,0
108.041,4
108.047,0
108.052,6
108.052,0
108.063,15
108.064,7
108.069,0
108.075,15
108.075,8
108.08,0
108.085,8
108.091,1
108.091,0
108.102,7
108.102,4
108.102,0
108.108,1
108.113,0
108.113,7
108.118,0
108.124,3
108.124,2
108.129,0
108.135,10
108.135,2
108.135,0
108.146,5
108.146,2
108.152,0
108.152,15
108.152,14
108.152,13
108.157,10
108.157,0
108.163,11
108.168,9
108.168,0
108.179,10
108.179,7
108.185,0
108.19,10
108.196,0
108.196,5
108.201,0
108.207,8
108.212,0
108.218,13
108.223,10
108.223,0
108.229,15
108.234,6
108.24,0
108.24,3
108.245,0
108.251,8
108.252,6
108.252,0
108.252,10
108.257,4
108.263,0
108.268,14
108.274,4
108.274,3
108.279,0
108.29,11
108.29,7
108.291,0
108.291,14
108.296,5
108.302,4
108.307,2
108.312,0
108.318,6
108.323,0
108.329,13
108.329,6
108.329,5
108.329,0
108.334,1
108.334,0
108.351,8
108.351,5
108.357,3
108.362,2
108.362,0
108.362,5
108.362,0
108.368,7
108.373,0
108.379,15
108.379,14
108.384,5
108.385,1
108.385,0
108.39,4
108.39,3
108.396,0
108.396,6
108.401,0
108.407,14
108.412,8
108.418,5
108.418,0
108.423,1
108.423,0
108.429,15
108.429,8
108.434,2
108.44,0
108.445,14
108.451,5
108.456,2
108.456,1
108.456,0
108.462,11
108.462,9
108.467,5
108.467,2
108.473,1
108.473,0
108.478,8
108.478,7
108.484,2
108.484,0
108.489,6
108.495,4
108.495,0
108.495,2
108.5,0
108.506,1
108.506,0
108.511,2
108.516,0
108.517,4
108.522,0
108.527,7
108.528,4
108.533,0
108.538,14
108.538,7
108.544,0
108.549,4
108.555,0
108.56,7
108.561,0
108.561,11
108.566,0
108.572,15
108.572,14
108.577,9
108.577,7
108.578,0
108.583,6
108.588,0
108.589,5
108.594,0
108.599,13
108.599,7
108.605,0
108.61,5
108.61,0
108.616,6
108.616,0
108.621,15
108.621,14
108.621,0
108.627,9
108.627,6
108.627,0
108.632,9
108.633,0
108.638,7
108.638,0
108.643,6
108.644,0
108.649,7
108.649,0
108.655,3
108.655,0
108.66,12
108.66,8
108.66,0
108.666,2
108.666,0
108.671,12
108.671,8
108.671,0
108.677,3
108.677,0
108.682,1
108.682,0
108.688,9
108.688,1
108.688,0
108.699,4
108.699,0
108.704,12
108.704,6
108.704,0
108.71,1
108.71,0
108.715,12
108.715,6
108.715,0
108.726,6
108.726,0
108.732,9
108.732,0
108.737,1
108.737,0
108.743,10
108.743,7
108.743,0
108.748,9
108.748,0
108.754,12
108.754,0
108.759,4
108.759,1
108.759,0
108.765,7
108.765,0
108.765,10
108.765,7
108.765,0
108.776,4
108.776,0
108.782,12
108.782,3
108.782,0
108.788,8
108.788,0
108.793,10
108.793,7
108.793,0
108.799,8
108.799,0
108.804,14
108.804,0
108.81,11
108.81,9
108.81,0
108.815,8
108.815,0
108.821,11
108.821,0
108.826,8
108.826,5
108.826,0
108.832,3
108.832,0
108.837,11
108.837,5
108.837,0
108.843,1
108.843,0
108.848,6
108.848,0
108.854,11
108.854,0
108.859,5
108.859,0
108.865,13
108.865,0
108.87,11
108.87,10
108.871,0
108.876,15
108.876,8
108.876,0
108.882,1
108.882,0
108.887,8
108.887,0
108.893,12
108.893,8
108.893,0
108.904,5
108.904,0
108.909,11
108.909,0
108.915,7
108.915,4
108.915,0
108.92,8
108.922,7
108.922,5
108.922,0
108.928,9
108.928,3
108.933,1
108.933,0
108.95,1
108.95,0
108.955,13
108.955,9
108.966,6
108.972,3
108.977,2
108.977,0
108.982,14
108.983,5
108.988,0
108.999,5
108.999,0
109.01,8
109.01,6
109.01,3
109.016,0
109.021,8
109.021,1
109.027,0
109.038,10
109.038,3
109.043,0
109.049,2
109.554,0
109.561,7
109.567,0
109.567,9
109.572,0
109.578,4
109.578,3
109.583,0
109.589,9
109.589,0
109.589,15
109.589,8
109.589,2
109.589,1
109.595,0
109.6,6
109.606,5
109.611,1
109.611,0
109.611,13
109.612,10
109.612,0
109.617,4
109.623,1
109.623,0
109.628,14
109.628,8
109.639,6
109.639,4
109.645,3
109.65,0
109.65,15
109.656,7
109.661,0
109.667,14
109.667,13
109.667,10
109.667,9
109.667,2
109.667,0
109.672,1
109.672,0
109.678,11
109.678,8
109.683,0
109.689,2
109.689,0
109.689,8
109.689,7
109.69,2
109.695,0
109.701,5
109.701,3
109.706,0
109.712,10
109.712,8
109.712,4
109.712,0
109.718,6
109.723,4
109.723,1
109.729,0
109.734,15
109.74,13
109.74,3
109.745,0
109.756,5
109.756,2
109.762,0
109.767,12
109.767,7
109.773,0
109.778,15
109.789,12
109.795,5
109.795,0
109.8,5
109.806,3
109.812,0
109.817,8
109.823,7
109.823,1
109.828,0
109.834,7
109.839,0
109.844,10
109.85,4
109.85,0
109.856,13
109.861,11
109.861,5
109.866,0
109.872,5
109.872,0
109.888,2
109.889,0
109.889,4
109.894,0
109.899,9
109.9,7
109.9,0
109.905,10
109.911,2
109.911,0
109.916,15
109.917,11
109.917,0
109.917,9
109.922,3
109.928,0
109.933,8
109.933,3
109.939,0
109.95,13
109.961,11
109.961,9
109.966,6
109.966,1
109.966,0
109.972,9
109.977,0
109.977,14
109.983,10
109.983,7
109.983,4
109.983,0
109.988,11
109.994,5
109.994,0
109.994,13
109.999,10
109.999,7
110,0
