10.0388,1508
10.0444,1508
10.0499,1508
10.0554,1508
10.0608,1508
10.0664,1508
10.0719,1508
10.0774,1508
10.0828,1508
10.0883,1508
10.0939,1508
10.0995,1508
10.105,1508
10.1106,1508
10.1164,1508
10.1219,1508
10.1274,1508
10.133,1508
10.1385,1508
10.1556,1508
10.1611,1508
10.1666,1508
10.1721,1508
10.1777,1508
10.189,1508
10.1946,1508
10.2001,1508
10.2056,1508
10.2111,1508
10.2226,1508
10.2281,1508
10.2336,1508
10.2391,1508
10.2446,1508
10.2502,1508
10.2557,1508
10.2611,1508
10.2668,1508
10.2723,1508
10.2778,1508
10.2833,1508
10.2888,1508
10.2943,1508
10.2999,1508
10.3054,1508
10.311,1508
10.3165,1508
10.3223,1508
10.3281,1508
10.3336,1508
10.3391,1508
10.3446,1508
10.3501,1508
10.3683,1508
10.3739,1508
10.3794,1508
10.3849,1508
10.3963,1508
10.4018,1508
10.4073,1508
10.4128,1508
10.4183,1508
10.4241,1508
10.4296,1508
10.4352,1508
10.4431,1508
10.4486,1508
10.4541,1508
10.4596,1508
10.4651,1508
10.4707,1508
10.4762,1508
10.4875,1508
10.4931,1508
10.4985,1508
10.504,1508
10.5095,1508
10.5151,1508
10.5206,1508
10.5263,1508
10.5318,1508
10.5374,1508
10.5429,1508
10.5485,1508
10.554,1508
10.5595,1508
10.565,1508
10.5706,1508
10.5761,1508
10.5816,1508
10.5872,1508
10.5928,1508
10.5982,1508
10.6037,1508
10.6091,1508
10.6147,1508
10.6205,1508
10.6323,1508
10.6379,1508
10.6433,1508
10.6489,1508
10.6545,1508
10.66,1508
10.6655,1508
10.671,1508
10.6766,1508
10.6821,1508
10.6877,1508
10.6931,1508
10.6986,1508
10.7041,1508
10.7097,1508
10.7152,1508
10.7207,1508
10.7262,1508
10.7378,1508
10.7433,1508
10.7488,1508
10.7543,1508
10.7599,1508
10.7654,1508
10.771,1508
10.7765,1508
10.782,1508
10.7875,1508
10.793,1508
10.7985,1508
10.8041,1508
10.8097,1508
10.8152,1508
10.8207,1508
10.8262,1508
10.8319,1508
10.8374,1508
10.843,1508
10.8485,1508
10.8539,1508
10.8595,1508
10.865,1508
10.8705,1508
10.8761,1508
10.8816,1508
10.8871,1508
10.8926,1508
10.8981,1508
10.9035,1508
10.9091,1508
10.9145,1508
10.9201,1508
10.9255,1508
10.9315,1508
10.9373,1508
10.9428,1508
10.9482,1508
10.9537,1508
10.9592,1508
10.9648,1508
10.9702,1508
10.9758,1508
10.9813,1508
10.9869,1508
10.9925,1508
10.998,1508
11.0035,1508
11.0091,1508
11.0146,1508
11.0202,1508
11.0257,1508
11.0313,1508
11.0371,1508
11.0426,1508
11.0481,1508
11.0537,1508
11.0592,1508
11.0647,1508
11.0703,1508
11.0758,1508
11.0813,1508
11.0874,1508
11.0929,1508
11.0985,1508
11.1039,1508
11.1094,1508
11.115,1508
11.1205,1508
11.1261,1508
11.1317,1508
11.1375,1508
11.143,1508
11.1488,1508
11.1544,1508
11.1603,1508
11.1658,1508
11.1713,1508
11.1768,1508
11.1823,1508
11.1878,1508
11.1934,1508
11.1988,1508
11.2044,1508
11.2099,1508
11.2213,1508
11.2268,1508
11.2324,1508
11.2497,1508
11.2671,1508
11.2726,1508
11.2782,1508
11.2837,1508
11.2892,1508
11.2948,1508
11.3003,1508
11.3058,1508
11.3114,1508
11.3169,1508
11.3224,1508
11.3279,1508
11.3388,1508
11.3451,1508
11.3506,1508
11.3562,1508
11.3617,1508
11.3673,1508
11.3728,1508
11.3784,1508
11.3839,1508
11.3894,1508
11.3949,1508
11.4004,1508
11.4058,1508
11.4114,1508
11.4169,1508
11.4224,1508
11.428,1508
11.4335,1508
11.439,1508
11.4448,1508
11.4503,1508
11.4559,1508
11.4613,1508
11.4668,1508
11.4723,1508
11.4779,1508
11.4834,1508
11.489,1508
11.4945,1508
11.5,1508
11.5055,1508
11.511,1508
11.5166,1508
11.5221,1508
11.5276,1508
11.5332,1508
11.5388,1508
11.5442,1508
11.5501,1508
11.5555,1508
11.561,1508
11.5666,1508
11.5721,1508
11.5776,1508
11.5832,1508
11.5886,1508
11.5941,1508
11.5996,1508
11.6051,1508
11.6106,1508
11.6161,1508
11.6217,1508
11.6272,1508
11.6327,1508
11.6382,1508
11.6437,1508
11.6503,1508
11.6613,1508
11.6667,1508
11.6722,1508
11.6777,1508
11.6832,1508
11.6887,1508
11.6942,1508
11.6997,1508
11.7052,1508
11.7107,1508
11.7163,1508
11.7218,1508
11.7274,1508
11.7329,1508
11.7385,1508
11.744,1508
11.7495,1508
11.7552,1508
11.7607,1508
11.7663,1508
11.7718,1508
11.7773,1508
11.7828,1508
11.7886,1508
11.7942,1508
11.7998,1508
11.8053,1508
11.8108,1508
11.8164,1508
11.8219,1508
11.8275,1508
11.833,1508
11.8385,1508
11.844,1508
11.8495,1508
11.8553,1508
11.8608,1508
11.8663,1508
11.8717,1508
11.8772,1508
11.8828,1508
11.8882,1508
11.8938,1508
11.8993,1508
11.9047,1508
11.9102,1508
11.9158,1508
11.9213,1508
11.9268,1508
11.9326,1508
11.9381,1508
11.9436,1508
11.9491,1508
11.9547,1508
11.9607,1508
11.9664,1508
11.9719,1508
11.9829,1508
11.9884,1508
11.994,1508
11.9995,1508
12.0051,1508
12.0106,1508
12.0161,1508
12.0216,1508
12.0271,1508
12.0327,1508
12.0383,1508
12.0438,1508
12.0493,1508
12.0548,1508
12.0606,1508
12.0662,1508
12.0718,1508
12.0772,1508
12.0827,1508
12.0883,1508
12.0938,1508
12.0992,1508
12.1048,1508
12.1103,1508
12.1158,1508
12.1213,1508
12.1268,1508
12.1323,1508
12.1377,1508
12.1433,1508
12.1489,1508
12.1544,1508
12.1599,1508
12.1657,1508
12.1712,1508
12.1767,1508
12.1823,1508
12.1878,1508
12.1933,1508
12.1988,1508
12.2044,1508
12.2099,1508
12.2154,1508
12.2209,1508
12.2264,1508
12.2319,1508
12.2374,1508
12.2429,1508
12.2483,1508
12.2539,1508
12.2595,1508
12.2652,1508
12.2708,1508
12.2762,1508
12.2818,1508
12.2872,1508
12.2927,1508
12.2983,1508
12.3037,1508
12.3093,1508
12.3147,1508
12.3203,1508
12.3257,1508
12.3312,1508
12.3368,1508
12.3424,1508
12.3478,1508
12.3533,1508
12.3589,1508
12.3644,1508
12.3702,1508
12.3758,1508
12.3812,1508
12.3867,1508
12.3922,1508
12.3977,1508
12.4031,1508
12.4086,1508
12.4142,1508
12.4197,1508
12.4252,1508
12.4318,1508
12.4374,1508
12.4429,1508
12.4484,1508
12.4539,1508
12.4593,1508
12.4648,1508
12.4707,1508
12.4763,1508
12.4819,1508
12.4874,1508
12.4942,1508
12.5002,1508
12.5114,1508
12.523,1508
12.5285,1508
12.534,1508
12.5396,1508
12.5509,1508
12.5564,1508
12.5619,1508
12.5674,1508
12.5733,1508
12.5788,1508
12.5843,1508
12.5898,1508
12.5954,1508
12.6009,1508
12.6064,1508
12.6119,1508
12.6174,1508
12.623,1508
12.6285,1508
12.634,1508
12.6395,1508
12.645,1508
12.6505,1508
12.656,1508
12.6616,1508
12.6671,1508
12.6728,1508
12.6784,1508
12.6839,1508
12.6895,1508
12.695,1508
12.7005,1508
12.706,1508
12.7115,1508
12.7171,1508
12.7226,1508
12.728,1508
12.7336,1508
12.7391,1508
12.7446,1508
12.7501,1508
12.7555,1508
12.761,1508
12.7665,1508
12.772,1508
12.7778,1508
12.7833,1508
12.7888,1508
12.7943,1508
12.7998,1508
12.8054,1508
12.8109,1508
12.8165,1508
12.8219,1508
12.8274,1508
12.833,1508
12.8384,1508
12.8439,1508
12.8495,1508
12.8549,1508
12.8605,1508
12.866,1508
12.8715,1508
12.8771,1508
12.8829,1508
12.8884,1508
12.8939,1508
12.8994,1508
12.9049,1508
12.9104,1508
12.9158,1508
12.9214,1508
12.9269,1508
12.9324,1508
12.9379,1508
12.9434,1508
12.9489,1508
12.9544,1508
12.96,1508
12.9655,1508
12.9711,1508
12.9766,1508
12.9823,1508
12.9878,1508
12.9933,1508
12.9988,1508
13.0042,1508
13.0098,1508
13.0153,1508
13.0208,1508
13.0263,1508
13.0319,1508
13.0373,1508
13.0429,1508
13.0484,1508
13.0539,1508
13.0594,1508
13.0649,1508
13.0705,1508
13.076,1508
13.0816,1508
13.0874,1508
13.0928,1508
13.0983,1508
13.1039,1508
13.1093,1508
13.1149,1508
13.1204,1508
13.126,1508
13.1315,1508
13.137,1508
13.1425,1508
13.148,1508
13.1536,1508
13.1592,1508
13.1646,1508
13.1701,1508
13.1757,1508
13.1813,1508
13.187,1508
13.1926,1508
13.198,1508
13.2035,1508
13.2091,1508
13.2146,1508
13.22,1508
13.2256,1508
13.2311,1508
13.2367,1508
13.2422,1508
13.2477,1508
13.2533,1508
13.2588,1508
13.2643,1508
13.2699,1508
13.2755,1508
13.2811,1508
13.2865,1508
13.2924,1508
13.2979,1508
13.3034,1508
13.3089,1508
13.3144,1508
13.3199,1508
13.3255,1508
13.3309,1508
13.3365,1508
13.342,1508
13.3474,1508
13.353,1508
13.3585,1508
13.364,1508
13.3696,1508
13.375,1508
13.3805,1508
13.386,1508
13.3917,1508
13.3972,1508
13.4027,1508
13.4083,1508
13.4138,1508
13.4193,1508
13.4248,1508
13.4303,1508
13.4358,1508
13.4413,1508
13.4469,1508
13.4524,1508
13.4578,1508
13.4634,1508
13.469,1508
13.4759,1508
13.4814,1508
13.4869,1508
13.4927,1508
13.4982,1508
13.5037,1508
13.5092,1508
13.5147,1508
13.5202,1508
13.5257,1508
13.5313,1508
13.5368,1508
13.5422,1508
13.5478,1508
13.5532,1508
13.5588,1508
13.5644,1508
13.5699,1508
13.5754,1508
13.5809,1508
13.5863,1508
13.5919,1508
13.5977,1508
13.6033,1508
13.6088,1508
13.6144,1508
13.6199,1508
13.6254,1508
13.6309,1508
13.6364,1508
13.6419,1508
13.6475,1508
13.6529,1508
13.6584,1508
13.6639,1508
13.6695,1508
13.6751,1508
13.6806,1508
13.6861,1508
13.6916,1508
13.6975,1508
13.7029,1508
13.7085,1508
13.714,1508
13.7196,1508
13.7252,1508
13.7307,1508
13.7362,1508
13.7417,1508
13.7475,1508
13.753,1508
13.7585,1508
13.7697,1508
13.7751,1508
13.7807,1508
13.7862,1508
13.7917,1508
13.7973,1508
13.8031,1508
13.8087,1508
13.8143,1508
13.8198,1508
13.8253,1508
13.8308,1508
13.8363,1508
13.8418,1508
13.8476,1508
13.8533,1508
13.8588,1508
13.8642,1508
13.8698,1508
13.8753,1508
13.8809,1508
13.8864,1508
13.8919,1508
13.8974,1508
13.9033,1508
13.9089,1508
13.9144,1508
13.9199,1508
13.9254,1508
13.9309,1508
13.9364,1508
13.9419,1508
13.9475,1508
13.953,1508
13.9585,1508
13.988,1508
13.999,1508
14.0165,1508
14.022,1508
14.0457,1508
14.0642,1508
14.1099,1508
14.1676,1508
14.1731,1508
14.1801,1508
14.1857,1508
14.1911,1508
14.1966,1508
14.2021,1508
14.2077,1508
14.2137,1508
14.2191,1508
14.2247,1508
14.2301,1508
14.2357,1508
14.2413,1508
14.2468,1508
14.2523,1508
14.2578,1508
14.2634,1508
14.2689,1508
14.2744,1508
14.28,1508
14.2854,1508
14.2909,1508
14.2964,1508
14.302,1508
14.3075,1508
14.3133,1508
14.3188,1508
14.3302,1508
14.3357,1508
14.3413,1508
14.3468,1508
14.3523,1508
14.3591,1508
14.3646,1508
14.3705,1508
14.376,1508
14.3815,1508
14.387,1508
14.3925,1508
14.3981,1508
14.4037,1508
14.4091,1508
14.4149,1508
14.4205,1508
14.4259,1508
14.4314,1508
14.4369,1508
14.4425,1508
14.448,1508
14.4535,1508
14.4589,1508
14.4645,1508
14.4699,1508
14.4754,1508
14.4809,1508
14.4865,1508
14.492,1508
14.4975,1508
14.503,1508
14.5085,1508
14.514,1508
14.5198,1508
14.5253,1508
14.5309,1508
14.5365,1508
14.5421,1508
14.5477,1508
14.5532,1508
14.5587,1508
14.5643,1508
14.5698,1508
14.5752,1508
14.5807,1508
14.5863,1508
14.5918,1508
14.5973,1508
14.6027,1508
14.6082,1508
14.6137,1508
14.6196,1508
14.6251,1508
14.6307,1508
14.6362,1508
14.6418,1508
14.6484,1508
14.6539,1508
14.6594,1508
14.6649,1508
14.6703,1508
14.6758,1508
14.6814,1508
14.6869,1508
14.6924,1508
14.6979,1508
14.7034,1508
14.7089,1508
14.7144,1508
14.7198,1508
14.7256,1508
14.7311,1508
14.7367,1508
14.7421,1508
14.7477,1508
14.7531,1508
14.7587,1508
14.7643,1508
14.7698,1508
14.7753,1508
14.7808,1508
14.7863,1508
14.7918,1508
14.7973,1508
14.8028,1508
14.8082,1508
14.8137,1508
14.8192,1508
14.8251,1508
14.8306,1508
14.8361,1508
14.8417,1508
14.8472,1508
14.8528,1508
14.8583,1508
14.875,1508
14.8805,1508
14.8861,1508
14.8916,1508
14.8971,1508
14.9026,1508
14.908,1508
14.9135,1508
14.919,1508
14.9245,1508
14.9303,1508
14.9358,1508
14.9414,1508
14.9469,1508
14.9525,1508
14.958,1508
14.9636,1508
14.9691,1508
14.9746,1508
14.9801,1508
14.9857,1508
14.9912,1508
14.9968,1508
15.0023,1508
15.0078,1508
15.0133,1508
15.0188,1508
15.0244,1508
15.0301,1508
15.0356,1508
15.0411,1508
15.0468,1508
15.0523,1508
15.0578,1508
15.0693,1508
15.0749,1508
15.0804,1508
15.0859,1508
15.0914,1508
15.097,1508
15.1025,1508
15.108,1508
15.1135,1508
15.119,1508
15.1245,1508
15.13,1508
15.1358,1508
15.1413,1508
15.1468,1508
15.1523,1508
15.1578,1508
15.1632,1508
15.1691,1508
15.1746,1508
15.1802,1508
15.1857,1508
15.1912,1508
15.1967,1508
15.2022,1508
15.2078,1508
15.2133,1508
15.2188,1508
15.2243,1508
15.2299,1508
15.2357,1508
15.2412,1508
15.2467,1508
15.2522,1508
15.2576,1508
15.2632,1508
15.2687,1508
15.2742,1508
15.2797,1508
15.2852,1508
15.2906,1508
15.2961,1508
15.3017,1508
15.3073,1508
15.3128,1508
15.3183,1508
15.3237,1508
15.3292,1508
15.3347,1508
15.3405,1508
15.346,1508
15.3515,1508
15.357,1508
15.3625,1508
15.3679,1508
15.3735,1508
15.379,1508
15.3846,1508
15.3901,1508
15.3957,1508
15.4011,1508
15.4067,1508
15.4121,1508
15.4177,1508
15.4233,1508
15.4288,1508
15.4343,1508
15.4401,1508
15.4456,1508
15.4511,1508
15.4566,1508
15.4621,1508
15.4676,1508
15.4731,1508
15.4786,1508
15.4842,1508
15.4897,1508
15.4952,1508
15.5007,1508
15.5062,1508
15.5117,1508
15.5172,1508
15.5227,1508
15.5282,1508
15.5337,1508
15.5393,1508
15.545,1508
15.5506,1508
15.5561,1508
15.5616,1508
15.5672,1508
15.5727,1508
15.5782,1508
15.5838,1508
15.5892,1508
15.5947,1508
15.6003,1508
15.6057,1508
15.6112,1508
15.6167,1508
15.6222,1508
15.6277,1508
15.6332,1508
15.6388,1508
15.6446,1508
15.65,1508
15.6555,1508
15.6611,1508
15.6666,1508
15.672,1508
15.6775,1508
15.683,1508
15.6886,1508
15.6941,1508
15.6996,1508
15.7051,1508
15.7106,1508
15.7161,1508
15.7216,1508
15.7271,1508
15.7327,1508
15.7382,1508
15.7438,1508
15.7495,1508
15.755,1508
15.7606,1508
15.766,1508
15.7716,1508
15.7771,1508
15.7826,1508
15.7882,1508
15.7937,1508
15.7993,1508
15.8049,1508
15.8104,1508
15.816,1508
15.8216,1508
15.8271,1508
15.8326,1508
15.8381,1508
15.8437,1508
15.8495,1508
15.855,1508
15.8605,1508
15.866,1508
15.8715,1508
15.8771,1508
15.8827,1508
15.8882,1508
15.8938,1508
15.8994,1508
15.9049,1508
15.9104,1508
15.916,1508
15.9215,1508
15.9271,1508
15.9326,1508
15.938,1508
15.9436,1508
15.949,1508
15.9549,1508
15.9604,1508
15.9659,1508
15.9714,1508
15.9769,1508
15.9824,1508
15.988,1508
15.9936,1508
15.9991,1508
16.0046,1508
16.0102,1508
16.0157,1508
16.0215,1508
16.0271,1508
16.0326,1508
16.0388,1508
16.0444,1508
16.0498,1508
16.0556,1508
16.0612,1508
16.0667,1508
16.0723,1508
16.0779,1508
16.0834,1508
16.0889,1508
16.0945,1508
16.1,1508
16.1055,1508
16.111,1508
16.1165,1508
16.122,1508
16.1275,1508
16.1329,1508
16.1384,1508
16.1439,1508
16.1495,1508
16.1553,1508
16.1608,1508
16.1663,1508
16.1718,1508
16.1772,1508
16.1827,1508
16.1882,1508
16.1937,1508
16.1993,1508
16.2048,1508
16.2102,1508
16.2157,1508
16.2212,1508
16.2266,1508
16.2322,1508
16.2378,1508
16.2433,1508
16.2488,1508
16.2543,1508
16.2601,1508
16.2657,1508
16.2712,1508
16.2767,1508
16.2823,1508
16.2878,1508
16.2934,1508
16.2989,1508
16.3044,1508
16.3098,1508
16.3154,1508
16.3209,1508
16.3264,1508
16.3319,1508
16.3374,1508
16.3429,1508
16.3485,1508
16.3541,1508
16.3598,1508
16.3653,1508
16.3707,1508
16.3763,1508
16.3817,1508
16.3872,1508
16.393,1508
16.3985,1508
16.404,1508
16.4096,1508
16.4151,1508
16.4207,1508
16.4262,1508
16.4317,1508
16.4372,1508
16.4427,1508
16.4482,1508
16.4537,1508
16.4592,1508
16.4651,1508
16.4705,1508
16.476,1508
16.4815,1508
16.4871,1508
16.4925,1508
16.5051,1508
16.5106,1508
16.5161,1508
16.5216,1508
16.533,1508
16.5385,1508
16.5441,1508
16.5496,1508
16.5551,1508
16.5606,1508
16.5664,1508
16.572,1508
16.5775,1508
16.5831,1508
16.5886,1508
16.5941,1508
16.5996,1508
16.6052,1508
16.6107,1508
16.6162,1508
16.6217,1508
16.6272,1508
16.6327,1508
16.6382,1508
16.6438,1508
16.6493,1508
16.6548,1508
16.6603,1508
16.6659,1508
16.6716,1508
16.6772,1508
16.6827,1508
16.6882,1508
16.6938,1508
16.6992,1508
16.7047,1508
16.7102,1508
16.7158,1508
16.7213,1508
16.7267,1508
16.7322,1508
16.7377,1508
16.7431,1508
16.7486,1508
16.7541,1508
16.7595,1508
16.7651,1508
16.7709,1508
16.7763,1508
16.7818,1508
16.7872,1508
16.7928,1508
16.7982,1508
16.8038,1508
16.8093,1508
16.8149,1508
16.8204,1508
16.8259,1508
16.8314,1508
16.837,1508
16.8426,1508
16.8481,1508
16.8537,1508
16.8592,1508
16.8647,1508
16.8702,1508
16.876,1508
16.8816,1508
16.8871,1508
16.8926,1508
16.8983,1508
16.9042,1508
16.9099,1508
16.9158,1508
16.9212,1508
16.9267,1508
16.9321,1508
16.9377,1508
16.9431,1508
16.9486,1508
16.9542,1508
16.9597,1508
16.9652,1508
16.9707,1508
16.9765,1508
16.9819,1508
16.9875,1508
16.9931,1508
16.9986,1508
17.0041,1508
17.0096,1508
17.0152,1508
17.0207,1508
17.0262,1508
17.0317,1508
17.0372,1508
17.0426,1508
17.0482,1508
17.0538,1508
17.0592,1508
17.0648,1508
17.0703,1508
17.0761,1508
17.0817,1508
17.0872,1508
17.0927,1508
17.0981,1508
17.1037,1508
17.1092,1508
17.1147,1508
17.1203,1508
17.1259,1508
17.1313,1508
17.1369,1508
17.1424,1508
17.1479,1508
17.1534,1508
17.1589,1508
17.1644,1508
17.1699,1508
17.1754,1508
17.1813,1508
17.1868,1508
17.1923,1508
17.1978,1508
17.2034,1508
17.2088,1508
17.2143,1508
17.2198,1508
17.2254,1508
17.2309,1508
17.2363,1508
17.2419,1508
17.2474,1508
17.253,1508
17.2584,1508
17.264,1508
17.2697,1508
17.2752,1508
17.2868,1508
17.2923,1508
17.304,1508
17.3095,1508
17.3149,1508
17.3205,1508
17.326,1508
17.3314,1508
17.3369,1508
17.3424,1508
17.3479,1508
17.3595,1508
17.365,1508
17.3704,1508
17.376,1508
17.3816,1508
17.3876,1508
17.393,1508
17.3985,1508
17.4041,1508
17.4097,1508
17.4151,1508
17.4207,1508
17.4262,1508
17.4317,1508
17.4373,1508
17.4428,1508
17.4482,1508
17.4538,1508
17.4593,1508
17.4648,1508
17.4704,1508
17.4759,1508
17.4815,1508
17.4873,1508
17.4929,1508
17.4987,1508
17.5042,1508
17.5098,1508
17.5152,1508
17.5207,1508
17.5262,1508
17.5318,1508
17.5372,1508
17.5428,1508
17.5484,1508
17.5539,1508
17.5594,1508
17.565,1508
17.5706,1508
17.5761,1508
17.5816,1508
17.5871,1508
17.5931,1508
17.5986,1508
17.6042,1508
17.6097,1508
17.6152,1508
17.6207,1508
17.6263,1508
17.6318,1508
17.6373,1508
17.6427,1508
17.6483,1508
17.6537,1508
17.6592,1508
17.6647,1508
17.6702,1508
17.6757,1508
17.6812,1508
17.6867,1508
17.6924,1508
17.698,1508
17.7035,1508
17.709,1508
17.7145,1508
17.7201,1508
17.7257,1508
17.7312,1508
17.7368,1508
17.7423,1508
17.7479,1508
17.7534,1508
17.7589,1508
17.7645,1508
17.77,1508
17.7756,1508
17.781,1508
17.7865,1508
17.792,1508
17.7978,1508
17.8034,1508
17.8088,1508
17.8144,1508
17.8199,1508
17.8254,1508
17.8309,1508
17.8364,1508
17.842,1508
17.8475,1508
17.853,1508
17.8585,1508
17.864,1508
17.8696,1508
17.8751,1508
17.8806,1508
17.8861,1508
17.8916,1508
17.8975,1508
17.903,1508
17.9086,1508
17.9141,1508
17.9196,1508
17.925,1508
17.9305,1508
17.936,1508
17.9416,1508
17.9471,1508
17.9526,1508
17.9582,1508
17.9637,1508
17.9692,1508
17.9747,1508
17.9803,1508
17.9858,1508
17.9913,1508
17.9968,1508
18.0026,1508
18.0081,1508
18.0136,1508
18.0192,1508
18.0247,1508
18.0302,1508
18.0358,1508
18.0413,1508
18.0468,1508
18.0523,1508
18.0578,1508
18.0633,1508
18.0689,1508
18.0745,1508
18.08,1508
18.0855,1508
18.0911,1508
18.0966,1508
18.1023,1508
18.1079,1508
18.1133,1508
18.1191,1508
18.1246,1508
18.1302,1508
18.1358,1508
18.1413,1508
18.1468,1508
18.1523,1508
18.1578,1508
18.1633,1508
18.1688,1508
18.1744,1508
18.1799,1508
18.192,1508
18.1976,1508
18.2034,1508
18.2089,1508
18.2147,1508
18.2257,1508
18.2313,1508
18.2369,1508
18.2424,1508
18.248,1508
18.2534,1508
18.2589,1508
18.2645,1508
18.27,1508
18.2756,1508
18.281,1508
18.2866,1508
18.292,1508
18.2975,1508
18.3031,1508
18.3088,1508
18.3144,1508
18.32,1508
18.3254,1508
18.331,1508
18.3364,1508
18.342,1508
18.3475,1508
18.3531,1508
18.3628,1508
18.3684,1508
18.3739,1508
18.3794,1508
18.3849,1508
18.3905,1508
18.3961,1508
18.4015,1508
18.4073,1508
18.4129,1508
18.4185,1508
18.4239,1508
18.4294,1508
18.4349,1508
18.4405,1508
18.4459,1508
18.4515,1508
18.457,1508
18.4626,1508
18.4681,1508
18.4736,1508
18.4792,1508
18.4846,1508
18.4902,1508
18.4957,1508
18.5013,1508
18.5068,1508
18.5127,1508
18.5183,1508
18.5238,1508
18.5293,1508
18.5348,1508
18.5404,1508
18.5458,1508
18.5513,1508
18.5568,1508
18.5623,1508
18.5677,1508
18.5733,1508
18.5788,1508
18.5843,1508
18.5899,1508
18.5954,1508
18.601,1508
18.6065,1508
18.6123,1508
18.6178,1508
18.6233,1508
18.6288,1508
18.6344,1508
18.6399,1508
18.6454,1508
18.6509,1508
18.6565,1508
18.662,1508
18.6675,1508
18.673,1508
18.6785,1508
18.6841,1508
18.6896,1508
18.695,1508
18.7006,1508
18.706,1508
18.7116,1508
18.7174,1508
18.7229,1508
18.7285,1508
18.734,1508
18.7396,1508
18.7452,1508
18.7507,1508
18.7561,1508
18.7616,1508
18.7672,1508
18.7728,1508
18.7783,1508
18.7839,1508
18.7894,1508
18.795,1508
18.8005,1508
18.8061,1508
18.8117,1508
18.8174,1508
18.8229,1508
18.8284,1508
18.834,1508
18.8394,1508
18.845,1508
18.8504,1508
18.8559,1508
18.8615,1508
18.867,1508
18.8726,1508
18.8781,1508
18.8837,1508
18.8892,1508
18.8947,1508
18.9003,1508
18.9058,1508
18.9112,1508
18.9168,1508
18.9226,1508
18.9282,1508
18.9336,1508
18.9391,1508
18.9447,1508
18.9501,1508
18.9557,1508
18.9612,1508
18.9791,1508
18.9847,1508
18.9903,1508
18.9958,1508
19.0013,1508
19.0069,1508
19.0124,1508
19.0179,1508
19.0237,1508
19.0292,1508
19.0347,1508
19.0403,1508
19.0458,1508
19.0513,1508
19.0568,1508
19.0623,1508
19.0678,1508
19.0733,1508
19.0788,1508
19.0843,1508
19.0898,1508
19.0953,1508
19.1008,1508
19.1063,1508
19.1119,1508
19.1174,1508
19.1229,1508
19.1286,1508
19.1345,1508
19.1403,1508
19.1458,1508
19.1513,1508
19.1568,1508
19.1623,1508
19.1679,1508
19.1734,1508
19.1789,1508
19.1845,1508
19.19,1508
19.1955,1508
19.2011,1508
19.2065,1508
19.2121,1508
19.2177,1508
19.2232,1508
19.2291,1508
19.2346,1508
19.2402,1508
19.2457,1508
19.2512,1508
19.2567,1508
19.2623,1508
19.2678,1508
19.2733,1508
19.279,1508
19.2846,1508
19.2901,1508
19.2956,1508
19.3011,1508
19.3066,1508
19.3121,1508
19.3177,1508
19.3232,1508
19.329,1508
19.3348,1508
19.3403,1508
19.3458,1508
19.3514,1508
19.3569,1508
19.3624,1508
19.3679,1508
19.3735,1508
19.379,1508
19.3845,1508
19.3901,1508
19.3956,1508
19.4011,1508
19.4066,1508
19.4121,1508
19.4175,1508
19.4231,1508
19.4285,1508
19.4343,1508
19.4399,1508
19.4454,1508
19.451,1508
19.4565,1508
19.462,1508
19.4675,1508
19.473,1508
19.4786,1508
19.4873,1508
19.4929,1508
19.4984,1508
19.5039,1508
19.5095,1508
19.515,1508
19.5205,1508
19.526,1508
19.5315,1508
19.5373,1508
19.5427,1508
19.5483,1508
19.5538,1508
19.5594,1508
19.565,1508
19.5704,1508
19.576,1508
19.5815,1508
19.587,1508
19.5926,1508
19.5981,1508
19.6037,1508
19.6091,1508
19.6146,1508
19.6202,1508
19.6257,1508
19.6312,1508
19.637,1508
19.6426,1508
19.6484,1508
19.6539,1508
19.6594,1508
19.6649,1508
19.6705,1508
19.676,1508
19.6815,1508
19.6871,1508
19.6926,1508
19.6982,1508
19.704,1508
19.7095,1508
19.715,1508
19.7205,1508
19.7261,1508
19.7316,1508
19.7372,1508
19.7429,1508
19.7484,1508
19.7539,1508
19.7594,1508
19.765,1508
19.7705,1508
19.7761,1508
19.7815,1508
19.7871,1508
19.7926,1508
19.7981,1508
19.8037,1508
19.8092,1508
19.8147,1508
19.8203,1508
19.8258,1508
19.8313,1508
19.8369,1508
19.8426,1508
19.8481,1508
19.8535,1508
19.8591,1508
19.8647,1508
19.8702,1508
19.8758,1508
19.8813,1508
19.8869,1508
19.8924,1508
19.8979,1508
19.9034,1508
19.9089,1508
19.9145,1508
19.9199,1508
19.9254,1508
19.931,1508
19.9365,1508
19.9421,1508
19.9478,1508
19.9534,1508
19.9589,1508
19.9644,1508
19.9699,1508
19.9755,1508
19.981,1508
19.9865,1508
19.992,1508
19.9976,1508
20.0031,1508
20.0086,1508
20.0141,1508
20.0196,1508
20.0252,1508
20.0307,1508
20.0363,1508
20.0418,1508
20.0475,1508
20.053,1508
20.0585,1508
20.064,1508
20.0694,1508
20.075,1508
20.0805,1508
20.086,1508
20.0916,1508
20.0971,1508
20.1027,1508
20.1081,1508
20.1137,1508
20.1192,1508
20.1247,1508
20.1303,1508
20.1359,1508
20.1414,1508
20.1469,1508
20.1526,1508
20.1581,1508
20.1637,1508
20.1692,1508
20.1748,1508
20.1803,1508
20.1857,1508
20.1912,1508
20.1968,1508
20.2023,1508
20.2078,1508
20.2148,1508
20.2203,1508
20.2258,1508
20.2313,1508
20.2368,1508
20.2423,1508
20.2478,1508
20.2535,1508
20.2591,1508
20.2646,1508
20.2701,1508
20.2757,1508
20.2812,1508
20.2867,1508
20.2922,1508
20.2977,1508
20.3032,1508
20.3087,1508
20.3143,1508
20.3198,1508
20.3253,1508
20.3308,1508
20.3363,1508
20.3421,1508
20.3476,1508
20.3534,1508
20.3592,1508
20.3647,1508
20.3703,1508
20.3759,1508
20.3814,1508
20.387,1508
20.3925,1508
20.398,1508
20.4035,1508
20.4089,1508
20.4144,1508
20.42,1508
20.4256,1508
20.4311,1508
20.4367,1508
20.4422,1508
20.4477,1508
20.4532,1508
20.4589,1508
20.4645,1508
20.47,1508
20.4756,1508
20.481,1508
20.4865,1508
20.4921,1508
20.4977,1508
20.5032,1508
20.5086,1508
20.5141,1508
20.5196,1508
20.5251,1508
20.5306,1508
20.5362,1508
20.5417,1508
20.5472,1508
20.5527,1508
20.5586,1508
20.5641,1508
20.5696,1508
20.5752,1508
20.5808,1508
20.5863,1508
20.5921,1508
20.5978,1508
20.6034,1508
20.6089,1508
20.6144,1508
20.62,1508
20.6255,1508
20.6309,1508
20.6365,1508
20.642,1508
20.6475,1508
20.6531,1508
20.6586,1508
20.6643,1508
20.6699,1508
20.6754,1508
20.6812,1508
20.6867,1508
20.6922,1508
20.6978,1508
20.7032,1508
20.7088,1508
20.7143,1508
20.7199,1508
20.7254,1508
20.731,1508
20.7365,1508
20.7421,1508
20.7476,1508
20.7531,1508
20.7586,1508
20.7645,1508
20.77,1508
20.7756,1508
20.7811,1508
20.7866,1508
20.7921,1508
20.7979,1508
20.8034,1508
20.8089,1508
20.8144,1508
20.82,1508
20.8256,1508
20.8311,1508
20.8367,1508
20.8422,1508
20.8477,1508
20.8532,1508
20.8588,1508
20.8642,1508
20.876,1508
20.8815,1508
20.8871,1508
20.8926,1508
20.8982,1508
20.9037,1508
20.9092,1508
20.9146,1508
20.9202,1508
20.9258,1508
20.9312,1508
20.9367,1508
20.9422,1508
20.9477,1508
20.9532,1508
20.9587,1508
20.9642,1508
20.97,1508
20.9756,1508
20.9811,1508
20.9866,1508
20.9922,1508
20.9977,1508
21.0032,1508
21.0087,1508
21.0142,1508
21.0197,1508
21.0253,1508
21.0309,1508
21.0364,1508
21.042,1508
21.0475,1508
21.0531,1508
21.0585,1508
21.064,1508
21.0702,1508
21.0756,1508
21.0812,1508
21.0867,1508
21.0923,1508
21.0978,1508
21.1033,1508
21.1088,1508
21.1142,1508
21.1198,1508
21.1253,1508
21.1309,1508
21.1364,1508
21.1419,1508
21.1474,1508
21.1529,1508
21.1585,1508
21.164,1508
21.1695,1508
21.1753,1508
21.1808,1508
21.1863,1508
21.1918,1508
21.1974,1508
21.2029,1508
21.2084,1508
21.214,1508
21.2195,1508
21.225,1508
21.2305,1508
21.2359,1508
21.2414,1508
21.2469,1508
21.2524,1508
21.258,1508
21.2636,1508
21.2697,1508
21.2755,1508
21.2813,1508
21.2869,1508
21.2924,1508
21.2979,1508
21.3035,1508
21.309,1508
21.3146,1508
21.3201,1508
21.3257,1508
21.3312,1508
21.3368,1508
21.3423,1508
21.3478,1508
21.3532,1508
21.3588,1508
21.3644,1508
21.3699,1508
21.3754,1508
21.3812,1508
21.3867,1508
21.3921,1508
21.3976,1508
21.4031,1508
21.4086,1508
21.4141,1508
21.4196,1508
21.425,1508
21.4305,1508
21.436,1508
21.4415,1508
21.447,1508
21.4526,1508
21.4581,1508
21.4636,1508
21.4691,1508
21.4746,1508
21.4803,1508
21.4859,1508
21.4913,1508
21.4969,1508
21.5023,1508
21.5079,1508
21.5134,1508
21.5189,1508
21.5243,1508
21.5299,1508
21.5355,1508
21.541,1508
21.5465,1508
21.5519,1508
21.5575,1508
21.563,1508
21.5685,1508
21.574,1508
21.5795,1508
21.5853,1508
21.5909,1508
21.5963,1508
21.6019,1508
21.6075,1508
21.6129,1508
21.6184,1508
21.624,1508
21.6295,1508
21.635,1508
21.6405,1508
21.6461,1508
21.6516,1508
21.6571,1508
21.6627,1508
21.6682,1508
21.6737,1508
21.6792,1508
21.685,1508
21.6905,1508
21.6959,1508
21.7015,1508
21.7071,1508
21.7126,1508
21.7181,1508
21.7236,1508
21.7292,1508
21.7346,1508
21.7413,1508
21.7469,1508
21.7524,1508
21.758,1508
21.7634,1508
21.7689,1508
21.7745,1508
21.78,1508
21.7855,1508
21.7913,1508
21.7968,1508
21.8081,1508
21.8137,1508
21.8192,1508
21.8247,1508
21.8303,1508
21.8358,1508
21.8413,1508
21.8468,1508
21.8523,1508
21.8578,1508
21.8633,1508
21.8689,1508
21.875,1508
21.8805,1508
21.886,1508
21.8917,1508
21.8973,1508
21.9028,1508
21.9084,1508
21.9139,1508
21.9195,1508
21.925,1508
21.9305,1508
21.936,1508
21.9416,1508
21.9471,1508
21.9526,1508
21.9582,1508
21.9638,1508
21.9693,1508
21.9748,1508
21.9803,1508
21.9862,1508
21.992,1508
21.9976,1508
22.0031,1508
22.0085,1508
22.014,1508
22.0196,1508
22.0251,1508
22.0306,1508
22.036,1508
22.0415,1508
22.0471,1508
22.0527,1508
22.0582,1508
22.0637,1508
22.0692,1508
22.0747,1508
22.0802,1508
22.0857,1508
22.0912,1508
22.0973,1508
22.1027,1508
22.1082,1508
22.1137,1508
22.1193,1508
22.1248,1508
22.1304,1508
22.1358,1508
22.1414,1508
22.147,1508
22.1525,1508
22.1579,1508
22.1634,1508
22.1689,1508
22.1745,1508
22.18,1508
22.1854,1508
22.191,1508
22.1968,1508
22.2026,1508
22.2081,1508
22.2136,1508
22.2191,1508
22.2247,1508
22.2302,1508
22.2357,1508
22.2413,1508
22.2468,1508
22.2523,1508
22.2578,1508
22.2634,1508
22.269,1508
22.2746,1508
22.28,1508
22.2855,1508
22.291,1508
22.2966,1508
22.3026,1508
22.308,1508
22.3135,1508
22.3191,1508
22.3246,1508
22.3302,1508
22.3356,1508
22.3411,1508
22.3466,1508
22.352,1508
22.3576,1508
22.3631,1508
22.3686,1508
22.3741,1508
22.3796,1508
22.3851,1508
22.3907,1508
22.3962,1508
22.4021,1508
22.4077,1508
22.4132,1508
22.4188,1508
22.4243,1508
22.4298,1508
22.4352,1508
22.4407,1508
22.4462,1508
22.4518,1508
22.4573,1508
22.4629,1508
22.4684,1508
22.474,1508
22.4795,1508
22.485,1508
22.4905,1508
22.496,1508
22.5015,1508
22.5075,1508
22.513,1508
22.5185,1508
22.5239,1508
22.5295,1508
22.535,1508
22.5405,1508
22.5461,1508
22.5516,1508
22.5572,1508
22.5628,1508
22.5683,1508
22.5738,1508
22.5793,1508
22.5848,1508
22.5904,1508
22.5959,1508
22.6015,1508
22.6075,1508
22.613,1508
22.6186,1508
22.6241,1508
22.6296,1508
22.6352,1508
22.6406,1508
22.6462,1508
22.6517,1508
22.6571,1508
22.6626,1508
22.6682,1508
22.6736,1508
22.6791,1508
22.6846,1508
22.6902,1508
22.6958,1508
22.7013,1508
22.7068,1508
22.7129,1508
22.7184,1508
22.724,1508
22.7295,1508
22.735,1508
22.7405,1508
22.7461,1508
22.7516,1508
22.757,1508
22.7625,1508
22.7681,1508
22.7736,1508
22.7791,1508
22.7847,1508
22.7903,1508
22.7958,1508
22.8014,1508
22.8069,1508
22.8129,1508
22.8183,1508
22.8238,1508
22.8293,1508
22.8349,1508
22.8404,1508
22.8459,1508
22.8514,1508
22.8569,1508
22.8625,1508
22.8681,1508
22.8736,1508
22.8792,1508
22.8847,1508
22.8902,1508
22.8958,1508
22.9013,1508
22.9069,1508
22.9124,1508
22.9184,1508
22.924,1508
22.9295,1508
22.935,1508
22.9405,1508
22.946,1508
22.9514,1508
22.9569,1508
22.9624,1508
22.968,1508
22.9735,1508
22.979,1508
22.9845,1508
22.99,1508
22.9956,1508
23.0011,1508
23.0066,1508
23.0121,1508
23.0182,1508
23.0238,1508
23.0292,1508
23.0348,1508
23.0403,1508
23.0458,1508
23.0512,1508
23.0568,1508
23.0622,1508
23.0678,1508
23.0733,1508
23.0789,1508
23.0844,1508
23.0899,1508
23.0953,1508
23.1009,1508
23.1064,1508
23.1119,1508
23.1177,1508
23.1235,1508
23.1289,1508
23.1344,1508
23.14,1508
23.1455,1508
23.1511,1508
23.1565,1508
23.1621,1508
23.1676,1508
23.1731,1508
23.1786,1508
23.184,1508
23.1895,1508
23.195,1508
23.2005,1508
23.206,1508
23.2116,1508
23.2171,1508
23.2231,1508
23.2287,1508
23.2342,1508
23.2397,1508
23.2453,1508
23.2508,1508
23.2564,1508
23.2619,1508
23.2674,1508
23.2729,1508
23.2783,1508
23.2839,1508
23.2894,1508
23.295,1508
23.3006,1508
23.3061,1508
23.3116,1508
23.3171,1508
23.3229,1508
23.3288,1508
23.3344,1508
23.3399,1508
23.3455,1508
23.351,1508
23.3565,1508
23.3621,1508
23.3676,1508
23.3731,1508
23.3806,1508
23.3861,1508
23.3915,1508
23.397,1508
23.4025,1508
23.408,1508
23.4135,1508
23.419,1508
23.4248,1508
23.4306,1508
23.4362,1508
23.4417,1508
23.4472,1508
23.4526,1508
23.4581,1508
23.4637,1508
23.4692,1508
23.4746,1508
23.4801,1508
23.4856,1508
23.4912,1508
23.4967,1508
23.5022,1508
23.5077,1508
23.5132,1508
23.5187,1508
23.5242,1508
23.5303,1508
23.5358,1508
23.5414,1508
23.547,1508
23.5525,1508
23.5579,1508
23.5634,1508
23.5689,1508
23.5743,1508
23.5799,1508
23.5854,1508
23.5909,1508
23.5963,1508
23.6019,1508
23.6074,1508
23.6129,1508
23.6184,1508
23.6239,1508
23.6297,1508
23.6354,1508
23.641,1508
23.6466,1508
23.6521,1508
23.6576,1508
23.6631,1508
23.6687,1508
23.6742,1508
23.6797,1508
23.6852,1508
23.6907,1508
23.6962,1508
23.7017,1508
23.7072,1508
23.7127,1508
23.7182,1508
23.7236,1508
23.7291,1508
23.7352,1508
23.7407,1508
23.7462,1508
23.7518,1508
23.7572,1508
23.7627,1508
23.7683,1508
23.7738,1508
23.7793,1508
23.7848,1508
23.7904,1508
23.7959,1508
23.8014,1508
23.8069,1508
23.8124,1508
23.8179,1508
23.8234,1508
23.829,1508
23.8347,1508
23.8404,1508
23.8459,1508
23.8514,1508
23.857,1508
23.8625,1508
23.8679,1508
23.8734,1508
23.8789,1508
23.8845,1508
23.8901,1508
23.8955,1508
23.9011,1508
23.9067,1508
23.9121,1508
23.9176,1508
23.9232,1508
23.9287,1508
23.9342,1508
23.9403,1508
23.9458,1508
23.9513,1508
23.9568,1508
23.9624,1508
23.9679,1508
23.9734,1508
23.9789,1508
23.9844,1508
23.99,1508
23.9955,1508
24.001,1508
24.0066,1508
24.0121,1508
24.0175,1508
24.0231,1508
24.0286,1508
24.0342,1508
24.0399,1508
24.0457,1508
24.0512,1508
24.0567,1508
24.0621,1508
24.0677,1508
24.0732,1508
24.0788,1508
24.0843,1508
24.0898,1508
24.0953,1508
24.1009,1508
24.1064,1508
24.112,1508
24.1176,1508
24.1231,1508
24.1286,1508
24.1341,1508
24.1396,1508
24.1455,1508
24.151,1508
24.1565,1508
24.162,1508
24.1676,1508
24.1731,1508
24.1786,1508
24.1841,1508
24.1897,1508
24.1952,1508
24.2007,1508
24.2061,1508
24.2117,1508
24.2172,1508
24.2227,1508
24.2283,1508
24.2338,1508
24.2394,1508
24.2451,1508
24.2508,1508
24.2563,1508
24.2618,1508
24.2674,1508
24.2729,1508
24.2784,1508
24.2839,1508
24.2894,1508
24.2949,1508
24.3004,1508
24.306,1508
24.3114,1508
24.3169,1508
24.3225,1508
24.328,1508
24.3336,1508
24.3391,1508
24.3446,1508
24.3507,1508
24.3561,1508
24.3616,1508
24.3671,1508
24.3726,1508
24.3781,1508
24.3836,1508
24.3892,1508
24.3947,1508
24.4003,1508
24.4059,1508
24.412,1508
24.4179,1508
24.424,1508
24.4295,1508
24.4351,1508
24.4406,1508
24.4461,1508
24.4522,1508
24.4578,1508
24.4632,1508
24.4687,1508
24.4742,1508
24.4797,1508
24.4851,1508
24.4907,1508
24.4963,1508
24.5019,1508
24.5073,1508
24.5128,1508
24.5183,1508
24.5239,1508
24.5294,1508
24.535,1508
24.5405,1508
24.546,1508
24.5518,1508
24.5575,1508
24.5631,1508
24.5687,1508
24.5743,1508
24.5798,1508
24.5854,1508
24.591,1508
24.5965,1508
24.602,1508
24.6075,1508
24.613,1508
24.6186,1508
24.6242,1508
24.6297,1508
24.6352,1508
24.6407,1508
24.6462,1508
24.6518,1508
24.6578,1508
24.6633,1508
24.6692,1508
24.6748,1508
24.6804,1508
24.6859,1508
24.6914,1508
24.6969,1508
24.7025,1508
24.708,1508
24.7135,1508
24.7191,1508
24.7246,1508
24.73,1508
24.7356,1508
24.7412,1508
24.7467,1508
24.7522,1508
24.7582,1508
24.7638,1508
24.7692,1508
24.7747,1508
24.7803,1508
24.7858,1508
24.7913,1508
24.7968,1508
24.8024,1508
24.808,1508
24.8135,1508
24.8191,1508
24.8246,1508
24.8302,1508
24.8357,1508
24.8412,1508
24.8468,1508
24.8523,1508
24.8577,1508
24.8638,1508
24.8693,1508
24.8748,1508
24.8804,1508
24.8859,1508
24.8914,1508
24.8969,1508
24.9024,1508
24.9079,1508
24.9135,1508
24.919,1508
24.9245,1508
24.9301,1508
24.9356,1508
24.9413,1508
24.9467,1508
24.9523,1508
24.9578,1508
24.9638,1508
24.9692,1508
24.9747,1508
24.9802,1508
24.9857,1508
24.9912,1508
24.9967,1508
25.0023,1508
25.0078,1508
25.0133,1508
25.0187,1508
25.0243,1508
25.0299,1508
25.0354,1508
25.0409,1508
25.0463,1508
25.0518,1508
25.0573,1508
25.0632,1508
25.0689,1508
25.0745,1508
25.08,1508
25.0855,1508
25.0911,1508
25.0966,1508
25.1021,1508
25.1076,1508
25.1132,1508
25.1187,1508
25.1242,1508
25.1296,1508
25.1352,1508
25.1407,1508
25.1462,1508
25.1517,1508
25.1572,1508
25.1627,1508
25.1688,1508
25.1744,1508
25.1799,1508
25.1854,1508
25.1909,1508
25.1964,1508
25.2019,1508
25.2074,1508
25.213,1508
25.2184,1508
25.2239,1508
25.2294,1508
25.235,1508
25.2405,1508
25.2461,1508
25.2517,1508
25.2572,1508
25.2627,1508
25.2685,1508
25.2743,1508
25.2798,1508
25.2853,1508
25.2909,1508
25.2964,1508
25.3019,1508
25.3074,1508
25.313,1508
25.3185,1508
25.3241,1508
25.3297,1508
25.3352,1508
25.3407,1508
25.3462,1508
25.3518,1508
25.3572,1508
25.3628,1508
25.3683,1508
25.3743,1508
25.3799,1508
25.3854,1508
25.391,1508
25.3965,1508
25.402,1508
25.4076,1508
25.4131,1508
25.4186,1508
25.4241,1508
25.4296,1508
25.4352,1508
25.4407,1508
25.4462,1508
25.4517,1508
25.4572,1508
25.4628,1508
25.4683,1508
25.4742,1508
25.4798,1508
25.4853,1508
25.4908,1508
25.4962,1508
25.5018,1508
25.5073,1508
25.5127,1508
25.5182,1508
25.5237,1508
25.5293,1508
25.5347,1508
25.5402,1508
25.5458,1508
25.5513,1508
25.5569,1508
25.5624,1508
25.568,1508
25.5735,1508
25.5796,1508
25.5851,1508
25.5906,1508
25.5962,1508
25.6016,1508
25.6072,1508
25.6127,1508
25.6182,1508
25.6236,1508
25.6291,1508
25.6347,1508
25.6401,1508
25.6456,1508
25.6511,1508
25.6567,1508
25.6621,1508
25.6677,1508
25.6732,1508
25.679,1508
25.6846,1508
25.6901,1508
25.6957,1508
25.7011,1508
25.7067,1508
25.7122,1508
25.7177,1508
25.7232,1508
25.7287,1508
25.7343,1508
25.7399,1508
25.7453,1508
25.7508,1508
25.7564,1508
25.7618,1508
25.7674,1508
25.7729,1508
25.7784,1508
25.7845,1508
25.7901,1508
25.7957,1508
25.8011,1508
25.8066,1508
25.8121,1508
25.8176,1508
25.8231,1508
25.8286,1508
25.8342,1508
25.8397,1508
25.8452,1508
25.8507,1508
25.8563,1508
25.8617,1508
25.8672,1508
25.8727,1508
25.8782,1508
25.8843,1508
25.8898,1508
25.8953,1508
25.9009,1508
25.9064,1508
25.9119,1508
25.9173,1508
25.9229,1508
25.9285,1508
25.934,1508
25.9395,1508
25.9451,1508
25.9506,1508
25.9561,1508
25.9616,1508
25.9671,1508
25.9726,1508
25.9781,1508
25.9836,1508
25.9897,1508
25.9953,1508
26.0007,1508
26.0063,1508
26.0117,1508
26.0172,1508
26.0227,1508
26.0283,1508
26.0337,1508
26.0392,1508
26.0448,1508
26.0503,1508
26.0559,1508
26.0614,1508
26.0669,1508
26.0725,1508
26.078,1508
26.0836,1508
26.0897,1508
26.0953,1508
26.1008,1508
26.1063,1508
26.1118,1508
26.1173,1508
26.1229,1508
26.1283,1508
26.1338,1508
26.1393,1508
26.1449,1508
26.1504,1508
26.156,1508
26.1614,1508
26.1669,1508
26.1724,1508
26.1779,1508
26.1835,1508
26.189,1508
26.1951,1508
26.2007,1508
26.2062,1508
26.2117,1508
26.2173,1508
26.2228,1508
26.2283,1508
26.2338,1508
26.2392,1508
26.2448,1508
26.2502,1508
26.2558,1508
26.2613,1508
26.2669,1508
26.2724,1508
26.2779,1508
26.2834,1508
26.2888,1508
26.2948,1508
26.3004,1508
26.3059,1508
26.3114,1508
26.3169,1508
26.3223,1508
26.3278,1508
26.3334,1508
26.3389,1508
26.3445,1508
26.35,1508
26.3555,1508
26.3611,1508
26.3666,1508
26.3721,1508
26.3777,1508
26.3832,1508
26.3888,1508
26.3946,1508
26.4004,1508
26.4059,1508
26.4113,1508
26.4169,1508
26.4223,1508
26.4279,1508
26.4334,1508
26.4389,1508
26.4444,1508
26.4499,1508
26.4554,1508
26.461,1508
26.4664,1508
26.472,1508
26.4776,1508
26.483,1508
26.4886,1508
26.4942,1508
26.5003,1508
26.5058,1508
26.5113,1508
26.5168,1508
26.5223,1508
26.5278,1508
26.5333,1508
26.5388,1508
26.5443,1508
26.5499,1508
26.5554,1508
26.5609,1508
26.5664,1508
26.572,1508
26.5775,1508
26.583,1508
26.5886,1508
26.594,1508
26.5998,1508
26.6056,1508
26.611,1508
26.6165,1508
26.622,1508
26.6276,1508
26.633,1508
26.6386,1508
26.6441,1508
26.6497,1508
26.6552,1508
26.6608,1508
26.6662,1508
26.6717,1508
26.6772,1508
26.6827,1508
26.6883,1508
26.6938,1508
26.6994,1508
26.7054,1508
26.7123,1508
26.718,1508
26.7241,1508
26.7297,1508
26.7354,1508
26.7413,1508
26.7471,1508
26.7527,1508
26.7582,1508
26.7637,1508
26.7693,1508
26.7749,1508
26.7804,1508
26.7859,1508
26.7914,1508
26.7969,1508
26.8025,1508
26.8086,1508
26.8141,1508
26.8197,1508
26.8252,1508
26.8307,1508
26.8362,1508
26.8417,1508
26.8473,1508
26.8528,1508
26.8584,1508
26.8639,1508
26.8694,1508
26.8749,1508
26.8804,1508
26.886,1508
26.8915,1508
26.897,1508
26.9026,1508
26.9087,1508
26.9142,1508
26.9197,1508
26.9252,1508
26.9307,1508
26.9362,1508
26.9417,1508
26.9473,1508
26.9528,1508
26.9584,1508
26.9638,1508
26.9693,1508
26.9748,1508
26.9803,1508
26.9859,1508
26.9914,1508
26.9969,1508
27.0024,1508
27.008,1508
27.0142,1508
27.0197,1508
27.0253,1508
27.0307,1508
27.0362,1508
27.0417,1508
27.0472,1508
27.0528,1508
27.0582,1508
27.0637,1508
27.0693,1508
27.0748,1508
27.0803,1508
27.0858,1508
27.0913,1508
27.0968,1508
27.1023,1508
27.1077,1508
27.1138,1508
27.1193,1508
27.1249,1508
27.1303,1508
27.1359,1508
27.1414,1508
27.1469,1508
27.1525,1508
27.158,1508
27.1635,1508
27.1691,1508
27.1746,1508
27.1801,1508
27.1856,1508
27.1912,1508
27.1967,1508
27.2023,1508
27.2077,1508
27.2132,1508
27.2192,1508
27.2247,1508
27.2302,1508
27.2358,1508
27.2413,1508
27.2468,1508
27.2524,1508
27.2579,1508
27.2633,1508
27.2689,1508
27.2743,1508
27.2799,1508
27.2854,1508
27.2909,1508
27.2965,1508
27.302,1508
27.3074,1508
27.3129,1508
27.3191,1508
27.3246,1508
27.3302,1508
27.3357,1508
27.3412,1508
27.3467,1508
27.3522,1508
27.3578,1508
27.3633,1508
27.3688,1508
27.3744,1508
27.3798,1508
27.3853,1508
27.3908,1508
27.3964,1508
27.4019,1508
27.4074,1508
27.4129,1508
27.4188,1508
27.4247,1508
27.4302,1508
27.4357,1508
27.4413,1508
27.4468,1508
27.4524,1508
27.4579,1508
27.4634,1508
27.4689,1508
27.4745,1508
27.48,1508
27.4855,1508
27.4911,1508
27.4965,1508
27.5021,1508
27.5076,1508
27.5131,1508
27.5187,1508
27.5246,1508
27.5302,1508
27.5356,1508
27.5412,1508
27.5466,1508
27.5522,1508
27.5578,1508
27.5633,1508
27.5688,1508
27.5743,1508
27.5799,1508
27.5854,1508
27.5908,1508
27.5964,1508
27.602,1508
27.6075,1508
27.613,1508
27.6185,1508
27.6245,1508
27.63,1508
27.6355,1508
27.6409,1508
27.6465,1508
27.652,1508
27.6576,1508
27.6631,1508
27.6687,1508
27.6742,1508
27.6797,1508
27.6853,1508
27.6908,1508
27.6963,1508
27.7018,1508
27.7072,1508
27.7127,1508
27.7182,1508
27.7236,1508
27.7296,1508
27.7351,1508
27.7406,1508
27.7461,1508
27.7516,1508
27.7571,1508
27.7626,1508
27.768,1508
27.7736,1508
27.779,1508
27.7845,1508
27.79,1508
27.7955,1508
27.801,1508
27.8065,1508
27.812,1508
27.8175,1508
27.8231,1508
27.8288,1508
27.8346,1508
27.84,1508
27.8455,1508
27.8511,1508
27.8566,1508
27.8621,1508
27.8676,1508
27.8732,1508
27.8786,1508
27.8841,1508
27.8897,1508
27.8952,1508
27.9007,1508
27.9063,1508
27.9118,1508
27.9174,1508
27.9229,1508
27.9285,1508
27.9345,1508
27.94,1508
27.9455,1508
27.9511,1508
27.9567,1508
27.9622,1508
27.9677,1508
27.9732,1508
27.9788,1508
27.9842,1508
27.9897,1508
27.9952,1508
28.0007,1508
28.0062,1508
28.0117,1508
28.0172,1508
28.0228,1508
28.0282,1508
28.034,1508
28.0396,1508
28.0451,1508
28.0505,1508
28.0561,1508
28.0617,1508
28.0671,1508
28.0727,1508
28.0782,1508
28.0837,1508
28.0892,1508
28.0948,1508
28.1003,1508
28.1058,1508
28.1113,1508
28.1169,1508
28.1224,1508
28.1337,1508
28.1395,1508
28.1451,1508
28.1506,1508
28.1562,1508
28.1616,1508
28.1671,1508
28.1726,1508
28.1782,1508
28.1837,1508
28.1893,1508
28.1947,1508
28.2003,1508
28.2058,1508
28.2113,1508
28.2168,1508
28.2224,1508
28.2279,1508
28.2335,1508
28.2393,1508
28.2448,1508
28.2503,1508
28.2559,1508
28.2614,1508
28.2668,1508
28.2723,1508
28.2778,1508
28.2837,1508
28.2892,1508
28.2949,1508
28.3007,1508
28.3065,1508
28.312,1508
28.3179,1508
28.3234,1508
28.3289,1508
28.3345,1508
28.3415,1508
28.3475,1508
28.353,1508
28.3585,1508
28.364,1508
28.3695,1508
28.375,1508
28.3805,1508
28.386,1508
28.3915,1508
28.397,1508
28.4025,1508
28.408,1508
28.4135,1508
28.4191,1508
28.4246,1508
28.4302,1508
28.4357,1508
28.4412,1508
28.4471,1508
28.4526,1508
28.4582,1508
28.4638,1508
28.4693,1508
28.4749,1508
28.4806,1508
28.4865,1508
28.492,1508
28.4975,1508
28.503,1508
28.5085,1508
28.5141,1508
28.5196,1508
28.5251,1508
28.5306,1508
28.536,1508
28.5415,1508
28.5472,1508
28.5527,1508
28.5582,1508
28.5637,1508
28.5692,1508
28.5747,1508
28.5803,1508
28.5858,1508
28.5914,1508
28.5969,1508
28.6024,1508
28.6079,1508
28.6135,1508
28.6189,1508
28.6245,1508
28.63,1508
28.6359,1508
28.6414,1508
28.6472,1508
28.6527,1508
28.6582,1508
28.6637,1508
28.6692,1508
28.6747,1508
28.6803,1508
28.6858,1508
28.6912,1508
28.6967,1508
28.7023,1508
28.7078,1508
28.7132,1508
28.7187,1508
28.7242,1508
28.7297,1508
28.7353,1508
28.7408,1508
28.7464,1508
28.7522,1508
28.7577,1508
28.7632,1508
28.7687,1508
28.7741,1508
28.7797,1508
28.7853,1508
28.7911,1508
28.7966,1508
28.8023,1508
28.8078,1508
28.8133,1508
28.8188,1508
28.8243,1508
28.8298,1508
28.8354,1508
28.8409,1508
28.8464,1508
28.8522,1508
28.8577,1508
28.8631,1508
28.8687,1508
28.8743,1508
28.8798,1508
28.8854,1508
28.8909,1508
28.8965,1508
28.902,1508
28.9075,1508
28.913,1508
28.9185,1508
28.924,1508
28.9295,1508
28.9349,1508
28.9404,1508
28.9459,1508
28.9514,1508
28.9572,1508
28.9627,1508
28.9682,1508
28.9737,1508
28.9792,1508
28.9846,1508
28.9902,1508
28.9957,1508
29.0013,1508
29.0068,1508
29.0123,1508
29.0179,1508
29.0234,1508
29.0289,1508
29.0345,1508
29.0401,1508
29.0456,1508
29.0511,1508
29.057,1508
29.0625,1508
29.0679,1508
29.0734,1508
29.079,1508
29.0845,1508
29.09,1508
29.0956,1508
29.1011,1508
29.1066,1508
29.1121,1508
29.1176,1508
29.1234,1508
29.1289,1508
29.1344,1508
29.14,1508
29.1455,1508
29.1509,1508
29.1565,1508
29.1623,1508
29.168,1508
29.1735,1508
29.1789,1508
29.1844,1508
29.19,1508
29.1955,1508
29.201,1508
29.2066,1508
29.2121,1508
29.2176,1508
29.2231,1508
29.2287,1508
29.2343,1508
29.2398,1508
29.2453,1508
29.2507,1508
29.2562,1508
29.262,1508
29.2675,1508
29.2731,1508
29.2787,1508
29.2842,1508
29.2897,1508
29.2953,1508
29.3008,1508
29.3064,1508
29.3118,1508
29.3174,1508
29.3228,1508
29.3283,1508
29.3339,1508
29.3394,1508
29.3449,1508
29.3504,1508
29.356,1508
29.3616,1508
29.3673,1508
29.3728,1508
29.3784,1508
29.3839,1508
29.3898,1508
29.3953,1508
29.4016,1508
29.4071,1508
29.4127,1508
29.4181,1508
29.4236,1508
29.4291,1508
29.4346,1508
29.4401,1508
29.4457,1508
29.4511,1508
29.4567,1508
29.4622,1508
29.4681,1508
29.4736,1508
29.4791,1508
29.4847,1508
29.4903,1508
29.4958,1508
29.5013,1508
29.5068,1508
29.5183,1508
29.5238,1508
29.5293,1508
29.5349,1508
29.5403,1508
29.5458,1508
29.5513,1508
29.5569,1508
29.5625,1508
29.568,1508
29.5738,1508
29.5793,1508
29.5848,1508
29.5903,1508
29.5958,1508
29.6013,1508
29.6069,1508
29.6124,1508
29.6179,1508
29.6234,1508
29.6289,1508
29.6344,1508
29.64,1508
29.6455,1508
29.6509,1508
29.6564,1508
29.662,1508
29.6676,1508
29.6733,1508
29.6789,1508
29.6844,1508
29.6902,1508
29.696,1508
29.7015,1508
29.707,1508
29.7126,1508
29.7181,1508
29.7237,1508
29.7292,1508
29.7348,1508
29.7403,1508
29.7459,1508
29.7514,1508
29.7569,1508
29.7624,1508
29.768,1508
29.7739,1508
29.7794,1508
29.7849,1508
29.7905,1508
29.7959,1508
29.8014,1508
29.8069,1508
29.8125,1508
29.8179,1508
29.8235,1508
29.8289,1508
29.8344,1508
29.8399,1508
29.8455,1508
29.8511,1508
29.8566,1508
29.8621,1508
29.8677,1508
29.8731,1508
29.8789,1508
29.8844,1508
29.89,1508
29.8955,1508
29.901,1508
29.9065,1508
29.9126,1508
29.9181,1508
29.9237,1508
29.9292,1508
29.9348,1508
29.9403,1508
29.9458,1508
29.9513,1508
29.9569,1508
29.9625,1508
29.968,1508
29.9735,1508
29.9792,1508
29.9847,1508
29.9902,1508
29.9957,1508
30.0012,1508
30.0066,1508
30.0122,1508
30.0176,1508
30.0232,1508
30.0287,1508
30.0342,1508
30.0398,1508
30.0454,1508
30.0509,1508
30.0564,1508
30.0622,1508
30.0677,1508
30.0732,1508
30.0787,1508
30.0845,1508
30.09,1508
30.0955,1508
30.101,1508
30.1065,1508
30.1121,1508
30.1175,1508
30.123,1508
30.1285,1508
30.1341,1508
30.1397,1508
30.1452,1508
30.1508,1508
30.1563,1508
30.1618,1508
30.1673,1508
30.1727,1508
30.1783,1508
30.1841,1508
30.1896,1508
30.1952,1508
30.2007,1508
30.2063,1508
30.2118,1508
30.2176,1508
30.2231,1508
30.2286,1508
30.2342,1508
30.2398,1508
30.2453,1508
30.2508,1508
30.2564,1508
30.2619,1508
30.2675,1508
30.273,1508
30.2785,1508
30.284,1508
30.2897,1508
30.2953,1508
30.3008,1508
30.3064,1508
30.3119,1508
30.3175,1508
30.3229,1508
30.3285,1508
30.334,1508
30.3395,1508
30.345,1508
30.3505,1508
30.3561,1508
30.3615,1508
30.3671,1508
30.3727,1508
30.3782,1508
30.3837,1508
30.3895,1508
30.4008,1508
30.4064,1508
30.4119,1508
30.4175,1508
30.423,1508
30.4285,1508
30.434,1508
30.4395,1508
30.445,1508
30.4506,1508
30.4562,1508
30.4618,1508
30.4673,1508
30.4728,1508
30.4783,1508
30.4839,1508
30.4895,1508
30.4953,1508
30.5009,1508
30.5064,1508
30.5119,1508
30.5175,1508
30.5231,1508
30.5286,1508
30.5341,1508
30.5396,1508
30.5451,1508
30.5506,1508
30.5561,1508
30.5617,1508
30.5735,1508
30.5791,1508
30.5846,1508
30.5901,1508
30.5959,1508
30.6015,1508
30.607,1508
30.6125,1508
30.6181,1508
30.6237,1508
30.6292,1508
30.6347,1508
30.6401,1508
30.6456,1508
30.651,1508
30.6566,1508
30.6621,1508
30.6676,1508
30.6731,1508
30.6787,1508
30.6842,1508
30.6897,1508
30.6955,1508
30.701,1508
30.7066,1508
30.7121,1508
30.7176,1508
30.7231,1508
30.7286,1508
30.7341,1508
30.7396,1508
30.7452,1508
30.7506,1508
30.7562,1508
30.7617,1508
30.7678,1508
30.7733,1508
30.7789,1508
30.7844,1508
30.7899,1508
30.7954,1508
30.8013,1508
30.8068,1508
30.8122,1508
30.8177,1508
30.8232,1508
30.8287,1508
30.8342,1508
30.8397,1508
30.8452,1508
30.8507,1508
30.8562,1508
30.8617,1508
30.8672,1508
30.8727,1508
30.8783,1508
30.8837,1508
30.8893,1508
30.8948,1508
30.9007,1508
30.9062,1508
30.9117,1508
30.9173,1508
30.9227,1508
30.9282,1508
30.9338,1508
30.9394,1508
30.9449,1508
30.9504,1508
30.9559,1508
30.9614,1508
30.973,1508
30.9785,1508
30.984,1508
30.9896,1508
30.995,1508
31.0005,1508
31.0063,1508
31.0118,1508
31.0173,1508
31.0228,1508
31.0283,1508
31.0338,1508
31.0393,1508
31.0448,1508
31.0504,1508
31.056,1508
31.0615,1508
31.067,1508
31.0725,1508
31.078,1508
31.0836,1508
31.0891,1508
31.0946,1508
31.1001,1508
31.106,1508
31.1115,1508
31.1171,1508
31.1226,1508
31.1281,1508
31.1336,1508
31.1392,1508
31.1446,1508
31.1501,1508
31.1556,1508
31.1611,1508
31.1666,1508
31.1721,1508
31.1775,1508
31.1831,1508
31.1885,1508
31.1941,1508
31.1996,1508
31.2051,1508
31.2109,1508
31.2164,1508
31.2219,1508
31.2275,1508
31.2329,1508
31.2385,1508
31.2439,1508
31.2494,1508
31.2549,1508
31.2604,1508
31.2659,1508
31.2714,1508
31.2769,1508
31.2824,1508
31.2879,1508
31.2934,1508
31.299,1508
31.3045,1508
31.3102,1508
31.3158,1508
31.3213,1508
31.3268,1508
31.3327,1508
31.3446,1508
31.3502,1508
31.3556,1508
31.3611,1508
31.3667,1508
31.3722,1508
31.3777,1508
31.3832,1508
31.3888,1508
31.3943,1508
31.4013,1508
31.4071,1508
31.4134,1508
31.4189,1508
31.4245,1508
31.43,1508
31.4355,1508
31.441,1508
31.4465,1508
31.452,1508
31.4576,1508
31.4631,1508
31.4687,1508
31.4742,1508
31.4856,1508
31.491,1508
31.4966,1508
31.5022,1508
31.5077,1508
31.5132,1508
31.5189,1508
31.5244,1508
31.5299,1508
31.5355,1508
31.541,1508
31.5465,1508
31.5521,1508
31.5576,1508
31.5632,1508
31.5687,1508
31.5742,1508
31.5797,1508
31.5853,1508
31.5908,1508
31.5964,1508
31.6019,1508
31.6074,1508
31.6129,1508
31.6187,1508
31.6241,1508
31.6296,1508
31.635,1508
31.6406,1508
31.6461,1508
31.6517,1508
31.6571,1508
31.6627,1508
31.6683,1508
31.6738,1508
31.6793,1508
31.6848,1508
31.6904,1508
31.6959,1508
31.7014,1508
31.707,1508
31.7125,1508
31.718,1508
31.7238,1508
31.7293,1508
31.7349,1508
31.7404,1508
31.7459,1508
31.7514,1508
31.7568,1508
31.7623,1508
31.7678,1508
31.7734,1508
31.7789,1508
31.7844,1508
31.7899,1508
31.7954,1508
31.8009,1508
31.8065,1508
31.8119,1508
31.8174,1508
31.8232,1508
31.8287,1508
31.8342,1508
31.8397,1508
31.8453,1508
31.8507,1508
31.8563,1508
31.8617,1508
31.8672,1508
31.8727,1508
31.8782,1508
31.8836,1508
31.8891,1508
31.8946,1508
31.9002,1508
31.9057,1508
31.9112,1508
31.9167,1508
31.9222,1508
31.9281,1508
31.9336,1508
31.9392,1508
31.9448,1508
31.9503,1508
31.9558,1508
31.9613,1508
31.9669,1508
31.9725,1508
31.978,1508
31.9838,1508
31.9896,1508
31.9951,1508
32.0005,1508
32.006,1508
32.0115,1508
32.0171,1508
32.0226,1508
32.0288,1508
32.0342,1508
32.0397,1508
32.0453,1508
32.0507,1508
32.0562,1508
32.0616,1508
32.0671,1508
32.0726,1508
32.0781,1508
32.0836,1508
32.0892,1508
32.0946,1508
32.1002,1508
32.1057,1508
32.1112,1508
32.1167,1508
32.1221,1508
32.1277,1508
32.1338,1508
32.1393,1508
32.1448,1508
32.1503,1508
32.1558,1508
32.1614,1508
32.1669,1508
32.1724,1508
32.1778,1508
32.1834,1508
32.1888,1508
32.1943,1508
32.1998,1508
32.2053,1508
32.2109,1508
32.2164,1508
32.2219,1508
32.2275,1508
32.2335,1508
32.239,1508
32.2445,1508
32.2501,1508
32.2557,1508
32.2612,1508
32.2667,1508
32.2723,1508
32.2777,1508
32.2833,1508
32.2889,1508
32.2943,1508
32.2999,1508
32.3054,1508
32.311,1508
32.3166,1508
32.3221,1508
32.3276,1508
32.3331,1508
32.3392,1508
32.3447,1508
32.3502,1508
32.3558,1508
32.3613,1508
32.3669,1508
32.3724,1508
32.378,1508
32.3835,1508
32.389,1508
32.3945,1508
32.4,1508
32.4055,1508
32.411,1508
32.4166,1508
32.422,1508
32.4275,1508
32.433,1508
32.439,1508
32.4446,1508
32.4501,1508
32.4556,1508
32.4612,1508
32.4666,1508
32.4722,1508
32.4777,1508
32.4831,1508
32.4886,1508
32.4942,1508
32.4998,1508
32.5053,1508
32.5108,1508
32.5162,1508
32.5217,1508
32.5272,1508
32.5328,1508
32.5385,1508
32.5442,1508
32.5496,1508
32.5552,1508
32.5607,1508
32.5662,1508
32.5717,1508
32.5772,1508
32.5828,1508
32.5883,1508
32.5938,1508
32.5993,1508
32.6047,1508
32.6103,1508
32.6157,1508
32.6213,1508
32.6268,1508
32.6323,1508
32.6379,1508
32.6439,1508
32.6494,1508
32.655,1508
32.6605,1508
32.666,1508
32.6715,1508
32.677,1508
32.6825,1508
32.6881,1508
32.6937,1508
32.6992,1508
32.7046,1508
32.7102,1508
32.7157,1508
32.7212,1508
32.7267,1508
32.7323,1508
32.7377,1508
32.7436,1508
32.7494,1508
32.7549,1508
32.7605,1508
32.766,1508
32.7715,1508
32.7769,1508
32.7824,1508
32.788,1508
32.7935,1508
32.7991,1508
32.8047,1508
32.8103,1508
32.8157,1508
32.8212,1508
32.8267,1508
32.8322,1508
32.8377,1508
32.8432,1508
32.8493,1508
32.8548,1508
32.8603,1508
32.8658,1508
32.8714,1508
32.8769,1508
32.8824,1508
32.8879,1508
32.8935,1508
32.899,1508
32.9045,1508
32.91,1508
32.9155,1508
32.9211,1508
32.9266,1508
32.9322,1508
32.9377,1508
32.9433,1508
32.9494,1508
32.9549,1508
32.9604,1508
32.9659,1508
32.9714,1508
32.977,1508
32.9825,1508
32.988,1508
32.9935,1508
32.999,1508
33.0046,1508
33.0101,1508
33.0156,1508
33.0211,1508
33.0265,1508
33.032,1508
33.0376,1508
33.043,1508
33.0485,1508
33.0546,1508
33.0602,1508
33.0657,1508
33.0712,1508
33.0767,1508
33.0822,1508
33.0877,1508
33.0932,1508
33.0988,1508
33.1043,1508
33.1098,1508
33.1154,1508
33.121,1508
33.1266,1508
33.1321,1508
33.1375,1508
33.1431,1508
33.1486,1508
33.1545,1508
33.16,1508
33.1656,1508
33.171,1508
33.1766,1508
33.1821,1508
33.1876,1508
33.1932,1508
33.1987,1508
33.2042,1508
33.2098,1508
33.2153,1508
33.2209,1508
33.2264,1508
33.2319,1508
33.2373,1508
33.2429,1508
33.2484,1508
33.254,1508
33.26,1508
33.2656,1508
33.2712,1508
33.2767,1508
33.2822,1508
33.2877,1508
33.2933,1508
33.2989,1508
33.3044,1508
33.3099,1508
33.3154,1508
33.321,1508
33.3265,1508
33.332,1508
33.3376,1508
33.3431,1508
33.3486,1508
33.3541,1508
33.3601,1508
33.3656,1508
33.3711,1508
33.3765,1508
33.3821,1508
33.3876,1508
33.3931,1508
33.3986,1508
33.4042,1508
33.4097,1508
33.4153,1508
33.4207,1508
33.4262,1508
33.4317,1508
33.4372,1508
33.4428,1508
33.4484,1508
33.4539,1508
33.4594,1508
33.4654,1508
33.471,1508
33.4765,1508
33.4821,1508
33.4876,1508
33.4931,1508
33.4986,1508
33.5041,1508
33.5096,1508
33.5151,1508
33.5206,1508
33.5262,1508
33.5317,1508
33.5372,1508
33.5427,1508
33.5482,1508
33.5538,1508
33.5592,1508
33.5653,1508
33.5708,1508
33.5763,1508
33.5818,1508
33.5873,1508
33.5928,1508
33.5983,1508
33.6039,1508
33.6094,1508
33.615,1508
33.6205,1508
33.626,1508
33.6316,1508
33.6371,1508
33.6427,1508
33.6481,1508
33.6537,1508
33.6592,1508
33.665,1508
33.6708,1508
33.6763,1508
33.6818,1508
33.6873,1508
33.6929,1508
33.6983,1508
33.7038,1508
33.7093,1508
33.7148,1508
33.7203,1508
33.7258,1508
33.7313,1508
33.7368,1508
33.7423,1508
33.7477,1508
33.7533,1508
33.7588,1508
33.7643,1508
33.7704,1508
33.7759,1508
33.7814,1508
33.7869,1508
33.7924,1508
33.7979,1508
33.8033,1508
33.8088,1508
33.8144,1508
33.8199,1508
33.8255,1508
33.831,1508
33.8365,1508
33.842,1508
33.8475,1508
33.853,1508
33.8585,1508
33.864,1508
33.8699,1508
33.8757,1508
33.8812,1508
33.8867,1508
33.8922,1508
33.8977,1508
33.9032,1508
33.9087,1508
33.9142,1508
33.9198,1508
33.9252,1508
33.9308,1508
33.9363,1508
33.9417,1508
33.9472,1508
33.9527,1508
33.9582,1508
33.9637,1508
33.9692,1508
33.9752,1508
33.9807,1508
33.9863,1508
33.9917,1508
33.9972,1508
34.0027,1508
34.0082,1508
34.0137,1508
34.0207,1508
34.0265,1508
34.0323,1508
34.0386,1508
34.044,1508
34.0495,1508
34.055,1508
34.0606,1508
34.0661,1508
34.0717,1508
34.0777,1508
34.0833,1508
34.0888,1508
34.0944,1508
34.0999,1508
34.1054,1508
34.1109,1508
34.1164,1508
34.1219,1508
34.1275,1508
34.1329,1508
34.1384,1508
34.1439,1508
34.1495,1508
34.155,1508
34.1604,1508
34.166,1508
34.1716,1508
34.1774,1508
34.1831,1508
34.1886,1508
34.1942,1508
34.1997,1508
34.2051,1508
34.2107,1508
34.2162,1508
34.2218,1508
34.2273,1508
34.2328,1508
34.2383,1508
34.2439,1508
34.2493,1508
34.2549,1508
34.2605,1508
34.266,1508
34.2715,1508
34.2769,1508
34.283,1508
34.2885,1508
34.294,1508
34.2995,1508
34.3051,1508
34.3105,1508
34.316,1508
34.3215,1508
34.3271,1508
34.3325,1508
34.338,1508
34.3436,1508
34.349,1508
34.3546,1508
34.36,1508
34.3655,1508
34.3711,1508
34.3766,1508
34.3824,1508
34.3882,1508
34.3938,1508
34.3993,1508
34.4048,1508
34.4104,1508
34.416,1508
34.4215,1508
34.4271,1508
34.4326,1508
34.4382,1508
34.4437,1508
34.4492,1508
34.4548,1508
34.4604,1508
34.4658,1508
34.4713,1508
34.4768,1508
34.4823,1508
34.4884,1508
34.4939,1508
34.4993,1508
34.5049,1508
34.5104,1508
34.516,1508
34.5215,1508
34.527,1508
34.5326,1508
34.5381,1508
34.5437,1508
34.5493,1508
34.5548,1508
34.5604,1508
34.5659,1508
34.5714,1508
34.5769,1508
34.5825,1508
34.5886,1508
34.594,1508
34.5995,1508
34.6051,1508
34.6106,1508
34.6161,1508
34.6217,1508
34.6272,1508
34.6328,1508
34.6382,1508
34.6438,1508
34.6494,1508
34.6549,1508
34.6605,1508
34.666,1508
34.6715,1508
34.6771,1508
34.6825,1508
34.6881,1508
34.6941,1508
34.6996,1508
34.7051,1508
34.7106,1508
34.7161,1508
34.7216,1508
34.7272,1508
34.7327,1508
34.7382,1508
34.7438,1508
34.7493,1508
34.7549,1508
34.7603,1508
34.7658,1508
34.7713,1508
34.7768,1508
34.7823,1508
34.7878,1508
34.794,1508
34.7995,1508
34.805,1508
34.8106,1508
34.816,1508
34.8216,1508
34.827,1508
34.8325,1508
34.8381,1508
34.8436,1508
34.8491,1508
34.8546,1508
34.8646,1508
34.8701,1508
34.8756,1508
34.8811,1508
34.8866,1508
34.8922,1508
34.8982,1508
34.9037,1508
34.9093,1508
34.9148,1508
34.9203,1508
34.9259,1508
34.9313,1508
34.9368,1508
34.9423,1508
34.9478,1508
34.9533,1508
34.9588,1508
34.9643,1508
34.9698,1508
34.9753,1508
34.9809,1508
34.9864,1508
34.992,1508
34.998,1508
35.0035,1508
35.009,1508
35.0145,1508
35.0201,1508
35.0255,1508
35.0311,1508
35.0366,1508
35.042,1508
35.0476,1508
35.053,1508
35.0585,1508
35.064,1508
35.0695,1508
35.0749,1508
35.0805,1508
35.0859,1508
35.0914,1508
35.0969,1508
35.1029,1508
35.1083,1508
35.1139,1508
35.1194,1508
35.125,1508
35.1305,1508
35.136,1508
35.1416,1508
35.1471,1508
35.1527,1508
35.1582,1508
35.1637,1508
35.1693,1508
35.1748,1508
35.1802,1508
35.1858,1508
35.1912,1508
35.1967,1508
35.2027,1508
35.2082,1508
35.2138,1508
35.2193,1508
35.2248,1508
35.2303,1508
35.2357,1508
35.2413,1508
35.2468,1508
35.2523,1508
35.2579,1508
35.2634,1508
35.269,1508
35.2745,1508
35.28,1508
35.2855,1508
35.2911,1508
35.2966,1508
35.3021,1508
35.308,1508
35.3136,1508
35.3191,1508
35.3246,1508
35.3301,1508
35.3355,1508
35.341,1508
35.3466,1508
35.3521,1508
35.3576,1508
35.3632,1508
35.3687,1508
35.3742,1508
35.3797,1508
35.3852,1508
35.3908,1508
35.3963,1508
35.4017,1508
35.4079,1508
35.4133,1508
35.4189,1508
35.4243,1508
35.4299,1508
35.4355,1508
35.441,1508
35.4466,1508
35.4521,1508
35.4576,1508
35.4632,1508
35.4687,1508
35.4743,1508
35.4797,1508
35.4852,1508
35.4907,1508
35.4962,1508
35.5018,1508
35.5073,1508
35.5135,1508
35.519,1508
35.5245,1508
35.5301,1508
35.5356,1508
35.5411,1508
35.5466,1508
35.5521,1508
35.5577,1508
35.5632,1508
35.5687,1508
35.5742,1508
35.5796,1508
35.5852,1508
35.5908,1508
35.5963,1508
35.6018,1508
35.6073,1508
35.6134,1508
35.6189,1508
35.6244,1508
35.63,1508
35.6355,1508
35.641,1508
35.6465,1508
35.6521,1508
35.6576,1508
35.6632,1508
35.6687,1508
35.6743,1508
35.6798,1508
35.6853,1508
35.6908,1508
35.6963,1508
35.7018,1508
35.7073,1508
35.7131,1508
35.7188,1508
35.7243,1508
35.7299,1508
35.7354,1508
35.741,1508
35.7466,1508
35.7521,1508
35.7576,1508
35.7631,1508
35.7686,1508
35.7741,1508
35.7796,1508
35.785,1508
35.7906,1508
35.7961,1508
35.8017,1508
35.8072,1508
35.8127,1508
35.8186,1508
35.8241,1508
35.8296,1508
35.8352,1508
35.8406,1508
35.8461,1508
35.8516,1508
35.8572,1508
35.8627,1508
35.8703,1508
35.8761,1508
35.8819,1508
35.8876,1508
35.8935,1508
35.8992,1508
35.9052,1508
35.9114,1508
35.917,1508
35.9235,1508
35.9291,1508
35.9346,1508
35.94,1508
35.9455,1508
35.951,1508
35.9565,1508
35.962,1508
35.9675,1508
35.973,1508
35.9785,1508
35.9841,1508
35.9896,1508
35.995,1508
36.0005,1508
36.006,1508
36.0115,1508
36.017,1508
36.0229,1508
36.0284,1508
36.0339,1508
36.0394,1508
36.0449,1508
36.0505,1508
36.0561,1508
36.0616,1508
36.067,1508
36.0726,1508
36.0781,1508
36.0837,1508
36.0893,1508
36.0948,1508
36.1002,1508
36.1058,1508
36.1116,1508
36.1171,1508
36.1228,1508
36.1287,1508
36.1341,1508
36.1397,1508
36.1453,1508
36.1508,1508
36.1563,1508
36.1618,1508
36.1674,1508
36.1728,1508
36.1783,1508
36.1837,1508
36.1893,1508
36.1947,1508
36.2002,1508
36.2058,1508
36.2114,1508
36.2169,1508
36.2225,1508
36.2282,1508
36.2338,1508
36.2393,1508
36.2448,1508
36.2503,1508
36.2558,1508
36.2612,1508
36.2668,1508
36.2724,1508
36.2779,1508
36.2834,1508
36.289,1508
36.2945,1508
36.3001,1508
36.3056,1508
36.3111,1508
36.3166,1508
36.3221,1508
36.328,1508
36.3338,1508
36.3393,1508
36.3448,1508
36.3503,1508
36.3558,1508
36.3613,1508
36.3669,1508
36.3723,1508
36.3779,1508
36.3833,1508
36.3889,1508
36.3943,1508
36.3999,1508
36.4055,1508
36.4109,1508
36.4165,1508
36.422,1508
36.4276,1508
36.4334,1508
36.4389,1508
36.4444,1508
36.4499,1508
36.4554,1508
36.461,1508
36.4665,1508
36.472,1508
36.4774,1508
36.483,1508
36.4886,1508
36.494,1508
36.4996,1508
36.5051,1508
36.5106,1508
36.5161,1508
36.5217,1508
36.5272,1508
36.533,1508
36.5389,1508
36.5447,1508
36.5502,1508
36.5557,1508
36.5613,1508
36.5668,1508
36.5723,1508
36.5778,1508
36.5833,1508
36.5888,1508
36.5977,1508
36.6033,1508
36.609,1508
36.6148,1508
36.6203,1508
36.6258,1508
36.6314,1508
36.6372,1508
36.6427,1508
36.6481,1508
36.6537,1508
36.6592,1508
36.6647,1508
36.6702,1508
36.6757,1508
36.6813,1508
36.6867,1508
36.6922,1508
36.6977,1508
36.7032,1508
36.7087,1508
36.7143,1508
36.7198,1508
36.7253,1508
36.7308,1508
36.7363,1508
36.7421,1508
36.7476,1508
36.7531,1508
36.7586,1508
36.7641,1508
36.7697,1508
36.7752,1508
36.7807,1508
36.7861,1508
36.7975,1508
36.803,1508
36.8085,1508
36.8141,1508
36.8196,1508
36.825,1508
36.8305,1508
36.836,1508
36.8418,1508
36.8474,1508
36.8529,1508
36.8585,1508
36.864,1508
36.8695,1508
36.875,1508
36.8806,1508
36.8861,1508
36.8915,1508
36.8971,1508
36.9032,1508
36.9087,1508
36.9142,1508
36.9196,1508
36.9252,1508
36.9308,1508
36.9363,1508
36.942,1508
36.9476,1508
36.9532,1508
36.9634,1508
36.9689,1508
36.9745,1508
36.98,1508
36.9856,1508
36.9911,1508
36.9967,1508
37.0022,1508
37.0077,1508
37.0132,1508
37.0189,1508
37.0245,1508
37.03,1508
37.0355,1508
37.0409,1508
37.0467,1508
37.0522,1508
37.0577,1508
37.0632,1508
37.0687,1508
37.0743,1508
37.0799,1508
37.0854,1508
37.0909,1508
37.0965,1508
37.1019,1508
37.1074,1508
37.1129,1508
37.1184,1508
37.1239,1508
37.1294,1508
37.1348,1508
37.1407,1508
37.1464,1508
37.1523,1508
37.1578,1508
37.1634,1508
37.1689,1508
37.1744,1508
37.1799,1508
37.1855,1508
37.1911,1508
37.1967,1508
37.2023,1508
37.2078,1508
37.2134,1508
37.2189,1508
37.2244,1508
37.2299,1508
37.2354,1508
37.2409,1508
37.2464,1508
37.2522,1508
37.2577,1508
37.2632,1508
37.2686,1508
37.2741,1508
37.2797,1508
37.2852,1508
37.2908,1508
37.2963,1508
37.3018,1508
37.3073,1508
37.3129,1508
37.3184,1508
37.324,1508
37.3295,1508
37.335,1508
37.3406,1508
37.3465,1508
37.3522,1508
37.3577,1508
37.3633,1508
37.3688,1508
37.3742,1508
37.3798,1508
37.3853,1508
37.3908,1508
37.3962,1508
37.4018,1508
37.4073,1508
37.4128,1508
37.4182,1508
37.4237,1508
37.4292,1508
37.4348,1508
37.4403,1508
37.4459,1508
37.4513,1508
37.4572,1508
37.4627,1508
37.4681,1508
37.4736,1508
37.4792,1508
37.4847,1508
37.4903,1508
37.4959,1508
37.5014,1508
37.507,1508
37.5125,1508
37.518,1508
37.5235,1508
37.529,1508
37.5345,1508
37.5401,1508
37.5456,1508
37.5511,1508
37.5569,1508
37.5624,1508
37.5679,1508
37.5735,1508
37.579,1508
37.5845,1508
37.59,1508
37.5956,1508
37.6011,1508
37.6066,1508
37.6122,1508
37.6177,1508
37.6231,1508
37.6286,1508
37.6341,1508
37.6396,1508
37.6451,1508
37.6506,1508
37.6561,1508
37.6619,1508
37.6675,1508
37.673,1508
37.6786,1508
37.684,1508
37.6895,1508
37.695,1508
37.7005,1508
37.706,1508
37.7118,1508
37.7176,1508
37.7232,1508
37.729,1508
37.7349,1508
37.7404,1508
37.7459,1508
37.7513,1508
37.7569,1508
37.7627,1508
37.7682,1508
37.7737,1508
37.7792,1508
37.7846,1508
37.7902,1508
37.7958,1508
37.8013,1508
37.8069,1508
37.8125,1508
37.818,1508
37.8235,1508
37.8291,1508
37.8346,1508
37.8402,1508
37.8457,1508
37.8513,1508
37.8568,1508
37.8623,1508
37.8682,1508
37.8736,1508
37.8792,1508
37.8847,1508
37.8902,1508
37.8958,1508
37.9013,1508
37.9069,1508
37.9125,1508
37.9179,1508
37.9234,1508
37.929,1508
37.9346,1508
37.9401,1508
37.9456,1508
37.9512,1508
37.9567,1508
37.9622,1508
37.968,1508
37.9736,1508
37.9799,1508
37.9854,1508
37.9909,1508
37.9964,1508
38.002,1508
38.0075,1508
38.013,1508
38.0185,1508
38.024,1508
38.0295,1508
38.035,1508
38.0405,1508
38.0461,1508
38.0517,1508
38.0572,1508
38.0627,1508
38.0684,1508
38.0742,1508
38.0796,1508
38.0851,1508
38.0907,1508
38.0961,1508
38.1016,1508
38.1071,1508
38.1126,1508
38.118,1508
38.1235,1508
38.129,1508
38.1345,1508
38.1401,1508
38.1455,1508
38.151,1508
38.1565,1508
38.162,1508
38.1675,1508
38.1736,1508
38.1792,1508
38.1848,1508
38.1903,1508
38.1958,1508
38.2013,1508
38.2069,1508
38.2124,1508
38.218,1508
38.2236,1508
38.2291,1508
38.2347,1508
38.2401,1508
38.2457,1508
38.2513,1508
38.2568,1508
38.2624,1508
38.2679,1508
38.2737,1508
38.2795,1508
38.2849,1508
38.2905,1508
38.296,1508
38.3015,1508
38.307,1508
38.3126,1508
38.3181,1508
38.3236,1508
38.3292,1508
38.3348,1508
38.3403,1508
38.3458,1508
38.3513,1508
38.3569,1508
38.3625,1508
38.3679,1508
38.3735,1508
38.3795,1508
38.3851,1508
38.3906,1508
38.3962,1508
38.4017,1508
38.4072,1508
38.4128,1508
38.4183,1508
38.4238,1508
38.4294,1508
38.4349,1508
38.4405,1508
38.446,1508
38.4515,1508
38.4571,1508
38.4626,1508
38.4681,1508
38.4737,1508
38.4796,1508
38.4852,1508
38.4907,1508
38.4962,1508
38.5016,1508
38.5071,1508
38.5127,1508
38.5182,1508
38.5237,1508
38.5292,1508
38.5347,1508
38.5402,1508
38.5457,1508
38.5512,1508
38.5568,1508
38.5623,1508
38.5677,1508
38.5732,1508
38.5787,1508
38.5847,1508
38.5902,1508
38.5957,1508
38.6013,1508
38.6068,1508
38.6123,1508
38.6177,1508
38.6232,1508
38.6287,1508
38.6342,1508
38.6397,1508
38.6453,1508
38.6508,1508
38.6563,1508
38.6618,1508
38.6673,1508
38.6729,1508
38.6784,1508
38.6845,1508
38.69,1508
38.6955,1508
38.701,1508
38.7065,1508
38.712,1508
38.7175,1508
38.723,1508
38.7285,1508
38.734,1508
38.7395,1508
38.7451,1508
38.7505,1508
38.7561,1508
38.7616,1508
38.7671,1508
38.7726,1508
38.7781,1508
38.7836,1508
38.7897,1508
38.7953,1508
38.8008,1508
38.8063,1508
38.8118,1508
38.8174,1508
38.8229,1508
38.8285,1508
38.834,1508
38.8396,1508
38.8452,1508
38.8507,1508
38.8562,1508
38.8618,1508
38.8674,1508
38.873,1508
38.8784,1508
38.8839,1508
38.8899,1508
38.8954,1508
38.9009,1508
38.9064,1508
38.9119,1508
38.9174,1508
38.923,1508
38.9284,1508
38.934,1508
38.9395,1508
38.9451,1508
38.9506,1508
38.9561,1508
38.9616,1508
38.9671,1508
38.9726,1508
38.9781,1508
38.9836,1508
38.9891,1508
38.9951,1508
39.0006,1508
39.0062,1508
39.0117,1508
39.0172,1508
39.0226,1508
39.0282,1508
39.0337,1508
39.0392,1508
39.0448,1508
39.0504,1508
39.0558,1508
39.0613,1508
39.0667,1508
39.0776,1508
39.0831,1508
39.0886,1508
39.0956,1508
39.1011,1508
39.1065,1508
39.1121,1508
39.1176,1508
39.1231,1508
39.1286,1508
39.1341,1508
39.1396,1508
39.1451,1508
39.1506,1508
39.1562,1508
39.1617,1508
39.1672,1508
39.1727,1508
39.1782,1508
39.1837,1508
39.1894,1508
39.1952,1508
39.2011,1508
39.2066,1508
39.2122,1508
39.2177,1508
39.2232,1508
39.2288,1508
39.2344,1508
39.2398,1508
39.2453,1508
39.2509,1508
39.2564,1508
39.262,1508
39.2675,1508
39.273,1508
39.2784,1508
39.2839,1508
39.2894,1508
39.2949,1508
39.3009,1508
39.3064,1508
39.3119,1508
39.3175,1508
39.3229,1508
39.3284,1508
39.3339,1508
39.3394,1508
39.3449,1508
39.3504,1508
39.3559,1508
39.3614,1508
39.367,1508
39.3725,1508
39.3781,1508
39.3836,1508
39.3891,1508
39.3946,1508
39.4005,1508
39.406,1508
39.4116,1508
39.4171,1508
39.4226,1508
39.4281,1508
39.4336,1508
39.4391,1508
39.4447,1508
39.4502,1508
39.4557,1508
39.4613,1508
39.4668,1508
39.4723,1508
39.4778,1508
39.4833,1508
39.4888,1508
39.4943,1508
39.4999,1508
39.5059,1508
39.5113,1508
39.5169,1508
39.5224,1508
39.5279,1508
39.5334,1508
39.5389,1508
39.5445,1508
39.55,1508
39.5554,1508
39.5609,1508
39.5665,1508
39.572,1508
39.5776,1508
39.5831,1508
39.5886,1508
39.5941,1508
39.5997,1508
39.6057,1508
39.6112,1508
39.6167,1508
39.6222,1508
39.6278,1508
39.6334,1508
39.6389,1508
39.6445,1508
39.6499,1508
39.6554,1508
39.661,1508
39.6665,1508
39.672,1508
39.6775,1508
39.6831,1508
39.6886,1508
39.6941,1508
39.7019,1508
39.708,1508
39.715,1508
39.7205,1508
39.7265,1508
39.7328,1508
39.7383,1508
39.7439,1508
39.7497,1508
39.756,1508
39.7615,1508
39.7673,1508
39.773,1508
39.7794,1508
39.7853,1508
39.7912,1508
39.7971,1508
39.8026,1508
39.809,1508
39.8149,1508
39.8204,1508
39.8259,1508
39.8314,1508
39.8369,1508
39.8425,1508
39.8479,1508
39.8534,1508
39.8589,1508
39.8644,1508
39.8699,1508
39.8754,1508
39.8809,1508
39.8864,1508
39.8919,1508
39.8974,1508
39.9029,1508
39.9085,1508
39.9145,1508
39.92,1508
39.9254,1508
39.9309,1508
39.9365,1508
39.9421,1508
39.9476,1508
39.9531,1508
39.9586,1508
39.9641,1508
39.9697,1508
39.9752,1508
39.9806,1508
39.9862,1508
39.9917,1508
39.9972,1508
40.0027,1508
40.0082,1508
40.014,1508
40.0198,1508
40.0253,1508
40.0308,1508
40.0363,1508
40.0418,1508
40.0474,1508
40.053,1508
40.0584,1508
40.0639,1508
40.0695,1508
40.0751,1508
40.0806,1508
40.0862,1508
40.0917,1508
40.0973,1508
40.1028,1508
40.1083,1508
40.1138,1508
40.1198,1508
40.1253,1508
40.1307,1508
40.1363,1508
40.1418,1508
40.1473,1508
40.1529,1508
40.1584,1508
40.164,1508
40.1696,1508
40.1751,1508
40.1806,1508
40.1861,1508
40.1917,1508
40.1971,1508
40.2026,1508
40.2081,1508
40.2136,1508
40.2194,1508
40.2252,1508
40.2307,1508
40.2362,1508
40.2417,1508
40.2471,1508
40.2527,1508
40.2582,1508
40.2638,1508
40.2692,1508
40.2747,1508
40.2802,1508
40.2857,1508
40.2911,1508
40.2966,1508
40.3021,1508
40.3076,1508
40.3132,1508
40.3187,1508
40.3248,1508
40.3303,1508
40.3358,1508
40.3413,1508
40.3469,1508
40.3525,1508
40.358,1508
40.3635,1508
40.3691,1508
40.3745,1508
40.3801,1508
40.3855,1508
40.391,1508
40.3965,1508
40.402,1508
40.4075,1508
40.413,1508
40.4185,1508
40.4244,1508
40.4301,1508
40.4357,1508
40.4414,1508
40.4471,1508
40.4526,1508
40.458,1508
40.4636,1508
40.4692,1508
40.4747,1508
40.4802,1508
40.4857,1508
40.4913,1508
40.4967,1508
40.5022,1508
40.5077,1508
40.5131,1508
40.5187,1508
40.5243,1508
40.5303,1508
40.5358,1508
40.5413,1508
40.5469,1508
40.5525,1508
40.558,1508
40.5635,1508
40.569,1508
40.5744,1508
40.58,1508
40.5856,1508
40.5912,1508
40.5967,1508
40.6023,1508
40.6078,1508
40.6133,1508
40.6188,1508
40.6244,1508
40.6304,1508
40.636,1508
40.6414,1508
40.6469,1508
40.6524,1508
40.6579,1508
40.6634,1508
40.6689,1508
40.6743,1508
40.6799,1508
40.6854,1508
40.6909,1508
40.6964,1508
40.702,1508
40.7075,1508
40.713,1508
40.7185,1508
40.724,1508
40.7295,1508
40.7355,1508
40.7411,1508
40.7466,1508
40.752,1508
40.7575,1508
40.763,1508
40.7685,1508
40.774,1508
40.7841,1508
40.7897,1508
40.7952,1508
40.8007,1508
40.8063,1508
40.8118,1508
40.8173,1508
40.8228,1508
40.8283,1508
40.8342,1508
40.8398,1508
40.8452,1508
40.8508,1508
40.8564,1508
40.8619,1508
40.8674,1508
40.8729,1508
40.8784,1508
40.8839,1508
40.8893,1508
40.8948,1508
40.9003,1508
40.9059,1508
40.9114,1508
40.9169,1508
40.9224,1508
40.9279,1508
40.9335,1508
40.9395,1508
40.9451,1508
40.9506,1508
40.9561,1508
40.9617,1508
40.9673,1508
40.9728,1508
40.9784,1508
40.9839,1508
40.9894,1508
40.9949,1508
41.0005,1508
41.006,1508
41.0115,1508
41.0171,1508
41.0226,1508
41.0281,1508
41.0336,1508
41.0396,1508
41.045,1508
41.0506,1508
41.0561,1508
41.0617,1508
41.0672,1508
41.0727,1508
41.0782,1508
41.0837,1508
41.0893,1508
41.0948,1508
41.1004,1508
41.1059,1508
41.1115,1508
41.117,1508
41.1226,1508
41.1281,1508
41.1336,1508
41.1391,1508
41.1451,1508
41.1507,1508
41.1563,1508
41.1617,1508
41.1673,1508
41.1727,1508
41.1783,1508
41.1838,1508
41.1894,1508
41.1949,1508
41.2004,1508
41.2059,1508
41.2114,1508
41.217,1508
41.2224,1508
41.228,1508
41.2336,1508
41.2391,1508
41.2451,1508
41.2506,1508
41.2562,1508
41.2617,1508
41.2672,1508
41.2727,1508
41.2782,1508
41.2838,1508
41.2893,1508
41.2949,1508
41.3003,1508
41.3058,1508
41.3113,1508
41.3168,1508
41.3223,1508
41.3278,1508
41.3333,1508
41.3388,1508
41.3443,1508
41.3504,1508
41.356,1508
41.3614,1508
41.3669,1508
41.3725,1508
41.378,1508
41.3834,1508
41.3889,1508
41.3944,1508
41.3999,1508
41.4054,1508
41.411,1508
41.4164,1508
41.4219,1508
41.4274,1508
41.4329,1508
41.4384,1508
41.4439,1508
41.4499,1508
41.4554,1508
41.4609,1508
41.4665,1508
41.472,1508
41.4774,1508
41.4829,1508
41.4884,1508
41.494,1508
41.4994,1508
41.5049,1508
41.5104,1508
41.5159,1508
41.5214,1508
41.5269,1508
41.5324,1508
41.5379,1508
41.5435,1508
41.549,1508
41.555,1508
41.5605,1508
41.5661,1508
41.5716,1508
41.5771,1508
41.5827,1508
41.5882,1508
41.5937,1508
41.5992,1508
41.6047,1508
41.6103,1508
41.6159,1508
41.6214,1508
41.6268,1508
41.6324,1508
41.6379,1508
41.6434,1508
41.6489,1508
41.6549,1508
41.6605,1508
41.6661,1508
41.6716,1508
41.6771,1508
41.6826,1508
41.6881,1508
41.6936,1508
41.6991,1508
41.7046,1508
41.7101,1508
41.7157,1508
41.7213,1508
41.7267,1508
41.7323,1508
41.7378,1508
41.7433,1508
41.7487,1508
41.7557,1508
41.7613,1508
41.7668,1508
41.7722,1508
41.7782,1508
41.7838,1508
41.7893,1508
41.7948,1508
41.8003,1508
41.8058,1508
41.8113,1508
41.8167,1508
41.8223,1508
41.8278,1508
41.8333,1508
41.8389,1508
41.8443,1508
41.8498,1508
41.8553,1508
41.8614,1508
41.867,1508
41.8725,1508
41.878,1508
41.8836,1508
41.889,1508
41.8946,1508
41.9001,1508
41.9057,1508
41.9112,1508
41.9168,1508
41.9222,1508
41.9278,1508
41.9334,1508
41.9388,1508
41.9444,1508
41.9499,1508
41.9555,1508
41.9615,1508
41.967,1508
41.9724,1508
41.9779,1508
41.9835,1508
41.989,1508
41.9945,1508
42,1508
42.0055,1508
42.011,1508
42.0165,1508
42.0221,1508
42.0276,1508
42.0331,1508
42.0387,1508
42.0443,1508
42.0499,1508
42.0554,1508
42.0609,1508
42.0667,1508
42.0722,1508
42.0778,1508
42.0833,1508
42.0888,1508
42.0944,1508
42.0999,1508
42.1054,1508
42.1109,1508
42.1164,1508
42.1219,1508
42.1275,1508
42.1331,1508
42.1386,1508
42.1441,1508
42.1497,1508
42.1552,1508
42.1668,1508
42.1723,1508
42.1778,1508
42.1834,1508
42.1889,1508
42.1944,1508
42.1999,1508
42.2054,1508
42.2109,1508
42.2164,1508
42.2219,1508
42.2274,1508
42.2329,1508
42.2385,1508
42.244,1508
42.2496,1508
42.2551,1508
42.2606,1508
42.2664,1508
42.2719,1508
42.2774,1508
42.2829,1508
42.2885,1508
42.294,1508
42.2995,1508
42.305,1508
42.3105,1508
42.3159,1508
42.3217,1508
42.3272,1508
42.3327,1508
42.3383,1508
42.3438,1508
42.3493,1508
42.3548,1508
42.3603,1508
42.3658,1508
42.3716,1508
42.3771,1508
42.3826,1508
42.3882,1508
42.3937,1508
42.3992,1508
42.4047,1508
42.4102,1508
42.4158,1508
42.4213,1508
42.4269,1508
42.4323,1508
42.4379,1508
42.4434,1508
42.4489,1508
42.4546,1508
42.4601,1508
42.4656,1508
42.4715,1508
42.477,1508
42.4825,1508
42.4884,1508
42.4993,1508
42.5048,1508
42.5103,1508
42.5159,1508
42.5215,1508
42.527,1508
42.5325,1508
42.5381,1508
42.5459,1508
42.5513,1508
42.5568,1508
42.5623,1508
42.5678,1508
42.5736,1508
42.5791,1508
42.5847,1508
42.5903,1508
42.5958,1508
42.6014,1508
42.6069,1508
42.6123,1508
42.6178,1508
42.6234,1508
42.6288,1508
42.6344,1508
42.6399,1508
42.6454,1508
42.6509,1508
42.6565,1508
42.6621,1508
42.6676,1508
42.6732,1508
42.6789,1508
42.6845,1508
42.6901,1508
42.6956,1508
42.7012,1508
42.7066,1508
42.7121,1508
42.7176,1508
42.7231,1508
42.7287,1508
42.7342,1508
42.7397,1508
42.7453,1508
42.7508,1508
42.7563,1508
42.7619,1508
42.7674,1508
42.773,1508
42.7787,1508
42.7842,1508
42.7897,1508
42.7953,1508
42.8008,1508
42.8064,1508
42.8119,1508
42.8175,1508
42.823,1508
42.8285,1508
42.834,1508
42.8396,1508
42.8451,1508
42.8507,1508
42.8563,1508
42.8618,1508
42.8674,1508
42.8729,1508
42.8784,1508
42.8842,1508
42.8898,1508
42.8953,1508
42.9008,1508
42.9064,1508
42.9119,1508
42.9186,1508
42.9241,1508
42.9296,1508
42.9351,1508
42.9406,1508
42.9461,1508
42.9516,1508
42.9572,1508
42.9627,1508
42.9682,1508
42.9737,1508
42.9793,1508
42.985,1508
42.9905,1508
42.996,1508
43.0015,1508
43.007,1508
43.0125,1508
43.018,1508
43.0235,1508
43.0289,1508
43.0345,1508
43.04,1508
43.0456,1508
43.051,1508
43.0566,1508
43.0622,1508
43.0677,1508
43.0731,1508
43.0787,1508
43.0845,1508
43.0904,1508
43.0959,1508
43.1014,1508
43.1069,1508
43.1125,1508
43.118,1508
43.1235,1508
43.1291,1508
43.1346,1508
43.14,1508
43.1455,1508
43.151,1508
43.1566,1508
43.1621,1508
43.1676,1508
43.1731,1508
43.1786,1508
43.1841,1508
43.1899,1508
43.1953,1508
43.2009,1508
43.2063,1508
43.2119,1508
43.2175,1508
43.2229,1508
43.2285,1508
43.234,1508
43.2395,1508
43.245,1508
43.2505,1508
43.256,1508
43.2615,1508
43.267,1508
43.2725,1508
43.278,1508
43.2839,1508
43.2897,1508
43.296,1508
43.3016,1508
43.3075,1508
43.3133,1508
43.319,1508
43.3246,1508
43.3301,1508
43.3361,1508
43.3417,1508
43.3473,1508
43.3528,1508
43.3583,1508
43.3638,1508
43.3693,1508
43.3748,1508
43.3803,1508
43.3858,1508
43.3914,1508
43.3971,1508
43.4026,1508
43.4081,1508
43.4136,1508
43.4191,1508
43.4246,1508
43.43,1508
43.4355,1508
43.4411,1508
43.4466,1508
43.4521,1508
43.4576,1508
43.4631,1508
43.4686,1508
43.4741,1508
43.4795,1508
43.4854,1508
43.4909,1508
43.4966,1508
43.5022,1508
43.5077,1508
43.5133,1508
43.5188,1508
43.5244,1508
43.5299,1508
43.5354,1508
43.541,1508
43.5465,1508
43.552,1508
43.5575,1508
43.563,1508
43.5686,1508
43.5741,1508
43.5796,1508
43.5851,1508
43.5907,1508
43.5962,1508
43.602,1508
43.6075,1508
43.6131,1508
43.6186,1508
43.6241,1508
43.6296,1508
43.6352,1508
43.6406,1508
43.6462,1508
43.6516,1508
43.6572,1508
43.6627,1508
43.6682,1508
43.6736,1508
43.6792,1508
43.6847,1508
43.6903,1508
43.6957,1508
43.7019,1508
43.7134,1508
43.719,1508
43.7245,1508
43.7301,1508
43.7356,1508
43.7411,1508
43.7467,1508
43.7521,1508
43.7577,1508
43.7633,1508
43.7688,1508
43.7743,1508
43.7798,1508
43.7854,1508
43.7909,1508
43.7965,1508
43.802,1508
43.8079,1508
43.8133,1508
43.8188,1508
43.8243,1508
43.8298,1508
43.8353,1508
43.8409,1508
43.8463,1508
43.8518,1508
43.8574,1508
43.8632,1508
43.8687,1508
43.8743,1508
43.8798,1508
43.8853,1508
43.8908,1508
43.8963,1508
43.9018,1508
43.9076,1508
43.9132,1508
43.9186,1508
43.9241,1508
43.9297,1508
43.9351,1508
43.9407,1508
43.9463,1508
43.9518,1508
43.9573,1508
43.9628,1508
43.9684,1508
43.974,1508
43.9794,1508
43.9851,1508
43.9907,1508
43.9962,1508
44.0017,1508
44.0076,1508
44.0133,1508
44.0191,1508
44.0246,1508
44.0302,1508
44.0357,1508
44.0413,1508
44.0469,1508
44.0524,1508
44.0578,1508
44.0633,1508
44.0688,1508
44.0744,1508
44.08,1508
44.0855,1508
44.0911,1508
44.0967,1508
44.1022,1508
44.1078,1508
44.1139,1508
44.1193,1508
44.1248,1508
44.1303,1508
44.1358,1508
44.1414,1508
44.1469,1508
44.1524,1508
44.158,1508
44.1635,1508
44.169,1508
44.1746,1508
44.1801,1508
44.1856,1508
44.1911,1508
44.1966,1508
44.2021,1508
44.2077,1508
44.2139,1508
44.2194,1508
44.2249,1508
44.2304,1508
44.236,1508
44.2415,1508
44.247,1508
44.2525,1508
44.2581,1508
44.2636,1508
44.2691,1508
44.2746,1508
44.2801,1508
44.2857,1508
44.2912,1508
44.2967,1508
44.3022,1508
44.3078,1508
44.3133,1508
44.3195,1508
44.325,1508
44.3305,1508
44.336,1508
44.3415,1508
44.347,1508
44.3552,1508
44.3607,1508
44.3662,1508
44.3717,1508
44.3773,1508
44.3828,1508
44.3884,1508
44.3939,1508
44.3994,1508
44.4049,1508
44.4104,1508
44.4159,1508
44.422,1508
44.4276,1508
44.4331,1508
44.4386,1508
44.4442,1508
44.4497,1508
44.4552,1508
44.4607,1508
44.4663,1508
44.4718,1508
44.4773,1508
44.4829,1508
44.4885,1508
44.494,1508
44.4995,1508
44.505,1508
44.5106,1508
44.5161,1508
44.5223,1508
44.5278,1508
44.5335,1508
44.5391,1508
44.5446,1508
44.5501,1508
44.5556,1508
44.5612,1508
44.5667,1508
44.5722,1508
44.5777,1508
44.5832,1508
44.5888,1508
44.5943,1508
44.5999,1508
44.6053,1508
44.6108,1508
44.6163,1508
44.622,1508
44.6277,1508
44.6333,1508
44.6388,1508
44.6443,1508
44.6498,1508
44.6552,1508
44.6607,1508
44.6662,1508
44.6717,1508
44.6772,1508
44.6828,1508
44.6883,1508
44.6938,1508
44.6993,1508
44.7048,1508
44.7103,1508
44.7158,1508
44.7213,1508
44.7274,1508
44.7329,1508
44.7384,1508
44.7439,1508
44.7495,1508
44.755,1508
44.7605,1508
44.7661,1508
44.7716,1508
44.7771,1508
44.7826,1508
44.7881,1508
44.7936,1508
44.7992,1508
44.8047,1508
44.8102,1508
44.8158,1508
44.8213,1508
44.8271,1508
44.8328,1508
44.8383,1508
44.8438,1508
44.8494,1508
44.8549,1508
44.8604,1508
44.8659,1508
44.8715,1508
44.877,1508
44.8825,1508
44.888,1508
44.8935,1508
44.899,1508
44.9045,1508
44.9101,1508
44.9156,1508
44.9211,1508
44.9266,1508
44.9326,1508
44.9382,1508
44.9437,1508
44.9492,1508
44.9547,1508
44.9601,1508
44.9656,1508
44.9711,1508
44.9766,1508
44.9821,1508
44.9876,1508
44.9931,1508
44.9986,1508
45.0042,1508
45.0097,1508
45.0152,1508
45.0207,1508
45.0262,1508
45.032,1508
45.0378,1508
45.0433,1508
45.0487,1508
45.0542,1508
45.0597,1508
45.0652,1508
45.0708,1508
45.0762,1508
45.0818,1508
45.0873,1508
45.0928,1508
45.0982,1508
45.1038,1508
45.1094,1508
45.1149,1508
45.1205,1508
45.126,1508
45.1316,1508
45.1377,1508
45.1432,1508
45.1487,1508
45.1543,1508
45.1598,1508
45.1653,1508
45.1707,1508
45.1762,1508
45.1817,1508
45.1872,1508
45.1927,1508
45.1982,1508
45.2038,1508
45.2092,1508
45.2148,1508
45.2203,1508
45.2258,1508
45.2312,1508
45.2371,1508
45.2428,1508
45.2484,1508
45.2539,1508
45.2595,1508
45.265,1508
45.2705,1508
45.2761,1508
45.2817,1508
45.2873,1508
45.2928,1508
45.2983,1508
45.3039,1508
45.3094,1508
45.3148,1508
45.3203,1508
45.3259,1508
45.3314,1508
45.3369,1508
45.3429,1508
45.3484,1508
45.354,1508
45.3595,1508
45.365,1508
45.3705,1508
45.376,1508
45.3815,1508
45.387,1508
45.3925,1508
45.398,1508
45.4036,1508
45.4091,1508
45.4146,1508
45.4201,1508
45.4257,1508
45.4313,1508
45.4368,1508
45.4428,1508
45.4484,1508
45.4539,1508
45.4594,1508
45.4649,1508
45.4703,1508
45.4759,1508
45.4814,1508
45.487,1508
45.4925,1508
45.498,1508
45.5035,1508
45.5091,1508
45.5146,1508
45.5202,1508
45.5256,1508
45.5312,1508
45.5368,1508
45.5424,1508
45.5484,1508
45.5539,1508
45.5594,1508
45.565,1508
45.5705,1508
45.576,1508
45.5815,1508
45.587,1508
45.5926,1508
45.5981,1508
45.6037,1508
45.6092,1508
45.6147,1508
45.6201,1508
45.6257,1508
45.6312,1508
45.6367,1508
45.6422,1508
45.6483,1508
45.6538,1508
45.6592,1508
45.6647,1508
45.6702,1508
45.6758,1508
45.6814,1508
45.6869,1508
45.6924,1508
45.6979,1508
45.7034,1508
45.7088,1508
45.7144,1508
45.7199,1508
45.7253,1508
45.7309,1508
45.7365,1508
45.7419,1508
45.7474,1508
45.7535,1508
45.7589,1508
45.7645,1508
45.77,1508
45.7756,1508
45.7811,1508
45.7866,1508
45.7921,1508
45.7976,1508
45.8031,1508
45.8086,1508
45.8141,1508
45.8196,1508
45.8251,1508
45.8306,1508
45.8362,1508
45.8417,1508
45.8473,1508
45.8534,1508
45.8589,1508
45.8645,1508
45.87,1508
45.8754,1508
45.8809,1508
45.8865,1508
45.892,1508
45.8975,1508
45.903,1508
45.9085,1508
45.9139,1508
45.9195,1508
45.9249,1508
45.9305,1508
45.9359,1508
45.9415,1508
45.9469,1508
45.9528,1508
45.9585,1508
45.964,1508
45.9694,1508
45.9749,1508
45.9804,1508
45.9859,1508
45.9914,1508
45.9969,1508
46.0024,1508
46.0079,1508
46.0134,1508
46.019,1508
46.0245,1508
46.03,1508
46.0356,1508
46.041,1508
46.0465,1508
46.052,1508
46.0579,1508
46.0634,1508
46.0689,1508
46.0744,1508
46.08,1508
46.0854,1508
46.0909,1508
46.0964,1508
46.102,1508
46.1075,1508
46.113,1508
46.1186,1508
46.124,1508
46.1295,1508
46.1351,1508
46.1405,1508
46.1461,1508
46.1516,1508
46.1576,1508
46.1632,1508
46.1687,1508
46.1742,1508
46.1796,1508
46.1852,1508
46.1907,1508
46.1962,1508
46.2018,1508
46.2073,1508
46.2127,1508
46.2182,1508
46.2237,1508
46.2293,1508
46.2348,1508
46.2404,1508
46.2459,1508
46.2514,1508
46.257,1508
46.2629,1508
46.2684,1508
46.274,1508
46.2795,1508
46.285,1508
46.2904,1508
46.296,1508
46.3015,1508
46.307,1508
46.3124,1508
46.318,1508
46.3238,1508
46.3293,1508
46.3349,1508
46.3403,1508
46.3459,1508
46.3514,1508
46.357,1508
46.3628,1508
46.3683,1508
46.3738,1508
46.3794,1508
46.3848,1508
46.3903,1508
46.3958,1508
46.4013,1508
46.4068,1508
46.4123,1508
46.4178,1508
46.4233,1508
46.4288,1508
46.4343,1508
46.4398,1508
46.4453,1508
46.4511,1508
46.4566,1508
46.4624,1508
46.474,1508
46.4795,1508
46.485,1508
46.4906,1508
46.496,1508
46.5015,1508
46.507,1508
46.5125,1508
46.518,1508
46.5235,1508
46.529,1508
46.5345,1508
46.5401,1508
46.5456,1508
46.5511,1508
46.5566,1508
46.5621,1508
46.5679,1508
46.5735,1508
46.579,1508
46.5844,1508
46.5899,1508
46.5954,1508
46.6009,1508
46.6063,1508
46.6118,1508
46.6222,1508
46.6277,1508
46.6332,1508
46.6387,1508
46.6443,1508
46.6499,1508
46.6554,1508
46.6608,1508
46.6664,1508
46.6722,1508
46.6777,1508
46.6832,1508
46.6887,1508
46.6943,1508
46.6997,1508
46.7052,1508
46.7107,1508
46.7162,1508
46.7216,1508
46.7272,1508
46.7327,1508
46.7382,1508
46.7437,1508
46.7492,1508
46.7547,1508
46.7603,1508
46.7657,1508
46.7712,1508
46.777,1508
46.7826,1508
46.7881,1508
46.7936,1508
46.7991,1508
46.8046,1508
46.8101,1508
46.8156,1508
46.8211,1508
46.8266,1508
46.8321,1508
46.8377,1508
46.8432,1508
46.8488,1508
46.8543,1508
46.8599,1508
46.8654,1508
46.871,1508
46.8768,1508
46.8822,1508
46.8878,1508
46.8933,1508
46.8989,1508
46.9043,1508
46.9098,1508
46.9153,1508
46.9208,1508
46.9262,1508
46.9318,1508
46.9373,1508
46.9428,1508
46.9483,1508
46.9539,1508
46.9594,1508
46.9649,1508
46.9704,1508
46.976,1508
46.9818,1508
46.9876,1508
46.9934,1508
46.9992,1508
47.005,1508
47.0109,1508
47.0163,1508
47.0219,1508
47.0274,1508
47.0329,1508
47.0384,1508
47.0439,1508
47.0495,1508
47.055,1508
47.0605,1508
47.066,1508
47.0715,1508
47.077,1508
47.0828,1508
47.0883,1508
47.0938,1508
47.0993,1508
47.1048,1508
47.1104,1508
47.1158,1508
47.1214,1508
47.1269,1508
47.1324,1508
47.1379,1508
47.1434,1508
47.149,1508
47.1545,1508
47.1601,1508
47.1656,1508
47.1711,1508
47.1766,1508
47.1824,1508
47.1879,1508
47.1933,1508
47.1988,1508
47.2043,1508
47.2098,1508
47.2153,1508
47.2208,1508
47.2264,1508
47.2318,1508
47.2373,1508
47.2428,1508
47.2483,1508
47.2539,1508
47.2594,1508
47.2649,1508
47.2704,1508
47.2759,1508
47.2814,1508
47.2872,1508
47.2928,1508
47.2983,1508
47.3038,1508
47.3093,1508
47.3148,1508
47.3203,1508
47.3258,1508
47.3313,1508
47.3367,1508
47.3422,1508
47.3477,1508
47.3532,1508
47.3587,1508
47.3643,1508
47.3699,1508
47.3754,1508
47.3809,1508
47.3867,1508
47.3922,1508
47.3977,1508
47.4032,1508
47.4088,1508
47.4142,1508
47.4198,1508
47.4252,1508
47.4308,1508
47.4362,1508
47.4417,1508
47.4472,1508
47.4528,1508
47.4583,1508
47.4641,1508
47.4696,1508
47.4756,1508
47.4811,1508
47.4866,1508
47.4925,1508
47.498,1508
47.5035,1508
47.509,1508
47.5146,1508
47.5201,1508
47.5257,1508
47.5311,1508
47.5366,1508
47.5421,1508
47.5476,1508
47.5531,1508
47.5628,1508
47.5686,1508
47.5742,1508
47.5797,1508
47.5853,1508
47.5908,1508
47.5967,1508
47.6021,1508
47.6087,1508
47.6144,1508
47.6199,1508
47.6254,1508
47.6309,1508
47.6364,1508
47.6419,1508
47.6474,1508
47.6529,1508
47.6584,1508
47.664,1508
47.6694,1508
47.675,1508
47.6805,1508
47.686,1508
47.6915,1508
47.6973,1508
47.7028,1508
47.7084,1508
47.714,1508
47.7194,1508
47.7249,1508
47.7304,1508
47.736,1508
47.7415,1508
47.7471,1508
47.7526,1508
47.7581,1508
47.7636,1508
47.7691,1508
47.7747,1508
47.7802,1508
47.7858,1508
47.7914,1508
47.7972,1508
47.8028,1508
47.8083,1508
47.8138,1508
47.8195,1508
47.8253,1508
47.8308,1508
47.8363,1508
47.8417,1508
47.8473,1508
47.8528,1508
47.8583,1508
47.8639,1508
47.8693,1508
47.8749,1508
47.8804,1508
47.886,1508
47.8916,1508
47.8971,1508
47.9029,1508
47.9085,1508
47.9139,1508
47.9194,1508
47.9249,1508
47.9304,1508
47.9359,1508
47.9414,1508
47.9469,1508
47.9524,1508
47.9579,1508
47.9634,1508
47.969,1508
47.9746,1508
47.9804,1508
47.9858,1508
47.9914,1508
47.9969,1508
48.003,1508
48.0085,1508
48.0139,1508
48.0195,1508
48.025,1508
48.0305,1508
48.036,1508
48.0415,1508
48.0471,1508
48.0526,1508
48.0582,1508
48.0636,1508
48.0692,1508
48.0747,1508
48.0802,1508
48.0857,1508
48.0913,1508
48.0969,1508
48.1024,1508
48.1084,1508
48.1139,1508
48.1194,1508
48.1249,1508
48.1304,1508
48.1359,1508
48.1415,1508
48.147,1508
48.1525,1508
48.158,1508
48.1635,1508
48.1691,1508
48.1746,1508
48.1802,1508
48.1857,1508
48.1914,1508
48.1969,1508
48.2025,1508
48.2085,1508
48.214,1508
48.2196,1508
48.2252,1508
48.2308,1508
48.2363,1508
48.2417,1508
48.2473,1508
48.2527,1508
48.2583,1508
48.2638,1508
48.2693,1508
48.2748,1508
48.2804,1508
48.2858,1508
48.2914,1508
48.2969,1508
48.3024,1508
48.3082,1508
48.3141,1508
48.3195,1508
48.325,1508
48.3305,1508
48.3361,1508
48.3416,1508
48.3471,1508
48.3527,1508
48.3582,1508
48.3637,1508
48.3691,1508
48.3747,1508
48.3802,1508
48.3858,1508
48.3912,1508
48.3968,1508
48.4023,1508
48.4078,1508
48.4139,1508
48.4193,1508
48.4249,1508
48.4303,1508
48.4358,1508
48.4413,1508
48.4468,1508
48.4524,1508
48.4579,1508
48.4634,1508
48.4689,1508
48.4744,1508
48.4799,1508
48.4886,1508
48.4941,1508
48.4996,1508
48.5051,1508
48.5107,1508
48.5179,1508
48.5234,1508
48.5291,1508
48.5346,1508
48.5405,1508
48.5463,1508
48.5523,1508
48.558,1508
48.5637,1508
48.5697,1508
48.5755,1508
48.581,1508
48.5865,1508
48.5921,1508
48.5977,1508
48.6032,1508
48.6088,1508
48.6143,1508
48.6203,1508
48.6258,1508
48.6313,1508
48.6368,1508
48.6424,1508
48.648,1508
48.6534,1508
48.659,1508
48.6645,1508
48.67,1508
48.6754,1508
48.6809,1508
48.6864,1508
48.6918,1508
48.6973,1508
48.7028,1508
48.7084,1508
48.714,1508
48.7201,1508
48.7256,1508
48.7311,1508
48.7366,1508
48.7421,1508
48.7476,1508
48.7532,1508
48.7586,1508
48.7641,1508
48.7696,1508
48.7751,1508
48.7807,1508
48.7862,1508
48.7917,1508
48.7972,1508
48.8028,1508
48.8083,1508
48.8139,1508
48.8194,1508
48.8254,1508
48.8309,1508
48.8364,1508
48.8419,1508
48.8474,1508
48.853,1508
48.8584,1508
48.8639,1508
48.8694,1508
48.875,1508
48.8805,1508
48.886,1508
48.8915,1508
48.897,1508
48.9026,1508
48.9081,1508
48.9137,1508
48.9192,1508
48.9252,1508
48.9307,1508
48.9363,1508
48.9418,1508
48.9473,1508
48.9529,1508
48.9584,1508
48.9639,1508
48.9694,1508
48.9748,1508
48.9803,1508
48.9858,1508
48.9913,1508
48.9968,1508
49.0023,1508
49.0078,1508
49.0134,1508
49.0188,1508
49.0244,1508
49.0305,1508
49.036,1508
49.0415,1508
49.0469,1508
49.0525,1508
49.058,1508
49.0635,1508
49.0691,1508
49.0746,1508
49.0801,1508
49.0856,1508
49.0911,1508
49.0966,1508
49.1021,1508
49.1076,1508
49.1131,1508
49.1186,1508
49.1242,1508
49.1301,1508
49.1356,1508
49.1411,1508
49.1466,1508
49.1521,1508
49.1577,1508
49.1632,1508
49.1688,1508
49.1743,1508
49.1798,1508
49.1853,1508
49.1908,1508
49.1964,1508
49.2018,1508
49.2073,1508
49.2128,1508
49.2184,1508
49.2239,1508
49.2297,1508
49.2354,1508
49.2409,1508
49.2465,1508
49.252,1508
49.2576,1508
49.2631,1508
49.2686,1508
49.2741,1508
49.2797,1508
49.2852,1508
49.2907,1508
49.2963,1508
49.3018,1508
49.3073,1508
49.3128,1508
49.3184,1508
49.3239,1508
49.3294,1508
49.3354,1508
49.3409,1508
49.3464,1508
49.3518,1508
49.3573,1508
49.3629,1508
49.3684,1508
49.3738,1508
49.3794,1508
49.3849,1508
49.3905,1508
49.396,1508
49.4016,1508
49.4071,1508
49.4127,1508
49.4181,1508
49.4237,1508
49.4292,1508
49.4351,1508
49.4408,1508
49.4464,1508
49.4519,1508
49.4573,1508
49.4629,1508
49.4685,1508
49.474,1508
49.4795,1508
49.4851,1508
49.4905,1508
49.496,1508
49.5016,1508
49.5071,1508
49.5126,1508
49.5182,1508
49.5238,1508
49.5293,1508
49.5348,1508
49.5408,1508
49.5464,1508
49.5519,1508
49.5574,1508
49.5629,1508
49.5683,1508
49.5739,1508
49.5795,1508
49.5849,1508
49.5905,1508
49.596,1508
49.6015,1508
49.6071,1508
49.6126,1508
49.6181,1508
49.6236,1508
49.6291,1508
49.6346,1508
49.6406,1508
49.6462,1508
49.6516,1508
49.6571,1508
49.6626,1508
49.6681,1508
49.6735,1508
49.6791,1508
49.6847,1508
49.6902,1508
49.6958,1508
49.7013,1508
49.7067,1508
49.7122,1508
49.7177,1508
49.7232,1508
49.7287,1508
49.7342,1508
49.7397,1508
49.7457,1508
49.7513,1508
49.7569,1508
49.7624,1508
49.768,1508
49.7734,1508
49.779,1508
49.7845,1508
49.7901,1508
49.7955,1508
49.8011,1508
49.8066,1508
49.8121,1508
49.8177,1508
49.8232,1508
49.8287,1508
49.8343,1508
49.8397,1508
49.8459,1508
49.8514,1508
49.857,1508
49.8625,1508
49.868,1508
49.8735,1508
49.879,1508
49.8845,1508
49.8901,1508
49.8956,1508
49.9011,1508
49.9066,1508
49.9122,1508
49.9177,1508
49.9232,1508
49.9288,1508
49.9342,1508
49.9398,1508
49.9453,1508
49.9514,1508
49.9569,1508
49.9624,1508
49.9679,1508
49.9734,1508
49.9789,1508
49.9845,1508
49.99,1508
49.9956,1508
50.0011,1508
50.0066,1508
50.0121,1508
50.0176,1508
50.0231,1508
50.0286,1508
50.034,1508
50.0396,1508
50.0451,1508
50.0513,1508
50.0569,1508
50.0624,1508
50.0678,1508
50.0734,1508
50.0789,1508
50.0844,1508
50.09,1508
50.0955,1508
50.1011,1508
50.1065,1508
50.112,1508
50.1175,1508
50.123,1508
50.1286,1508
50.1342,1508
50.1398,1508
50.1453,1508
50.1512,1508
50.157,1508
50.1625,1508
50.168,1508
50.1735,1508
50.1789,1508
50.1845,1508
50.19,1508
50.1955,1508
50.2011,1508
50.2066,1508
50.2121,1508
50.2176,1508
50.2231,1508
50.2286,1508
50.2342,1508
50.2397,1508
50.2453,1508
50.2508,1508
50.2567,1508
50.2623,1508
50.2678,1508
50.2734,1508
50.279,1508
50.2845,1508
50.29,1508
50.2955,1508
50.301,1508
50.3065,1508
50.3121,1508
50.3176,1508
50.3231,1508
50.3286,1508
50.3341,1508
50.3396,1508
50.3452,1508
50.3507,1508
50.3565,1508
50.3623,1508
50.3678,1508
50.3733,1508
50.3787,1508
50.3843,1508
50.3899,1508
50.3954,1508
50.4008,1508
50.4064,1508
50.4119,1508
50.4175,1508
50.4229,1508
50.4284,1508
50.4339,1508
50.4394,1508
50.445,1508
50.4505,1508
50.4561,1508
50.4622,1508
50.4677,1508
50.4732,1508
50.4787,1508
50.4842,1508
50.4896,1508
50.4952,1508
50.5007,1508
50.5062,1508
50.5117,1508
50.5173,1508
50.5228,1508
50.5283,1508
50.5338,1508
50.5393,1508
50.5449,1508
50.5503,1508
50.5559,1508
50.5616,1508
50.5673,1508
50.5728,1508
50.5783,1508
50.5838,1508
50.5894,1508
50.5948,1508
50.6004,1508
50.606,1508
50.6114,1508
50.6169,1508
50.6224,1508
50.6279,1508
50.6334,1508
50.6389,1508
50.6445,1508
50.65,1508
50.6555,1508
50.6611,1508
50.6671,1508
50.6725,1508
50.678,1508
50.6836,1508
50.6891,1508
50.6947,1508
50.7001,1508
50.7057,1508
50.7112,1508
50.7167,1508
50.7222,1508
50.7277,1508
50.7332,1508
50.7387,1508
50.7442,1508
50.7497,1508
50.7552,1508
50.7608,1508
50.7666,1508
50.7722,1508
50.7777,1508
50.7831,1508
50.7887,1508
50.7942,1508
50.7997,1508
50.8052,1508
50.8107,1508
50.8163,1508
50.8218,1508
50.8272,1508
50.8327,1508
50.8383,1508
50.8438,1508
50.8494,1508
50.855,1508
50.8604,1508
50.866,1508
50.8721,1508
50.8776,1508
50.8832,1508
50.8887,1508
50.8943,1508
50.8998,1508
50.9053,1508
50.9108,1508
50.9162,1508
50.9218,1508
50.9273,1508
50.9328,1508
50.9383,1508
50.9438,1508
50.9492,1508
50.9547,1508
50.9603,1508
50.9658,1508
50.9715,1508
50.9773,1508
50.9829,1508
50.9885,1508
50.994,1508
50.9995,1508
51.005,1508
51.0104,1508
51.0159,1508
51.0214,1508
51.0269,1508
51.0325,1508
51.038,1508
51.0435,1508
51.0491,1508
51.0546,1508
51.0601,1508
51.0657,1508
51.0712,1508
51.0773,1508
51.0828,1508
51.0882,1508
51.0938,1508
51.0993,1508
51.1048,1508
51.1103,1508
51.1158,1508
51.1213,1508
51.1269,1508
51.1324,1508
51.1378,1508
51.1434,1508
51.1488,1508
51.1543,1508
51.1599,1508
51.1654,1508
51.171,1508
51.177,1508
51.1824,1508
51.188,1508
51.1935,1508
51.199,1508
51.2046,1508
51.2101,1508
51.2157,1508
51.2212,1508
51.2267,1508
51.2322,1508
51.2377,1508
51.2433,1508
51.2489,1508
51.2544,1508
51.2599,1508
51.2653,1508
51.2708,1508
51.2764,1508
51.2824,1508
51.2878,1508
51.2933,1508
51.2989,1508
51.3044,1508
51.31,1508
51.3155,1508
51.321,1508
51.3265,1508
51.332,1508
51.3375,1508
51.343,1508
51.3485,1508
51.3541,1508
51.3595,1508
51.3651,1508
51.3705,1508
51.376,1508
51.3821,1508
51.3876,1508
51.3932,1508
51.3987,1508
51.4042,1508
51.4098,1508
51.4153,1508
51.4208,1508
51.4263,1508
51.4318,1508
51.4373,1508
51.4428,1508
51.4484,1508
51.4539,1508
51.4594,1508
51.465,1508
51.4704,1508
51.476,1508
51.4815,1508
51.4875,1508
51.4931,1508
51.4986,1508
51.5041,1508
51.5097,1508
51.5152,1508
51.5207,1508
51.5263,1508
51.5317,1508
51.5372,1508
51.5427,1508
51.5482,1508
51.5538,1508
51.5593,1508
51.5649,1508
51.5704,1508
51.576,1508
51.5815,1508
51.5875,1508
51.593,1508
51.5986,1508
51.6041,1508
51.6096,1508
51.6152,1508
51.6207,1508
51.6262,1508
51.6316,1508
51.6372,1508
51.6427,1508
51.6483,1508
51.6537,1508
51.6592,1508
51.6648,1508
51.6703,1508
51.6758,1508
51.6813,1508
51.6868,1508
51.6929,1508
51.6985,1508
51.7041,1508
51.7096,1508
51.715,1508
51.7206,1508
51.7261,1508
51.7317,1508
51.7372,1508
51.7428,1508
51.7483,1508
51.7538,1508
51.7592,1508
51.7648,1508
51.7704,1508
51.7759,1508
51.7815,1508
51.787,1508
51.7931,1508
51.7986,1508
51.8042,1508
51.8096,1508
51.8152,1508
51.8207,1508
51.8262,1508
51.8317,1508
51.8372,1508
51.8428,1508
51.8483,1508
51.8538,1508
51.8593,1508
51.8648,1508
51.8704,1508
51.8759,1508
51.8814,1508
51.887,1508
51.8927,1508
51.8985,1508
51.904,1508
51.9095,1508
51.915,1508
51.9205,1508
51.926,1508
51.9315,1508
51.937,1508
51.9426,1508
51.948,1508
51.9535,1508
51.959,1508
51.9646,1508
51.9702,1508
51.9758,1508
51.9813,1508
51.9868,1508
51.9924,1508
51.9984,1508
52.0039,1508
52.0094,1508
52.015,1508
52.0205,1508
52.026,1508
52.0315,1508
52.037,1508
52.0425,1508
52.048,1508
52.0536,1508
52.059,1508
52.0646,1508
52.0701,1508
52.0756,1508
52.0812,1508
52.0867,1508
52.0923,1508
52.0981,1508
52.1036,1508
52.109,1508
52.1145,1508
52.12,1508
52.1256,1508
52.1311,1508
52.1366,1508
52.1422,1508
52.1477,1508
52.1532,1508
52.1587,1508
52.1643,1508
52.1698,1508
52.1753,1508
52.1809,1508
52.1865,1508
52.192,1508
52.1976,1508
52.2036,1508
52.2092,1508
52.2147,1508
52.2202,1508
52.2258,1508
52.2313,1508
52.2368,1508
52.2423,1508
52.2479,1508
52.2534,1508
52.2589,1508
52.2643,1508
52.2699,1508
52.2754,1508
52.2809,1508
52.2864,1508
52.292,1508
52.2975,1508
52.3035,1508
52.309,1508
52.3146,1508
52.3201,1508
52.3256,1508
52.3312,1508
52.3367,1508
52.3422,1508
52.3476,1508
52.3532,1508
52.3587,1508
52.3642,1508
52.3698,1508
52.3752,1508
52.3807,1508
52.3862,1508
52.3918,1508
52.3974,1508
52.4029,1508
52.409,1508
52.4145,1508
52.4199,1508
52.4255,1508
52.431,1508
52.4364,1508
52.442,1508
52.4476,1508
52.4531,1508
52.4586,1508
52.4642,1508
52.4697,1508
52.4753,1508
52.4808,1508
52.4864,1508
52.492,1508
52.4975,1508
52.503,1508
52.5091,1508
52.5147,1508
52.5202,1508
52.5258,1508
52.5313,1508
52.5368,1508
52.5423,1508
52.5478,1508
52.5533,1508
52.5589,1508
52.5643,1508
52.5698,1508
52.5753,1508
52.5809,1508
52.5864,1508
52.5919,1508
52.5975,1508
52.603,1508
52.6088,1508
52.6145,1508
52.6199,1508
52.6254,1508
52.631,1508
52.6365,1508
52.642,1508
52.6476,1508
52.6531,1508
52.6587,1508
52.6643,1508
52.6697,1508
52.6752,1508
52.6808,1508
52.6863,1508
52.6919,1508
52.6975,1508
52.703,1508
52.7084,1508
52.7145,1508
52.72,1508
52.7256,1508
52.731,1508
52.7365,1508
52.742,1508
52.7476,1508
52.753,1508
52.7585,1508
52.764,1508
52.7695,1508
52.7751,1508
52.7807,1508
52.7862,1508
52.7916,1508
52.7972,1508
52.8028,1508
52.8083,1508
52.8141,1508
52.82,1508
52.8256,1508
52.8312,1508
52.8366,1508
52.8422,1508
52.8477,1508
52.8532,1508
52.8587,1508
52.8641,1508
52.8697,1508
52.8752,1508
52.8807,1508
52.8863,1508
52.8917,1508
52.8973,1508
52.9028,1508
52.9083,1508
52.9139,1508
52.92,1508
52.9255,1508
52.931,1508
52.9365,1508
52.942,1508
52.9475,1508
52.953,1508
52.9584,1508
52.964,1508
52.9695,1508
52.975,1508
52.9806,1508
52.9861,1508
52.9916,1508
52.9972,1508
53.0027,1508
53.0081,1508
53.0136,1508
53.0195,1508
53.0253,1508
53.0308,1508
53.0364,1508
53.0418,1508
53.0474,1508
53.0528,1508
53.0584,1508
53.0639,1508
53.0694,1508
53.0749,1508
53.0805,1508
53.0861,1508
53.0915,1508
53.097,1508
53.1026,1508
53.108,1508
53.1135,1508
53.119,1508
53.125,1508
53.1305,1508
53.1361,1508
53.1416,1508
53.1471,1508
53.1526,1508
53.1581,1508
53.1636,1508
53.1692,1508
53.1747,1508
53.1802,1508
53.1857,1508
53.1912,1508
53.1967,1508
53.2023,1508
53.2079,1508
53.2134,1508
53.2188,1508
53.2252,1508
53.2307,1508
53.2363,1508
53.2418,1508
53.2473,1508
53.2528,1508
53.2584,1508
53.2639,1508
53.2694,1508
53.2749,1508
53.2805,1508
53.286,1508
53.2915,1508
53.297,1508
53.3024,1508
53.308,1508
53.3135,1508
53.319,1508
53.3245,1508
53.3306,1508
53.3361,1508
53.3417,1508
53.3473,1508
53.3528,1508
53.3583,1508
53.3637,1508
53.3693,1508
53.3748,1508
53.3803,1508
53.3858,1508
53.3913,1508
53.3985,1508
53.4043,1508
53.4102,1508
53.4159,1508
53.4214,1508
53.4269,1508
53.4329,1508
53.4385,1508
53.4439,1508
53.4494,1508
53.4549,1508
53.4605,1508
53.466,1508
53.4716,1508
53.4772,1508
53.4827,1508
53.4882,1508
53.4937,1508
53.4993,1508
53.5048,1508
53.5103,1508
53.5158,1508
53.5213,1508
53.5268,1508
53.5329,1508
53.5384,1508
53.5439,1508
53.5494,1508
53.555,1508
53.5605,1508
53.566,1508
53.5716,1508
53.5771,1508
53.5826,1508
53.5882,1508
53.5937,1508
53.5993,1508
53.6048,1508
53.6103,1508
53.6159,1508
53.6213,1508
53.6269,1508
53.6324,1508
53.6383,1508
53.6439,1508
53.6494,1508
53.6549,1508
53.6605,1508
53.666,1508
53.6715,1508
53.6769,1508
53.6825,1508
53.688,1508
53.6936,1508
53.6991,1508
53.7047,1508
53.7102,1508
53.7158,1508
53.7212,1508
53.7267,1508
53.7322,1508
53.7383,1508
53.7437,1508
53.7492,1508
53.7547,1508
53.7602,1508
53.7656,1508
53.7711,1508
53.7766,1508
53.7822,1508
53.7876,1508
53.7931,1508
53.7986,1508
53.804,1508
53.8095,1508
53.8151,1508
53.8206,1508
53.8261,1508
53.8316,1508
53.8371,1508
53.8431,1508
53.8487,1508
53.8542,1508
53.8597,1508
53.8653,1508
53.8709,1508
53.8764,1508
53.8819,1508
53.8874,1508
53.8929,1508
53.8984,1508
53.9039,1508
53.9094,1508
53.9149,1508
53.9204,1508
53.9259,1508
53.9314,1508
53.937,1508
53.943,1508
53.9485,1508
53.954,1508
53.9595,1508
53.9651,1508
53.9705,1508
53.976,1508
53.9815,1508
53.9871,1508
53.9927,1508
53.9982,1508
54.0037,1508
54.0093,1508
54.0147,1508
54.0203,1508
54.0258,1508
54.0313,1508
54.0368,1508
54.0426,1508
54.048,1508
54.0536,1508
54.0592,1508
54.0647,1508
54.0703,1508
54.0758,1508
54.0812,1508
54.0867,1508
54.0922,1508
54.0978,1508
54.1032,1508
54.1088,1508
54.1143,1508
54.1198,1508
54.1254,1508
54.1309,1508
54.1364,1508
54.1419,1508
54.1477,1508
54.1533,1508
54.1588,1508
54.1643,1508
54.1698,1508
54.1754,1508
54.1809,1508
54.1864,1508
54.1919,1508
54.1975,1508
54.2029,1508
54.2085,1508
54.214,1508
54.2195,1508
54.2251,1508
54.2306,1508
54.2361,1508
54.2417,1508
54.2476,1508
54.2531,1508
54.2587,1508
54.2642,1508
54.2697,1508
54.2754,1508
54.281,1508
54.2865,1508
54.2923,1508
54.2977,1508
54.3032,1508
54.3088,1508
54.3143,1508
54.3199,1508
54.3254,1508
54.3309,1508
54.3365,1508
54.3421,1508
54.3475,1508
54.3533,1508
54.3588,1508
54.3643,1508
54.3698,1508
54.3753,1508
54.3808,1508
54.3864,1508
54.392,1508
54.3975,1508
54.403,1508
54.4085,1508
54.4141,1508
54.4195,1508
54.425,1508
54.4306,1508
54.4423,1508
54.4478,1508
54.4539,1508
54.4593,1508
54.4648,1508
54.4703,1508
54.4758,1508
54.4815,1508
54.487,1508
54.4925,1508
54.498,1508
54.5036,1508
54.5091,1508
54.5146,1508
54.5201,1508
54.5255,1508
54.531,1508
54.5365,1508
54.542,1508
54.5475,1508
54.553,1508
54.5587,1508
54.5642,1508
54.5698,1508
54.5753,1508
54.5808,1508
54.5863,1508
54.5918,1508
54.5973,1508
54.6027,1508
54.6082,1508
54.6138,1508
54.6193,1508
54.6249,1508
54.6304,1508
54.636,1508
54.6414,1508
54.647,1508
54.6526,1508
54.6584,1508
54.6639,1508
54.6693,1508
54.6748,1508
54.6803,1508
54.6859,1508
54.6915,1508
54.6973,1508
54.7028,1508
54.7083,1508
54.7138,1508
54.7194,1508
54.7249,1508
54.7305,1508
54.736,1508
54.7415,1508
54.7471,1508
54.7525,1508
54.7581,1508
54.7638,1508
54.7694,1508
54.7749,1508
54.7804,1508
54.786,1508
54.7915,1508
54.7973,1508
54.8029,1508
54.8084,1508
54.8145,1508
54.8199,1508
54.8255,1508
54.831,1508
54.8365,1508
54.8421,1508
54.8476,1508
54.8531,1508
54.8586,1508
54.8644,1508
54.8699,1508
54.8754,1508
54.881,1508
54.8865,1508
54.8921,1508
54.8976,1508
54.9031,1508
54.9086,1508
54.9141,1508
54.9197,1508
54.9252,1508
54.9307,1508
54.9363,1508
54.9418,1508
54.9474,1508
54.9529,1508
54.9584,1508
54.9643,1508
54.9697,1508
54.9752,1508
54.9808,1508
54.9863,1508
54.9918,1508
54.9973,1508
55.0028,1508
55.0083,1508
55.0139,1508
55.0193,1508
55.0248,1508
55.0303,1508
55.0359,1508
55.0415,1508
55.0469,1508
55.0524,1508
55.0579,1508
55.0634,1508
55.0692,1508
55.0748,1508
55.0803,1508
55.0858,1508
55.0914,1508
55.0968,1508
55.1023,1508
55.1078,1508
55.1134,1508
55.1189,1508
55.1247,1508
55.1306,1508
55.1361,1508
55.1474,1508
55.1529,1508
55.1584,1508
55.164,1508
55.1698,1508
55.1753,1508
55.1808,1508
55.1863,1508
55.1919,1508
55.1974,1508
55.2029,1508
55.2085,1508
55.2141,1508
55.2195,1508
55.2251,1508
55.2307,1508
55.2362,1508
55.2417,1508
55.2472,1508
55.2526,1508
55.2582,1508
55.2637,1508
55.2693,1508
55.2751,1508
55.2806,1508
55.2861,1508
55.2915,1508
55.297,1508
55.3025,1508
55.308,1508
55.3135,1508
55.319,1508
55.3245,1508
55.3301,1508
55.3356,1508
55.341,1508
55.3465,1508
55.352,1508
55.3576,1508
55.3631,1508
55.3686,1508
55.3744,1508
55.38,1508
55.3855,1508
55.3909,1508
55.3964,1508
55.4019,1508
55.4075,1508
55.413,1508
55.4186,1508
55.4241,1508
55.4297,1508
55.4352,1508
55.4407,1508
55.4462,1508
55.4517,1508
55.4572,1508
55.4627,1508
55.4681,1508
55.4736,1508
55.4797,1508
55.4851,1508
55.4906,1508
55.4962,1508
55.5017,1508
55.5073,1508
55.5128,1508
55.5183,1508
55.5238,1508
55.5293,1508
55.5348,1508
55.5403,1508
55.5458,1508
55.5513,1508
55.5568,1508
55.5622,1508
55.5677,1508
55.5732,1508
55.5791,1508
55.5846,1508
55.5901,1508
55.5956,1508
55.601,1508
55.6065,1508
55.612,1508
55.6175,1508
55.623,1508
55.6284,1508
55.634,1508
55.6395,1508
55.6449,1508
55.6504,1508
55.656,1508
55.6615,1508
55.667,1508
55.6726,1508
55.6781,1508
55.6839,1508
55.6895,1508
55.695,1508
55.7004,1508
55.7059,1508
55.7114,1508
55.7169,1508
55.7224,1508
55.7278,1508
55.7333,1508
55.7389,1508
55.7443,1508
55.7499,1508
55.7554,1508
55.7609,1508
55.7664,1508
55.7719,1508
55.7774,1508
55.7832,1508
55.7887,1508
55.7942,1508
55.7998,1508
55.8053,1508
55.8108,1508
55.8163,1508
55.8219,1508
55.8275,1508
55.833,1508
55.8385,1508
55.844,1508
55.8495,1508
55.855,1508
55.8604,1508
55.866,1508
55.8715,1508
55.8771,1508
55.8826,1508
55.8884,1508
55.894,1508
55.8995,1508
55.9051,1508
55.9107,1508
55.9162,1508
55.9218,1508
55.9273,1508
55.9328,1508
55.9383,1508
55.9438,1508
55.9494,1508
55.9549,1508
55.9605,1508
55.966,1508
55.9715,1508
55.977,1508
55.9824,1508
55.9882,1508
55.994,1508
55.9995,1508
56.0051,1508
56.0106,1508
56.0161,1508
56.0216,1508
56.0272,1508
56.0328,1508
56.0382,1508
56.0437,1508
56.0492,1508
56.0548,1508
56.0603,1508
56.0658,1508
56.0713,1508
56.0768,1508
56.0824,1508
56.0879,1508
56.0937,1508
56.0992,1508
56.1047,1508
56.1102,1508
56.1157,1508
56.1213,1508
56.1268,1508
56.1323,1508
56.1378,1508
56.1434,1508
56.1488,1508
56.1544,1508
56.1599,1508
56.1655,1508
56.1711,1508
56.1766,1508
56.1821,1508
56.1877,1508
56.1935,1508
56.199,1508
56.2046,1508
56.2102,1508
56.2157,1508
56.2213,1508
56.2268,1508
56.2323,1508
56.2379,1508
56.2434,1508
56.2489,1508
56.2545,1508
56.26,1508
56.2655,1508
56.271,1508
56.2765,1508
56.282,1508
56.2875,1508
56.293,1508
56.299,1508
56.3045,1508
56.3099,1508
56.3155,1508
56.321,1508
56.3265,1508
56.3321,1508
56.3375,1508
56.3431,1508
56.3485,1508
56.3541,1508
56.3595,1508
56.3651,1508
56.3706,1508
56.3761,1508
56.3816,1508
56.3871,1508
56.3927,1508
56.3985,1508
56.404,1508
56.4095,1508
56.415,1508
56.4205,1508
56.426,1508
56.4315,1508
56.4371,1508
56.4426,1508
56.4481,1508
56.4537,1508
56.4593,1508
56.4648,1508
56.4703,1508
56.4758,1508
56.4814,1508
56.4869,1508
56.4925,1508
56.498,1508
56.5039,1508
56.5094,1508
56.5149,1508
56.5204,1508
56.5259,1508
56.5314,1508
56.537,1508
56.5425,1508
56.5481,1508
56.5537,1508
56.5592,1508
56.5648,1508
56.5704,1508
56.5759,1508
56.5815,1508
56.587,1508
56.5925,1508
56.5979,1508
56.6037,1508
56.6092,1508
56.6148,1508
56.6203,1508
56.6258,1508
56.6314,1508
56.6368,1508
56.6424,1508
56.648,1508
56.6535,1508
56.6591,1508
56.6646,1508
56.67,1508
56.6755,1508
56.6811,1508
56.6866,1508
56.6922,1508
56.6976,1508
56.7031,1508
56.709,1508
56.7145,1508
56.72,1508
56.7255,1508
56.7311,1508
56.7366,1508
56.7421,1508
56.7477,1508
56.7532,1508
56.7587,1508
56.7642,1508
56.7698,1508
56.7754,1508
56.7808,1508
56.7864,1508
56.7918,1508
56.7974,1508
56.803,1508
56.8088,1508
56.8144,1508
56.8199,1508
56.8254,1508
56.8379,1508
56.8434,1508
56.8489,1508
56.8545,1508
56.86,1508
56.8655,1508
56.8711,1508
56.8766,1508
56.8822,1508
56.8877,1508
56.8932,1508
56.8987,1508
56.9043,1508
56.91,1508
56.9155,1508
56.921,1508
56.9266,1508
56.9321,1508
56.9377,1508
56.9431,1508
56.9487,1508
56.9542,1508
56.9597,1508
56.9652,1508
56.9708,1508
56.9762,1508
56.9818,1508
56.9874,1508
56.9929,1508
56.9984,1508
57.0042,1508
57.0098,1508
57.0156,1508
57.0211,1508
57.0266,1508
57.0321,1508
57.0377,1508
57.0432,1508
57.0487,1508
57.0542,1508
57.0597,1508
57.0652,1508
57.0707,1508
57.0762,1508
57.0817,1508
57.0873,1508
57.0927,1508
57.0983,1508
57.1037,1508
57.1093,1508
57.1151,1508
57.1206,1508
57.1261,1508
57.1319,1508
57.1378,1508
57.1433,1508
57.1489,1508
57.1543,1508
57.1598,1508
57.1653,1508
57.1707,1508
57.1763,1508
57.1818,1508
57.1873,1508
57.1928,1508
57.1982,1508
57.2037,1508
57.2093,1508
57.2148,1508
57.2206,1508
57.2261,1508
57.2316,1508
57.2372,1508
57.2426,1508
57.2481,1508
57.2536,1508
57.2591,1508
57.2646,1508
57.27,1508
57.2756,1508
57.2811,1508
57.2867,1508
57.2922,1508
57.2977,1508
57.3032,1508
57.3087,1508
57.3143,1508
57.32,1508
57.3256,1508
57.3311,1508
57.3366,1508
57.342,1508
57.3475,1508
57.3531,1508
57.3586,1508
57.3641,1508
57.3695,1508
57.375,1508
57.3805,1508
57.3861,1508
57.3916,1508
57.3971,1508
57.4027,1508
57.4082,1508
57.4137,1508
57.4193,1508
57.4251,1508
57.4305,1508
57.436,1508
57.4415,1508
57.447,1508
57.4524,1508
57.458,1508
57.4636,1508
57.4691,1508
57.4746,1508
57.4801,1508
57.4857,1508
57.4912,1508
57.4967,1508
57.5021,1508
57.5077,1508
57.5133,1508
57.5187,1508
57.5245,1508
57.5301,1508
57.5356,1508
57.5412,1508
57.5467,1508
57.5523,1508
57.5577,1508
57.5633,1508
57.5688,1508
57.5742,1508
57.5797,1508
57.5852,1508
57.5908,1508
57.5962,1508
57.6018,1508
57.6074,1508
57.6128,1508
57.6184,1508
57.624,1508
57.6298,1508
57.6353,1508
57.6468,1508
57.6524,1508
57.6578,1508
57.6633,1508
57.6689,1508
57.6744,1508
57.6799,1508
57.6854,1508
57.6909,1508
57.6964,1508
57.7019,1508
57.7074,1508
57.7129,1508
57.7183,1508
57.7239,1508
57.7297,1508
57.7352,1508
57.7408,1508
57.7464,1508
57.7519,1508
57.7575,1508
57.7631,1508
57.7686,1508
57.7741,1508
57.7799,1508
57.7857,1508
57.7912,1508
57.7966,1508
57.8021,1508
57.8077,1508
57.8132,1508
57.8187,1508
57.8243,1508
57.8298,1508
57.8356,1508
57.8411,1508
57.8466,1508
57.8522,1508
57.8578,1508
57.8633,1508
57.8688,1508
57.8744,1508
57.8799,1508
57.8854,1508
57.8909,1508
57.8964,1508
57.9019,1508
57.9074,1508
57.913,1508
57.9185,1508
57.9239,1508
57.9295,1508
57.9353,1508
57.9409,1508
57.9463,1508
57.9519,1508
57.9573,1508
57.9629,1508
57.9685,1508
57.974,1508
57.9807,1508
57.9861,1508
57.9916,1508
57.9971,1508
58.0026,1508
58.0081,1508
58.0136,1508
58.0192,1508
58.0247,1508
58.0302,1508
58.0361,1508
58.0419,1508
58.0473,1508
58.0528,1508
58.0584,1508
58.0639,1508
58.0693,1508
58.0749,1508
58.0804,1508
58.086,1508
58.0915,1508
58.0971,1508
58.1025,1508
58.1081,1508
58.1137,1508
58.1192,1508
58.1248,1508
58.1303,1508
58.1358,1508
58.1418,1508
58.1473,1508
58.1528,1508
58.1583,1508
58.1638,1508
58.1693,1508
58.1748,1508
58.1804,1508
58.1859,1508
58.1915,1508
58.197,1508
58.2026,1508
58.2081,1508
58.2136,1508
58.2191,1508
58.2246,1508
58.2302,1508
58.2358,1508
58.2416,1508
58.2473,1508
58.2529,1508
58.2584,1508
58.2639,1508
58.2694,1508
58.275,1508
58.2805,1508
58.286,1508
58.2916,1508
58.2971,1508
58.3026,1508
58.308,1508
58.3135,1508
58.3191,1508
58.3246,1508
58.3302,1508
58.3357,1508
58.3412,1508
58.3472,1508
58.3528,1508
58.3583,1508
58.3638,1508
58.3693,1508
58.3747,1508
58.3802,1508
58.3857,1508
58.3912,1508
58.3968,1508
58.4023,1508
58.4078,1508
58.4134,1508
58.4189,1508
58.4244,1508
58.4299,1508
58.4354,1508
58.4408,1508
58.447,1508
58.4525,1508
58.458,1508
58.4636,1508
58.4691,1508
58.4746,1508
58.4801,1508
58.4857,1508
58.4912,1508
58.4967,1508
58.5022,1508
58.5077,1508
58.5133,1508
58.5189,1508
58.5244,1508
58.5298,1508
58.5353,1508
58.5409,1508
58.5464,1508
58.5524,1508
58.558,1508
58.5634,1508
58.5689,1508
58.5745,1508
58.58,1508
58.5855,1508
58.591,1508
58.5966,1508
58.6021,1508
58.6077,1508
58.6132,1508
58.6188,1508
58.6242,1508
58.6297,1508
58.6353,1508
58.6408,1508
58.6463,1508
58.6524,1508
58.658,1508
58.6636,1508
58.6691,1508
58.6746,1508
58.6801,1508
58.6856,1508
58.6912,1508
58.6967,1508
58.7021,1508
58.7076,1508
58.7132,1508
58.7186,1508
58.7242,1508
58.7296,1508
58.7351,1508
58.7407,1508
58.7463,1508
58.7518,1508
58.7578,1508
58.7633,1508
58.7688,1508
58.7744,1508
58.7799,1508
58.7854,1508
58.7909,1508
58.7964,1508
58.8019,1508
58.8074,1508
58.8129,1508
58.8184,1508
58.824,1508
58.8296,1508
58.8352,1508
58.8407,1508
58.8463,1508
58.8519,1508
58.858,1508
58.8635,1508
58.869,1508
58.8745,1508
58.88,1508
58.8855,1508
58.8911,1508
58.8965,1508
58.902,1508
58.9076,1508
58.9131,1508
58.9187,1508
58.9242,1508
58.9297,1508
58.9352,1508
58.9407,1508
58.9462,1508
58.9517,1508
58.9572,1508
58.9633,1508
58.9688,1508
58.9743,1508
58.9798,1508
58.9852,1508
58.9907,1508
58.9962,1508
59.0018,1508
59.0073,1508
59.0128,1508
59.0183,1508
59.0238,1508
59.0294,1508
59.0349,1508
59.0404,1508
59.0459,1508
59.0514,1508
59.0569,1508
59.0629,1508
59.0684,1508
59.0739,1508
59.0795,1508
59.0851,1508
59.0907,1508
59.0962,1508
59.1017,1508
59.1071,1508
59.1127,1508
59.1182,1508
59.1238,1508
59.1292,1508
59.1348,1508
59.1403,1508
59.1459,1508
59.1513,1508
59.1568,1508
59.1627,1508
59.1684,1508
59.174,1508
59.1795,1508
59.185,1508
59.1906,1508
59.1961,1508
59.2016,1508
59.2072,1508
59.2126,1508
59.2181,1508
59.2236,1508
59.2292,1508
59.2347,1508
59.2402,1508
59.2458,1508
59.2514,1508
59.2568,1508
59.2623,1508
59.2684,1508
59.274,1508
59.2794,1508
59.285,1508
59.2905,1508
59.296,1508
59.3015,1508
59.307,1508
59.3125,1508
59.318,1508
59.3236,1508
59.3291,1508
59.3346,1508
59.34,1508
59.3456,1508
59.3511,1508
59.3566,1508
59.3621,1508
59.3679,1508
59.3737,1508
59.3792,1508
59.3847,1508
59.3903,1508
59.3958,1508
59.4012,1508
59.4067,1508
59.4123,1508
59.4178,1508
59.4233,1508
59.4288,1508
59.4344,1508
59.4398,1508
59.4453,1508
59.4507,1508
59.4563,1508
59.4618,1508
59.4673,1508
59.4733,1508
59.4788,1508
59.4843,1508
59.4899,1508
59.4954,1508
59.5009,1508
59.5064,1508
59.5119,1508
59.5175,1508
59.523,1508
59.5285,1508
59.534,1508
59.5395,1508
59.545,1508
59.5506,1508
59.5561,1508
59.5617,1508
59.5672,1508
59.5734,1508
59.5789,1508
59.5844,1508
59.59,1508
59.5956,1508
59.601,1508
59.6065,1508
59.612,1508
59.6174,1508
59.6229,1508
59.6284,1508
59.6339,1508
59.6394,1508
59.645,1508
59.6506,1508
59.6561,1508
59.6616,1508
59.6671,1508
59.6726,1508
59.6787,1508
59.6841,1508
59.6896,1508
59.6951,1508
59.7005,1508
59.7061,1508
59.7116,1508
59.717,1508
59.7225,1508
59.7281,1508
59.7337,1508
59.7393,1508
59.7448,1508
59.7503,1508
59.7559,1508
59.7614,1508
59.7669,1508
59.7725,1508
59.7786,1508
59.7842,1508
59.7897,1508
59.7951,1508
59.8007,1508
59.8061,1508
59.8117,1508
59.8173,1508
59.8228,1508
59.8283,1508
59.8338,1508
59.8393,1508
59.8448,1508
59.8504,1508
59.8558,1508
59.8613,1508
59.8669,1508
59.8724,1508
59.8779,1508
59.884,1508
59.8895,1508
59.895,1508
59.9005,1508
59.9061,1508
59.9116,1508
59.9171,1508
59.9226,1508
59.9282,1508
59.9338,1508
59.9393,1508
59.9447,1508
59.9503,1508
59.9558,1508
59.9614,1508
59.967,1508
59.9725,1508
59.9781,1508
59.9838,1508
59.9894,1508
59.9948,1508
60.0003,1508
60.0058,1508
60.0113,1508
60.0171,1508
60.0227,1508
60.0282,1508
60.0337,1508
60.0393,1508
60.0448,1508
60.0503,1508
60.0558,1508
60.0614,1508
60.0669,1508
60.0724,1508
60.078,1508
60.0851,1508
60.0906,1508
60.0965,1508
60.1024,1508
60.1078,1508
60.1134,1508
60.1189,1508
60.1245,1508
60.1299,1508
60.1355,1508
60.141,1508
60.1466,1508
60.1521,1508
60.1575,1508
60.163,1508
60.1686,1508
60.1742,1508
60.1797,1508
60.1852,1508
60.1909,1508
60.1964,1508
60.202,1508
60.2076,1508
60.213,1508
60.2247,1508
60.2302,1508
60.2357,1508
60.2412,1508
60.2467,1508
60.2522,1508
60.2577,1508
60.2631,1508
60.2686,1508
60.2741,1508
60.2796,1508
60.2852,1508
60.291,1508
60.2965,1508
60.3021,1508
60.3075,1508
60.3131,1508
60.3186,1508
60.324,1508
60.3295,1508
60.3351,1508
60.3406,1508
60.3461,1508
60.3516,1508
60.3572,1508
60.3627,1508
60.3682,1508
60.3736,1508
60.3792,1508
60.3847,1508
60.3902,1508
60.396,1508
60.4016,1508
60.4073,1508
60.4128,1508
60.4183,1508
60.4238,1508
60.4293,1508
60.4348,1508
60.4402,1508
60.4457,1508
60.4513,1508
60.4568,1508
60.4623,1508
60.4678,1508
60.4734,1508
60.4789,1508
60.4843,1508
60.4898,1508
60.4956,1508
60.5011,1508
60.5066,1508
60.5121,1508
60.5177,1508
60.5232,1508
60.5288,1508
60.5343,1508
60.5397,1508
60.5452,1508
60.5508,1508
60.5564,1508
60.5618,1508
60.5673,1508
60.5729,1508
60.5784,1508
60.5839,1508
60.5893,1508
60.5949,1508
60.6007,1508
60.6062,1508
60.6117,1508
60.6173,1508
60.6228,1508
60.6284,1508
60.6338,1508
60.6393,1508
60.6448,1508
60.6504,1508
60.6559,1508
60.6613,1508
60.6668,1508
60.6724,1508
60.6779,1508
60.6835,1508
60.689,1508
60.6945,1508
60.7004,1508
60.7059,1508
60.7114,1508
60.7169,1508
60.7224,1508
60.7279,1508
60.7333,1508
60.7391,1508
60.7445,1508
60.75,1508
60.7555,1508
60.7609,1508
60.7664,1508
60.772,1508
60.7774,1508
60.7829,1508
60.7885,1508
60.7941,1508
60.7996,1508
60.8054,1508
60.811,1508
60.8166,1508
60.822,1508
60.8276,1508
60.8332,1508
60.8386,1508
60.8441,1508
60.8496,1508
60.8552,1508
60.8607,1508
60.8662,1508
60.8716,1508
60.8771,1508
60.8826,1508
60.8948,1508
60.9003,1508
60.9065,1508
60.9119,1508
60.9175,1508
60.923,1508
60.9286,1508
60.9341,1508
60.9397,1508
60.9452,1508
60.9506,1508
60.9561,1508
60.9617,1508
60.9672,1508
60.9727,1508
60.9783,1508
60.9838,1508
60.9894,1508
60.995,1508
61.0005,1508
61.0063,1508
61.0118,1508
61.0172,1508
61.0228,1508
61.0283,1508
61.0338,1508
61.0393,1508
61.0449,1508
61.0505,1508
61.056,1508
61.0616,1508
61.067,1508
61.0726,1508
61.0781,1508
61.0835,1508
61.0891,1508
61.0946,1508
61.1001,1508
61.1056,1508
61.1117,1508
61.1172,1508
61.1227,1508
61.1282,1508
61.1338,1508
61.1393,1508
61.1447,1508
61.1503,1508
61.1558,1508
61.1613,1508
61.1669,1508
61.1724,1508
61.1779,1508
61.1834,1508
61.1889,1508
61.1944,1508
61.1998,1508
61.2054,1508
61.2112,1508
61.2167,1508
61.2222,1508
61.2277,1508
61.2332,1508
61.2387,1508
61.2442,1508
61.2497,1508
61.2552,1508
61.2607,1508
61.2661,1508
61.2717,1508
61.2772,1508
61.2828,1508
61.2883,1508
61.2939,1508
61.2994,1508
61.3048,1508
61.3103,1508
61.3161,1508
61.3216,1508
61.3271,1508
61.3327,1508
61.3381,1508
61.3436,1508
61.3491,1508
61.3547,1508
61.3602,1508
61.3657,1508
61.3712,1508
61.3767,1508
61.3822,1508
61.3877,1508
61.3933,1508
61.3988,1508
61.4044,1508
61.4099,1508
61.4157,1508
61.4213,1508
61.4268,1508
61.4323,1508
61.4378,1508
61.4433,1508
61.4488,1508
61.4543,1508
61.4597,1508
61.4653,1508
61.4708,1508
61.4763,1508
61.4818,1508
61.4874,1508
61.4929,1508
61.4985,1508
61.504,1508
61.5095,1508
61.5149,1508
61.5207,1508
61.5262,1508
61.5317,1508
61.5372,1508
61.5427,1508
61.5482,1508
61.5537,1508
61.5592,1508
61.5648,1508
61.5703,1508
61.5758,1508
61.5813,1508
61.5868,1508
61.5924,1508
61.598,1508
61.6035,1508
61.6091,1508
61.6146,1508
61.6204,1508
61.626,1508
61.6315,1508
61.637,1508
61.6425,1508
61.648,1508
61.6535,1508
61.6591,1508
61.6646,1508
61.6701,1508
61.6756,1508
61.6811,1508
61.6867,1508
61.6922,1508
61.6978,1508
61.7033,1508
61.7087,1508
61.7142,1508
61.7197,1508
61.7255,1508
61.731,1508
61.7365,1508
61.742,1508
61.7476,1508
61.7531,1508
61.759,1508
61.7645,1508
61.7703,1508
61.7759,1508
61.7817,1508
61.7872,1508
61.7928,1508
61.7982,1508
61.8038,1508
61.8093,1508
61.8148,1508
61.8203,1508
61.8261,1508
61.8317,1508
61.8371,1508
61.8426,1508
61.8481,1508
61.8536,1508
61.8592,1508
61.8647,1508
61.8702,1508
61.8757,1508
61.8812,1508
61.8867,1508
61.8922,1508
61.8978,1508
61.9034,1508
61.909,1508
61.9145,1508
61.9203,1508
61.9261,1508
61.9319,1508
61.9373,1508
61.9429,1508
61.9485,1508
61.954,1508
61.9595,1508
61.965,1508
61.9705,1508
61.976,1508
61.9815,1508
61.9871,1508
61.9926,1508
61.9982,1508
62.0037,1508
62.0092,1508
62.0147,1508
62.0203,1508
62.0258,1508
62.0316,1508
62.0371,1508
62.0426,1508
62.0482,1508
62.0537,1508
62.0591,1508
62.0647,1508
62.0703,1508
62.0757,1508
62.0813,1508
62.0868,1508
62.0923,1508
62.0979,1508
62.1034,1508
62.1089,1508
62.1143,1508
62.1198,1508
62.1253,1508
62.1308,1508
62.1366,1508
62.1421,1508
62.1476,1508
62.1532,1508
62.1586,1508
62.1642,1508
62.1698,1508
62.1753,1508
62.1809,1508
62.1863,1508
62.1918,1508
62.1973,1508
62.2028,1508
62.2083,1508
62.2138,1508
62.2193,1508
62.2248,1508
62.2303,1508
62.236,1508
62.2415,1508
62.2471,1508
62.2526,1508
62.2581,1508
62.2636,1508
62.2692,1508
62.2747,1508
62.2801,1508
62.286,1508
62.2915,1508
62.2971,1508
62.3025,1508
62.308,1508
62.3135,1508
62.319,1508
62.3245,1508
62.3301,1508
62.3357,1508
62.3414,1508
62.347,1508
62.3524,1508
62.3579,1508
62.3634,1508
62.3689,1508
62.3745,1508
62.38,1508
62.3855,1508
62.391,1508
62.3966,1508
62.4021,1508
62.4076,1508
62.4132,1508
62.4187,1508
62.4243,1508
62.4298,1508
62.4353,1508
62.4411,1508
62.4466,1508
62.4521,1508
62.4577,1508
62.4632,1508
62.4687,1508
62.4743,1508
62.4798,1508
62.4853,1508
62.4908,1508
62.4963,1508
62.5018,1508
62.5077,1508
62.5131,1508
62.5187,1508
62.5242,1508
62.5298,1508
62.5353,1508
62.5408,1508
62.5467,1508
62.5522,1508
62.5578,1508
62.5633,1508
62.5689,1508
62.5744,1508
62.5798,1508
62.5853,1508
62.5908,1508
62.5963,1508
62.6018,1508
62.6073,1508
62.6129,1508
62.6183,1508
62.6239,1508
62.6294,1508
62.635,1508
62.6406,1508
62.6464,1508
62.6519,1508
62.6574,1508
62.6628,1508
62.6684,1508
62.6738,1508
62.6793,1508
62.6848,1508
62.6906,1508
62.6961,1508
62.7017,1508
62.7072,1508
62.7127,1508
62.7182,1508
62.7237,1508
62.7292,1508
62.7347,1508
62.7402,1508
62.7458,1508
62.7516,1508
62.7571,1508
62.7626,1508
62.7681,1508
62.7736,1508
62.7791,1508
62.7846,1508
62.7902,1508
62.7956,1508
62.8012,1508
62.8067,1508
62.8123,1508
62.8178,1508
62.8233,1508
62.8289,1508
62.8344,1508
62.8398,1508
62.8454,1508
62.8512,1508
62.8566,1508
62.8636,1508
62.869,1508
62.8745,1508
62.88,1508
62.8854,1508
62.8909,1508
62.8964,1508
62.9019,1508
62.9073,1508
62.9128,1508
62.9183,1508
62.9239,1508
62.9295,1508
62.9351,1508
62.9407,1508
62.9461,1508
62.952,1508
62.9576,1508
62.963,1508
62.9686,1508
62.974,1508
62.9796,1508
62.9851,1508
62.9906,1508
62.9962,1508
63.0018,1508
63.0073,1508
63.0129,1508
63.0184,1508
63.024,1508
63.0298,1508
63.0353,1508
63.0409,1508
63.0464,1508
63.0519,1508
63.0577,1508
63.0632,1508
63.0687,1508
63.0742,1508
63.0797,1508
63.0852,1508
63.0906,1508
63.0962,1508
63.1017,1508
63.1073,1508
63.1129,1508
63.1184,1508
63.124,1508
63.1295,1508
63.1351,1508
63.1407,1508
63.1462,1508
63.1517,1508
63.1575,1508
63.163,1508
63.1686,1508
63.1741,1508
63.1796,1508
63.1852,1508
63.1908,1508
63.1962,1508
63.2017,1508
63.2072,1508
63.2127,1508
63.2182,1508
63.2237,1508
63.2292,1508
63.2407,1508
63.2462,1508
63.2517,1508
63.2571,1508
63.263,1508
63.2685,1508
63.274,1508
63.2795,1508
63.2849,1508
63.2905,1508
63.296,1508
63.3015,1508
63.307,1508
63.3126,1508
63.3181,1508
63.3235,1508
63.3291,1508
63.3346,1508
63.34,1508
63.3455,1508
63.351,1508
63.3565,1508
63.3623,1508
63.3678,1508
63.3733,1508
63.3789,1508
63.3844,1508
63.3899,1508
63.3954,1508
63.4009,1508
63.4063,1508
63.4118,1508
63.4173,1508
63.4228,1508
63.4284,1508
63.434,1508
63.4395,1508
63.445,1508
63.4505,1508
63.456,1508
63.4616,1508
63.4674,1508
63.4729,1508
63.4785,1508
63.484,1508
63.4896,1508
63.4952,1508
63.5007,1508
63.5063,1508
63.5118,1508
63.5174,1508
63.5229,1508
63.5284,1508
63.5339,1508
63.5394,1508
63.5449,1508
63.5505,1508
63.556,1508
63.5616,1508
63.5673,1508
63.5729,1508
63.5784,1508
63.5839,1508
63.5898,1508
63.5953,1508
63.6008,1508
63.6063,1508
63.6118,1508
63.6174,1508
63.6229,1508
63.6284,1508
63.634,1508
63.6395,1508
63.645,1508
63.6505,1508
63.656,1508
63.6616,1508
63.667,1508
63.6729,1508
63.6784,1508
63.6839,1508
63.6894,1508
63.6949,1508
63.7004,1508
63.7059,1508
63.7114,1508
63.7169,1508
63.7224,1508
63.7279,1508
63.7335,1508
63.739,1508
63.7445,1508
63.7501,1508
63.7557,1508
63.7611,1508
63.7666,1508
63.7724,1508
63.778,1508
63.7835,1508
63.789,1508
63.7945,1508
63.8001,1508
63.8056,1508
63.8111,1508
63.8166,1508
63.822,1508
63.8276,1508
63.8331,1508
63.8386,1508
63.844,1508
63.8496,1508
63.8552,1508
63.8607,1508
63.8661,1508
63.8717,1508
63.8775,1508
63.883,1508
63.8885,1508
63.894,1508
63.8996,1508
63.9052,1508
63.9107,1508
63.9163,1508
63.9218,1508
63.9273,1508
63.9329,1508
63.9384,1508
63.944,1508
63.9495,1508
63.9551,1508
63.9608,1508
63.9663,1508
63.9718,1508
63.9777,1508
63.9833,1508
63.9891,1508
63.9947,1508
64.0001,1508
64.0056,1508
64.0112,1508
64.0166,1508
64.0222,1508
64.0277,1508
64.0331,1508
64.0386,1508
64.0441,1508
64.0496,1508
64.0551,1508
64.0607,1508
64.0663,1508
64.0718,1508
64.0772,1508
64.0832,1508
64.0887,1508
64.0942,1508
64.0997,1508
64.1052,1508
64.1107,1508
64.1162,1508
64.1218,1508
64.1273,1508
64.1328,1508
64.1383,1508
64.1439,1508
64.1494,1508
64.155,1508
64.1605,1508
64.1661,1508
64.1716,1508
64.1771,1508
64.1831,1508
64.1885,1508
64.194,1508
64.1995,1508
64.2049,1508
64.2104,1508
64.2159,1508
64.2213,1508
64.2269,1508
64.2324,1508
64.238,1508
64.2434,1508
64.2489,1508
64.2544,1508
64.26,1508
64.2656,1508
64.2711,1508
64.2767,1508
64.2824,1508
64.2881,1508
64.2936,1508
64.2991,1508
64.3046,1508
64.3101,1508
64.3157,1508
64.3211,1508
64.3267,1508
64.3321,1508
64.3376,1508
64.3432,1508
64.3486,1508
64.3542,1508
64.3596,1508
64.3651,1508
64.3707,1508
64.3762,1508
64.3818,1508
64.3879,1508
64.3934,1508
64.3989,1508
64.4045,1508
64.41,1508
64.4155,1508
64.421,1508
64.4265,1508
64.4319,1508
64.4375,1508
64.443,1508
64.4484,1508
64.454,1508
64.4595,1508
64.4651,1508
64.4706,1508
64.4761,1508
64.4817,1508
64.4875,1508
64.4933,1508
64.4988,1508
64.5044,1508
64.5098,1508
64.5154,1508
64.5209,1508
64.5264,1508
64.5319,1508
64.5374,1508
64.5429,1508
64.5484,1508
64.5539,1508
64.5594,1508
64.5649,1508
64.5704,1508
64.5759,1508
64.5815,1508
64.5871,1508
64.5931,1508
64.5986,1508
64.6041,1508
64.6096,1508
64.6152,1508
64.6207,1508
64.6263,1508
64.6318,1508
64.6373,1508
64.6428,1508
64.6483,1508
64.6538,1508
64.6594,1508
64.6649,1508
64.6704,1508
64.676,1508
64.6815,1508
64.687,1508
64.6928,1508
64.6986,1508
64.7042,1508
64.7097,1508
64.7152,1508
64.7207,1508
64.7263,1508
64.7318,1508
64.7373,1508
64.7428,1508
64.7483,1508
64.7538,1508
64.7594,1508
64.7649,1508
64.7704,1508
64.776,1508
64.7815,1508
64.787,1508
64.7925,1508
64.7986,1508
64.8042,1508
64.8098,1508
64.8152,1508
64.8208,1508
64.8263,1508
64.8319,1508
64.8374,1508
64.8429,1508
64.8483,1508
64.8538,1508
64.8593,1508
64.8649,1508
64.8705,1508
64.8759,1508
64.8815,1508
64.887,1508
64.8925,1508
64.8986,1508
64.9042,1508
64.9097,1508
64.9152,1508
64.9207,1508
64.9263,1508
64.9318,1508
64.9373,1508
64.9428,1508
64.9483,1508
64.9538,1508
64.9593,1508
64.9648,1508
64.9704,1508
64.9759,1508
64.9814,1508
64.9868,1508
64.9923,1508
64.9979,1508
65.004,1508
65.0094,1508
65.015,1508
65.0205,1508
65.0261,1508
65.0316,1508
65.0371,1508
65.0427,1508
65.0482,1508
65.0537,1508
65.0592,1508
65.0647,1508
65.0702,1508
65.0757,1508
65.0813,1508
65.0868,1508
65.0923,1508
65.0979,1508
65.1039,1508
65.1095,1508
65.1149,1508
65.1205,1508
65.126,1508
65.1315,1508
65.137,1508
65.1426,1508
65.1482,1508
65.1536,1508
65.1592,1508
65.1647,1508
65.1702,1508
65.1757,1508
65.1813,1508
65.1868,1508
65.1923,1508
65.1978,1508
65.2033,1508
65.2094,1508
65.2149,1508
65.2204,1508
65.226,1508
65.2314,1508
65.237,1508
65.2425,1508
65.2481,1508
65.2536,1508
65.2591,1508
65.2646,1508
65.2701,1508
65.2756,1508
65.2811,1508
65.2867,1508
65.2921,1508
65.2976,1508
65.3031,1508
65.3091,1508
65.3147,1508
65.3202,1508
65.3258,1508
65.3314,1508
65.3369,1508
65.3425,1508
65.348,1508
65.3535,1508
65.3591,1508
65.3647,1508
65.3702,1508
65.3758,1508
65.3813,1508
65.3868,1508
65.3924,1508
65.3979,1508
65.4035,1508
65.4092,1508
65.415,1508
65.4206,1508
65.4261,1508
65.4317,1508
65.4373,1508
65.4427,1508
65.4482,1508
65.4538,1508
65.4594,1508
65.4649,1508
65.4705,1508
65.4761,1508
65.4815,1508
65.487,1508
65.4925,1508
65.498,1508
65.5035,1508
65.509,1508
65.5151,1508
65.5206,1508
65.5261,1508
65.5317,1508
65.5371,1508
65.5426,1508
65.548,1508
65.5536,1508
65.5592,1508
65.5647,1508
65.5702,1508
65.5758,1508
65.5813,1508
65.5868,1508
65.5923,1508
65.5978,1508
65.6033,1508
65.6089,1508
65.6149,1508
65.6205,1508
65.626,1508
65.6315,1508
65.6371,1508
65.6426,1508
65.6482,1508
65.6538,1508
65.6593,1508
65.6648,1508
65.6703,1508
65.6758,1508
65.6814,1508
65.6869,1508
65.6924,1508
65.6978,1508
65.7034,1508
65.7089,1508
65.7144,1508
65.7205,1508
65.726,1508
65.7315,1508
65.737,1508
65.7426,1508
65.7481,1508
65.7536,1508
65.7591,1508
65.7647,1508
65.7703,1508
65.7757,1508
65.7812,1508
65.7867,1508
65.7922,1508
65.7977,1508
65.8032,1508
65.8088,1508
65.8143,1508
65.8204,1508
65.8259,1508
65.8314,1508
65.837,1508
65.8425,1508
65.8481,1508
65.8535,1508
65.859,1508
65.8646,1508
65.8701,1508
65.8756,1508
65.8812,1508
65.8867,1508
65.8922,1508
65.8977,1508
65.9033,1508
65.9088,1508
65.9144,1508
65.92,1508
65.926,1508
65.9315,1508
65.937,1508
65.9426,1508
65.9482,1508
65.9537,1508
65.9592,1508
65.9646,1508
65.9701,1508
65.9756,1508
65.9811,1508
65.9866,1508
65.9921,1508
65.9976,1508
66.003,1508
66.0085,1508
66.014,1508
66.0196,1508
66.0254,1508
66.0309,1508
66.0364,1508
66.0419,1508
66.0475,1508
66.053,1508
66.0585,1508
66.0641,1508
66.0695,1508
66.075,1508
66.0805,1508
66.0861,1508
66.0916,1508
66.0971,1508
66.1027,1508
66.1081,1508
66.1136,1508
66.1191,1508
66.1246,1508
66.1304,1508
66.136,1508
66.1415,1508
66.147,1508
66.1524,1508
66.1579,1508
66.1634,1508
66.169,1508
66.1744,1508
66.1799,1508
66.1855,1508
66.1968,1508
66.2024,1508
66.2079,1508
66.2134,1508
66.2189,1508
66.2245,1508
66.2302,1508
66.2358,1508
66.2413,1508
66.2468,1508
66.2522,1508
66.2578,1508
66.2633,1508
66.2688,1508
66.2744,1508
66.2798,1508
66.2854,1508
66.2909,1508
66.2964,1508
66.3019,1508
66.3074,1508
66.3128,1508
66.3184,1508
66.3239,1508
66.3295,1508
66.3353,1508
66.3408,1508
66.3464,1508
66.3519,1508
66.3574,1508
66.3692,1508
66.3748,1508
66.3803,1508
66.3858,1508
66.3913,1508
66.3968,1508
66.4022,1508
66.4078,1508
66.4133,1508
66.4187,1508
66.4243,1508
66.4298,1508
66.4356,1508
66.4411,1508
66.4467,1508
66.4523,1508
66.4578,1508
66.4633,1508
66.4688,1508
66.4744,1508
66.4798,1508
66.4854,1508
66.491,1508
66.4965,1508
66.502,1508
66.5075,1508
66.513,1508
66.5184,1508
66.5239,1508
66.5294,1508
66.5355,1508
66.541,1508
66.5468,1508
66.5524,1508
66.558,1508
66.5636,1508
66.5691,1508
66.5747,1508
66.5802,1508
66.5857,1508
66.5912,1508
66.5967,1508
66.6023,1508
66.6077,1508
66.6133,1508
66.6188,1508
66.6243,1508
66.6298,1508
66.6352,1508
66.641,1508
66.6466,1508
66.652,1508
66.6576,1508
66.6631,1508
66.6686,1508
66.6742,1508
66.6797,1508
66.6853,1508
66.6907,1508
66.6963,1508
66.7019,1508
66.7074,1508
66.7129,1508
66.7187,1508
66.7242,1508
66.7297,1508
66.7352,1508
66.7409,1508
66.7464,1508
66.7519,1508
66.7575,1508
66.763,1508
66.7685,1508
66.774,1508
66.7794,1508
66.7849,1508
66.7904,1508
66.7959,1508
66.8015,1508
66.807,1508
66.8125,1508
66.818,1508
66.8235,1508
66.829,1508
66.8345,1508
66.8401,1508
66.8459,1508
66.8514,1508
66.8569,1508
66.8624,1508
66.8679,1508
66.8734,1508
66.8851,1508
66.8906,1508
66.8962,1508
66.9017,1508
66.9072,1508
66.9127,1508
66.9182,1508
66.9238,1508
66.9293,1508
66.9347,1508
66.9402,1508
66.946,1508
66.9516,1508
66.957,1508
66.9626,1508
66.9682,1508
66.9736,1508
66.9792,1508
66.9847,1508
66.9903,1508
66.9958,1508
67.0014,1508
67.0069,1508
67.0124,1508
67.0179,1508
67.0233,1508
67.0289,1508
67.0343,1508
67.0398,1508
67.0453,1508
67.0511,1508
67.0566,1508
67.0621,1508
67.0734,1508
67.079,1508
67.0845,1508
67.09,1508
67.0955,1508
67.1011,1508
67.1065,1508
67.1121,1508
67.1175,1508
67.1231,1508
67.1286,1508
67.1342,1508
67.1397,1508
67.1452,1508
67.1511,1508
67.1566,1508
67.1621,1508
67.1677,1508
67.1732,1508
67.1788,1508
67.1843,1508
67.1899,1508
67.1954,1508
67.2009,1508
67.2064,1508
67.212,1508
67.2237,1508
67.2293,1508
67.2349,1508
67.2405,1508
67.246,1508
67.2516,1508
67.2633,1508
67.2688,1508
67.2743,1508
67.2799,1508
67.2854,1508
67.2908,1508
67.2963,1508
67.3018,1508
67.3073,1508
67.3129,1508
67.3183,1508
67.3238,1508
67.3294,1508
67.335,1508
67.3405,1508
67.346,1508
67.3515,1508
67.3573,1508
67.3628,1508
67.3683,1508
67.3739,1508
67.3794,1508
67.3849,1508
67.3905,1508
67.396,1508
67.4015,1508
67.407,1508
67.4125,1508
67.4181,1508
67.4236,1508
67.4291,1508
67.4347,1508
67.4402,1508
67.4458,1508
67.4513,1508
67.457,1508
67.4626,1508
67.4682,1508
67.4738,1508
67.4794,1508
67.4852,1508
67.4908,1508
67.4964,1508
67.5019,1508
67.5074,1508
67.5128,1508
67.5184,1508
67.5238,1508
67.5293,1508
67.5348,1508
67.5404,1508
67.5458,1508
67.5513,1508
67.5569,1508
67.5626,1508
67.5681,1508
67.5737,1508
67.5792,1508
67.5847,1508
67.5903,1508
67.5957,1508
67.6012,1508
67.6067,1508
67.6123,1508
67.6178,1508
67.6233,1508
67.6289,1508
67.6345,1508
67.64,1508
67.6455,1508
67.6511,1508
67.6565,1508
67.6623,1508
67.6678,1508
67.6734,1508
67.6788,1508
67.6843,1508
67.6898,1508
67.6953,1508
67.7008,1508
67.7063,1508
67.7118,1508
67.7174,1508
67.7229,1508
67.7284,1508
67.7339,1508
67.7393,1508
67.7449,1508
67.7504,1508
67.7559,1508
67.7615,1508
67.7673,1508
67.7728,1508
67.7783,1508
67.7838,1508
67.7893,1508
67.7948,1508
67.8003,1508
67.8058,1508
67.8114,1508
67.8169,1508
67.8224,1508
67.8279,1508
67.8334,1508
67.8389,1508
67.8444,1508
67.85,1508
67.8554,1508
67.861,1508
67.8668,1508
67.8723,1508
67.8779,1508
67.8835,1508
67.889,1508
67.8945,1508
67.8999,1508
67.9054,1508
67.9109,1508
67.9164,1508
67.9219,1508
67.9274,1508
67.9329,1508
67.9384,1508
67.944,1508
67.9495,1508
67.955,1508
67.9605,1508
67.9661,1508
67.9719,1508
67.9774,1508
67.9832,1508
67.9887,1508
67.9942,1508
67.9998,1508
68.0053,1508
68.0109,1508
68.0165,1508
68.0221,1508
68.0276,1508
68.0332,1508
68.0387,1508
68.0443,1508
68.0498,1508
68.0553,1508
68.0609,1508
68.0664,1508
68.0726,1508
68.0781,1508
68.0836,1508
68.0891,1508
68.0947,1508
68.1003,1508
68.1058,1508
68.1113,1508
68.1169,1508
68.1223,1508
68.1278,1508
68.1333,1508
68.1389,1508
68.1443,1508
68.1499,1508
68.1554,1508
68.1609,1508
68.1665,1508
68.172,1508
68.178,1508
68.1835,1508
68.189,1508
68.1945,1508
68.2001,1508
68.2056,1508
68.2111,1508
68.2167,1508
68.2222,1508
68.2277,1508
68.2333,1508
68.2389,1508
68.2444,1508
68.25,1508
68.2556,1508
68.261,1508
68.2665,1508
68.272,1508
68.278,1508
68.2836,1508
68.289,1508
68.2945,1508
68.3,1508
68.3056,1508
68.311,1508
68.3165,1508
68.322,1508
68.3275,1508
68.3331,1508
68.3386,1508
68.3441,1508
68.3495,1508
68.355,1508
68.3605,1508
68.366,1508
68.3714,1508
68.377,1508
68.3829,1508
68.3884,1508
68.3939,1508
68.3995,1508
68.405,1508
68.4105,1508
68.416,1508
68.4215,1508
68.427,1508
68.4325,1508
68.4381,1508
68.4436,1508
68.4491,1508
68.4546,1508
68.4602,1508
68.4657,1508
68.4712,1508
68.4768,1508
68.4828,1508
68.4883,1508
68.4938,1508
68.4993,1508
68.5048,1508
68.5103,1508
68.5159,1508
68.5214,1508
68.5269,1508
68.5325,1508
68.538,1508
68.5435,1508
68.5491,1508
68.5546,1508
68.5602,1508
68.5657,1508
68.5712,1508
68.5767,1508
68.5822,1508
68.5883,1508
68.5938,1508
68.5993,1508
68.6048,1508
68.6104,1508
68.6159,1508
68.6215,1508
68.627,1508
68.6326,1508
68.6381,1508
68.6437,1508
68.6492,1508
68.6548,1508
68.6603,1508
68.6657,1508
68.6712,1508
68.6767,1508
68.6822,1508
68.6883,1508
68.6938,1508
68.6993,1508
68.7049,1508
68.7105,1508
68.716,1508
68.7215,1508
68.727,1508
68.7325,1508
68.7381,1508
68.7436,1508
68.7491,1508
68.7547,1508
68.7602,1508
68.7657,1508
68.7712,1508
68.7767,1508
68.7822,1508
68.788,1508
68.7937,1508
68.7992,1508
68.8048,1508
68.8102,1508
68.8157,1508
68.8212,1508
68.8267,1508
68.8322,1508
68.8377,1508
68.8433,1508
68.8487,1508
68.8542,1508
68.8597,1508
68.8652,1508
68.8707,1508
68.8763,1508
68.8819,1508
68.8874,1508
68.8934,1508
68.899,1508
68.9045,1508
68.91,1508
68.9154,1508
68.921,1508
68.9266,1508
68.9321,1508
68.9376,1508
68.9431,1508
68.9487,1508
68.9542,1508
68.9597,1508
68.9653,1508
68.9708,1508
68.9763,1508
68.9818,1508
68.9872,1508
68.993,1508
68.9988,1508
69.0044,1508
69.0098,1508
69.0153,1508
69.0209,1508
69.0263,1508
69.0318,1508
69.0373,1508
69.0428,1508
69.0483,1508
69.0538,1508
69.0592,1508
69.0648,1508
69.0703,1508
69.0758,1508
69.0814,1508
69.0868,1508
69.0924,1508
69.0985,1508
69.1039,1508
69.1094,1508
69.115,1508
69.1205,1508
69.126,1508
69.1315,1508
69.137,1508
69.1426,1508
69.1482,1508
69.1537,1508
69.1592,1508
69.1648,1508
69.1703,1508
69.1757,1508
69.1812,1508
69.1867,1508
69.1922,1508
69.198,1508
69.2038,1508
69.2093,1508
69.2149,1508
69.2204,1508
69.2259,1508
69.2314,1508
69.2369,1508
69.2424,1508
69.2479,1508
69.2534,1508
69.2589,1508
69.2645,1508
69.27,1508
69.2756,1508
69.2811,1508
69.2866,1508
69.2922,1508
69.2977,1508
69.3038,1508
69.3093,1508
69.3148,1508
69.3203,1508
69.3258,1508
69.3313,1508
69.3369,1508
69.3424,1508
69.3479,1508
69.3535,1508
69.359,1508
69.3646,1508
69.3701,1508
69.3757,1508
69.3813,1508
69.3867,1508
69.3922,1508
69.3977,1508
69.4037,1508
69.4092,1508
69.4148,1508
69.4202,1508
69.4257,1508
69.4311,1508
69.4367,1508
69.4423,1508
69.4479,1508
69.4534,1508
69.4589,1508
69.4644,1508
69.4699,1508
69.4755,1508
69.481,1508
69.4865,1508
69.4919,1508
69.4974,1508
69.5029,1508
69.509,1508
69.5144,1508
69.52,1508
69.5256,1508
69.5311,1508
69.5366,1508
69.5422,1508
69.5477,1508
69.5532,1508
69.5587,1508
69.5643,1508
69.5698,1508
69.5753,1508
69.5808,1508
69.5863,1508
69.5919,1508
69.5974,1508
69.603,1508
69.6091,1508
69.6146,1508
69.6202,1508
69.6257,1508
69.6312,1508
69.6367,1508
69.6422,1508
69.6477,1508
69.6533,1508
69.6588,1508
69.6643,1508
69.6699,1508
69.6754,1508
69.6809,1508
69.6864,1508
69.692,1508
69.6975,1508
69.703,1508
69.7086,1508
69.7147,1508
69.7202,1508
69.7257,1508
69.7312,1508
69.7368,1508
69.7423,1508
69.7478,1508
69.7533,1508
69.7588,1508
69.7643,1508
69.7698,1508
69.7753,1508
69.7808,1508
69.7864,1508
69.7919,1508
69.7975,1508
69.803,1508
69.8085,1508
69.8146,1508
69.8201,1508
69.8256,1508
69.8311,1508
69.8365,1508
69.8421,1508
69.8475,1508
69.853,1508
69.8586,1508
69.864,1508
69.8695,1508
69.875,1508
69.8805,1508
69.8861,1508
69.8916,1508
69.8972,1508
69.9027,1508
69.9083,1508
69.9138,1508
69.9198,1508
69.9253,1508
69.9308,1508
69.9363,1508
69.9418,1508
69.9474,1508
69.9529,1508
69.9584,1508
69.964,1508
69.9695,1508
69.9751,1508
69.9805,1508
69.9861,1508
69.9917,1508
69.9972,1508
70.0028,1508
70.0082,1508
70.0137,1508
70.0194,1508
70.025,1508
70.0305,1508
70.036,1508
70.0416,1508
70.0471,1508
70.0527,1508
70.0585,1508
70.0641,1508
70.0696,1508
70.0751,1508
70.0807,1508
70.0862,1508
70.0917,1508
70.0972,1508
70.1026,1508
70.1082,1508
70.1137,1508
70.1195,1508
70.1251,1508
70.1306,1508
70.1362,1508
70.1417,1508
70.1473,1508
70.1528,1508
70.1582,1508
70.1637,1508
70.1692,1508
70.1748,1508
70.1803,1508
70.1858,1508
70.1914,1508
70.1968,1508
70.2024,1508
70.2079,1508
70.2135,1508
70.2191,1508
70.2248,1508
70.2303,1508
70.2358,1508
70.2414,1508
70.2469,1508
70.2525,1508
70.258,1508
70.2636,1508
70.2691,1508
70.2747,1508
70.2803,1508
70.2858,1508
70.2913,1508
70.2968,1508
70.3023,1508
70.3078,1508
70.3133,1508
70.3189,1508
70.3247,1508
70.3302,1508
70.3357,1508
70.3413,1508
70.3468,1508
70.3523,1508
70.3578,1508
70.3632,1508
70.3687,1508
70.3742,1508
70.3798,1508
70.3853,1508
70.3908,1508
70.3962,1508
70.4018,1508
70.4072,1508
70.4127,1508
70.4182,1508
70.4237,1508
70.4295,1508
70.4354,1508
70.4409,1508
70.4464,1508
70.4528,1508
70.4583,1508
70.4638,1508
70.4693,1508
70.4749,1508
70.4803,1508
70.4858,1508
70.4913,1508
70.4968,1508
70.5024,1508
70.5079,1508
70.5135,1508
70.519,1508
70.5245,1508
70.5304,1508
70.536,1508
70.5415,1508
70.547,1508
70.5525,1508
70.558,1508
70.5635,1508
70.569,1508
70.5745,1508
70.58,1508
70.5855,1508
70.5911,1508
70.5966,1508
70.6022,1508
70.6077,1508
70.6133,1508
70.6188,1508
70.6243,1508
70.6298,1508
70.6355,1508
70.641,1508
70.6466,1508
70.6521,1508
70.6576,1508
70.6631,1508
70.6687,1508
70.6742,1508
70.6798,1508
70.6853,1508
70.6908,1508
70.6963,1508
70.7019,1508
70.7074,1508
70.7129,1508
70.7184,1508
70.7239,1508
70.7294,1508
70.7351,1508
70.7407,1508
70.7462,1508
70.7517,1508
70.7573,1508
70.7628,1508
70.7683,1508
70.7738,1508
70.7792,1508
70.7848,1508
70.7904,1508
70.7959,1508
70.8014,1508
70.8069,1508
70.8125,1508
70.818,1508
70.8235,1508
70.829,1508
70.8345,1508
70.8403,1508
70.8459,1508
70.8515,1508
70.857,1508
70.8625,1508
70.868,1508
70.8736,1508
70.8792,1508
70.8846,1508
70.8902,1508
70.8957,1508
70.9015,1508
70.9073,1508
70.9128,1508
70.9183,1508
70.9238,1508
70.9294,1508
70.9349,1508
70.9416,1508
70.9471,1508
70.9526,1508
70.9582,1508
70.9637,1508
70.9692,1508
70.9747,1508
70.9802,1508
70.9857,1508
70.9912,1508
70.9967,1508
71.0022,1508
71.0077,1508
71.0132,1508
71.0187,1508
71.0241,1508
71.0297,1508
71.0351,1508
71.041,1508
71.0465,1508
71.052,1508
71.0575,1508
71.0631,1508
71.0686,1508
71.0741,1508
71.0796,1508
71.0852,1508
71.0907,1508
71.0963,1508
71.1019,1508
71.1074,1508
71.1129,1508
71.1187,1508
71.1242,1508
71.1296,1508
71.1351,1508
71.1407,1508
71.1465,1508
71.152,1508
71.1575,1508
71.163,1508
71.1685,1508
71.174,1508
71.1795,1508
71.185,1508
71.1905,1508
71.196,1508
71.2015,1508
71.207,1508
71.2125,1508
71.218,1508
71.2235,1508
71.229,1508
71.2346,1508
71.2401,1508
71.2459,1508
71.2515,1508
71.257,1508
71.2625,1508
71.2681,1508
71.2736,1508
71.2853,1508
71.2908,1508
71.2963,1508
71.3019,1508
71.3074,1508
71.3129,1508
71.3185,1508
71.324,1508
71.3295,1508
71.335,1508
71.3406,1508
71.346,1508
71.3518,1508
71.3574,1508
71.363,1508
71.3685,1508
71.374,1508
71.3795,1508
71.385,1508
71.3905,1508
71.3961,1508
71.4016,1508
71.4071,1508
71.4126,1508
71.4181,1508
71.4236,1508
71.4291,1508
71.4347,1508
71.4402,1508
71.4457,1508
71.4514,1508
71.4569,1508
71.4625,1508
71.4681,1508
71.4736,1508
71.479,1508
71.4845,1508
71.49,1508
71.4956,1508
71.5011,1508
71.5067,1508
71.5122,1508
71.5178,1508
71.5233,1508
71.5288,1508
71.5343,1508
71.5398,1508
71.5454,1508
71.5509,1508
71.5567,1508
71.5622,1508
71.5677,1508
71.5733,1508
71.5789,1508
71.5843,1508
71.5899,1508
71.5953,1508
71.6008,1508
71.6064,1508
71.6119,1508
71.6175,1508
71.623,1508
71.6285,1508
71.6339,1508
71.6394,1508
71.645,1508
71.6504,1508
71.6562,1508
71.6618,1508
71.6673,1508
71.6728,1508
71.6783,1508
71.6838,1508
71.6893,1508
71.6949,1508
71.7005,1508
71.7059,1508
71.7114,1508
71.7169,1508
71.7224,1508
71.7279,1508
71.7334,1508
71.7389,1508
71.7444,1508
71.75,1508
71.7554,1508
71.7613,1508
71.7668,1508
71.7724,1508
71.7779,1508
71.7835,1508
71.7889,1508
71.7945,1508
71.8,1508
71.8056,1508
71.811,1508
71.8166,1508
71.822,1508
71.8276,1508
71.8331,1508
71.8387,1508
71.8442,1508
71.8497,1508
71.8622,1508
71.8677,1508
71.8733,1508
71.8788,1508
71.8844,1508
71.8899,1508
71.8955,1508
71.901,1508
71.9065,1508
71.912,1508
71.9176,1508
71.9231,1508
71.9287,1508
71.9342,1508
71.9398,1508
71.9453,1508
71.9509,1508
71.9565,1508
71.9619,1508
71.9678,1508
71.9733,1508
71.9788,1508
71.9846,1508
71.9901,1508
71.9957,1508
72.0013,1508
72.0068,1508
72.0123,1508
72.0178,1508
72.0233,1508
72.0288,1508
72.0344,1508
72.0399,1508
72.0454,1508
72.0509,1508
72.0565,1508
72.062,1508
72.0681,1508
72.0736,1508
72.0792,1508
72.0847,1508
72.0902,1508
72.0957,1508
72.1012,1508
72.1066,1508
72.1121,1508
72.1176,1508
72.1231,1508
72.1287,1508
72.1341,1508
72.1397,1508
72.1453,1508
72.1509,1508
72.1563,1508
72.1618,1508
72.1677,1508
72.1734,1508
72.179,1508
72.1846,1508
72.1901,1508
72.1957,1508
72.2012,1508
72.2067,1508
72.2122,1508
72.2177,1508
72.2233,1508
72.2287,1508
72.2343,1508
72.2397,1508
72.2452,1508
72.2508,1508
72.2564,1508
72.262,1508
72.2674,1508
72.2734,1508
72.279,1508
72.2844,1508
72.2899,1508
72.2954,1508
72.3008,1508
72.3064,1508
72.3119,1508
72.3174,1508
72.3229,1508
72.3283,1508
72.3339,1508
72.3394,1508
72.345,1508
72.3505,1508
72.356,1508
72.3614,1508
72.3669,1508
72.3728,1508
72.3785,1508
72.384,1508
72.3895,1508
72.3951,1508
72.4006,1508
72.4062,1508
72.4117,1508
72.4173,1508
72.4229,1508
72.4284,1508
72.4338,1508
72.4394,1508
72.4448,1508
72.4504,1508
72.456,1508
72.4615,1508
72.467,1508
72.4725,1508
72.4786,1508
72.4842,1508
72.4897,1508
72.4953,1508
72.5008,1508
72.5064,1508
72.5119,1508
72.5175,1508
72.523,1508
72.5286,1508
72.5341,1508
72.5396,1508
72.5451,1508
72.5506,1508
72.5561,1508
72.5617,1508
72.5672,1508
72.5729,1508
72.579,1508
72.5845,1508
72.59,1508
72.5955,1508
72.601,1508
72.6065,1508
72.6119,1508
72.6175,1508
72.623,1508
72.6285,1508
72.634,1508
72.6395,1508
72.6451,1508
72.6506,1508
72.6561,1508
72.6616,1508
72.6671,1508
72.6726,1508
72.6781,1508
72.6842,1508
72.6897,1508
72.6952,1508
72.7008,1508
72.7063,1508
72.7119,1508
72.7173,1508
72.7228,1508
72.7283,1508
72.7338,1508
72.7392,1508
72.7448,1508
72.7503,1508
72.7557,1508
72.7612,1508
72.7666,1508
72.7722,1508
72.7777,1508
72.7838,1508
72.7894,1508
72.7949,1508
72.8004,1508
72.8059,1508
72.8114,1508
72.8169,1508
72.8223,1508
72.8279,1508
72.8334,1508
72.8389,1508
72.8443,1508
72.8498,1508
72.8553,1508
72.8608,1508
72.8663,1508
72.8718,1508
72.8773,1508
72.8828,1508
72.8888,1508
72.8942,1508
72.8997,1508
72.9052,1508
72.9107,1508
72.9162,1508
72.9217,1508
72.9272,1508
72.9327,1508
72.9382,1508
72.9437,1508
72.9492,1508
72.9548,1508
72.9603,1508
72.9657,1508
72.9713,1508
72.9768,1508
72.9824,1508
72.9883,1508
72.9939,1508
72.9994,1508
73.005,1508
73.0105,1508
73.0159,1508
73.0215,1508
73.0271,1508
73.0327,1508
73.0381,1508
73.0436,1508
73.0492,1508
73.0547,1508
73.0602,1508
73.0657,1508
73.0712,1508
73.0768,1508
73.0823,1508
73.0879,1508
73.094,1508
73.0994,1508
73.105,1508
73.1105,1508
73.116,1508
73.1215,1508
73.1271,1508
73.1325,1508
73.138,1508
73.1435,1508
73.1491,1508
73.1546,1508
73.16,1508
73.1656,1508
73.1711,1508
73.1766,1508
73.1822,1508
73.1877,1508
73.1937,1508
73.1992,1508
73.2047,1508
73.2102,1508
73.2158,1508
73.2213,1508
73.2269,1508
73.2324,1508
73.2379,1508
73.2435,1508
73.249,1508
73.2545,1508
73.26,1508
73.2655,1508
73.271,1508
73.2766,1508
73.282,1508
73.2875,1508
73.293,1508
73.299,1508
73.3045,1508
73.3101,1508
73.3156,1508
73.3211,1508
73.3266,1508
73.3321,1508
73.3376,1508
73.3431,1508
73.3487,1508
73.3542,1508
73.3598,1508
73.3653,1508
73.3708,1508
73.3763,1508
73.3818,1508
73.3874,1508
73.3929,1508
73.399,1508
73.4046,1508
73.4102,1508
73.4156,1508
73.4212,1508
73.4266,1508
73.4321,1508
73.4376,1508
73.4431,1508
73.4487,1508
73.4542,1508
73.4597,1508
73.4652,1508
73.4707,1508
73.4762,1508
73.4817,1508
73.4872,1508
73.4928,1508
73.4986,1508
73.5043,1508
73.5099,1508
73.5153,1508
73.5208,1508
73.5264,1508
73.5319,1508
73.5374,1508
73.543,1508
73.5485,1508
73.554,1508
73.5595,1508
73.5649,1508
73.5704,1508
73.5759,1508
73.5814,1508
73.587,1508
73.5925,1508
73.5981,1508
73.6042,1508
73.6098,1508
73.6153,1508
73.6209,1508
73.6264,1508
73.6319,1508
73.6375,1508
73.6429,1508
73.6484,1508
73.6539,1508
73.6594,1508
73.665,1508
73.6705,1508
73.6761,1508
73.6816,1508
73.6871,1508
73.6926,1508
73.6981,1508
73.7038,1508
73.7096,1508
73.715,1508
73.7206,1508
73.7261,1508
73.7316,1508
73.7371,1508
73.7427,1508
73.7483,1508
73.7538,1508
73.7593,1508
73.7649,1508
73.7704,1508
73.7758,1508
73.7813,1508
73.7868,1508
73.7924,1508
73.798,1508
73.8035,1508
73.8096,1508
73.8152,1508
73.8207,1508
73.8262,1508
73.8318,1508
73.8373,1508
73.8428,1508
73.8483,1508
73.8538,1508
73.8593,1508
73.8649,1508
73.8703,1508
73.8758,1508
73.8813,1508
73.8868,1508
73.8923,1508
73.8979,1508
73.9034,1508
73.9093,1508
73.9148,1508
73.9204,1508
73.9258,1508
73.9313,1508
73.9368,1508
73.9424,1508
73.9479,1508
73.9534,1508
73.9589,1508
73.9644,1508
73.9699,1508
73.9754,1508
73.9809,1508
73.9864,1508
73.9919,1508
73.9974,1508
74.0028,1508
74.0084,1508
74.0142,1508
74.0197,1508
74.0251,1508
74.0306,1508
74.0362,1508
74.0417,1508
74.0473,1508
74.0527,1508
74.0582,1508
74.0637,1508
74.0692,1508
74.0746,1508
74.0802,1508
74.0857,1508
74.0912,1508
74.0967,1508
74.1023,1508
74.1078,1508
74.1136,1508
74.1191,1508
74.1245,1508
74.13,1508
74.1355,1508
74.1411,1508
74.1466,1508
74.1521,1508
74.1576,1508
74.1631,1508
74.1686,1508
74.1741,1508
74.1797,1508
74.1852,1508
74.1907,1508
74.1963,1508
74.2018,1508
74.2074,1508
74.2128,1508
74.2187,1508
74.2242,1508
74.2297,1508
74.2352,1508
74.2408,1508
74.2462,1508
74.2518,1508
74.2573,1508
74.2628,1508
74.2683,1508
74.2739,1508
74.2794,1508
74.2849,1508
74.2903,1508
74.2959,1508
74.3014,1508
74.3072,1508
74.313,1508
74.3187,1508
74.3242,1508
74.3303,1508
74.3358,1508
74.3413,1508
74.3468,1508
74.3522,1508
74.3577,1508
74.3632,1508
74.3687,1508
74.3743,1508
74.3798,1508
74.3853,1508
74.3909,1508
74.3964,1508
74.4019,1508
74.4074,1508
74.4128,1508
74.4184,1508
74.4243,1508
74.4298,1508
74.4354,1508
74.4408,1508
74.4464,1508
74.4519,1508
74.4573,1508
74.4629,1508
74.4684,1508
74.474,1508
74.4795,1508
74.4851,1508
74.4905,1508
74.4961,1508
74.5016,1508
74.5072,1508
74.5127,1508
74.5181,1508
74.5239,1508
74.5294,1508
74.5349,1508
74.5404,1508
74.546,1508
74.5515,1508
74.557,1508
74.5626,1508
74.5681,1508
74.5737,1508
74.5792,1508
74.5846,1508
74.5902,1508
74.5957,1508
74.6013,1508
74.6068,1508
74.6123,1508
74.6178,1508
74.6233,1508
74.6292,1508
74.6347,1508
74.6403,1508
74.6458,1508
74.6513,1508
74.6568,1508
74.6623,1508
74.6679,1508
74.6734,1508
74.679,1508
74.6845,1508
74.6901,1508
74.6959,1508
74.7017,1508
74.7075,1508
74.713,1508
74.7186,1508
74.7241,1508
74.73,1508
74.7355,1508
74.741,1508
74.7465,1508
74.752,1508
74.7576,1508
74.7631,1508
74.7686,1508
74.7741,1508
74.7795,1508
74.7851,1508
74.7905,1508
74.796,1508
74.8015,1508
74.807,1508
74.8126,1508
74.818,1508
74.8236,1508
74.8291,1508
74.8349,1508
74.8404,1508
74.8459,1508
74.8513,1508
74.8569,1508
74.8624,1508
74.8679,1508
74.8735,1508
74.8789,1508
74.8845,1508
74.89,1508
74.9017,1508
74.9073,1508
74.9127,1508
74.9183,1508
74.9238,1508
74.9294,1508
74.9352,1508
74.9406,1508
74.9462,1508
74.9517,1508
74.9572,1508
74.9628,1508
74.9684,1508
74.974,1508
74.9795,1508
74.985,1508
74.9905,1508
74.996,1508
75.0016,1508
75.0071,1508
75.0126,1508
75.0181,1508
75.0236,1508
75.0291,1508
75.0349,1508
75.0403,1508
75.0459,1508
75.0514,1508
75.057,1508
75.0625,1508
75.0737,1508
75.0793,1508
75.0848,1508
75.0904,1508
75.0959,1508
75.1013,1508
75.1072,1508
75.1127,1508
75.1182,1508
75.1238,1508
75.1293,1508
75.1348,1508
75.1406,1508
75.1461,1508
75.1516,1508
75.1572,1508
75.1627,1508
75.1682,1508
75.1737,1508
75.1793,1508
75.1847,1508
75.1902,1508
75.1957,1508
75.2013,1508
75.2068,1508
75.2124,1508
75.2179,1508
75.2234,1508
75.2289,1508
75.2344,1508
75.2406,1508
75.2461,1508
75.2515,1508
75.2571,1508
75.2626,1508
75.268,1508
75.2736,1508
75.2791,1508
75.2846,1508
75.29,1508
75.2956,1508
75.3012,1508
75.3067,1508
75.3122,1508
75.3177,1508
75.3232,1508
75.3288,1508
75.3342,1508
75.3397,1508
75.3455,1508
75.351,1508
75.3566,1508
75.3621,1508
75.3675,1508
75.373,1508
75.3785,1508
75.3841,1508
75.3896,1508
75.3952,1508
75.4007,1508
75.4062,1508
75.4117,1508
75.4173,1508
75.4228,1508
75.4282,1508
75.4337,1508
75.4393,1508
75.445,1508
75.4506,1508
75.4561,1508
75.4617,1508
75.4672,1508
75.4727,1508
75.4782,1508
75.4836,1508
75.4891,1508
75.4946,1508
75.5001,1508
75.5056,1508
75.5111,1508
75.5166,1508
75.5221,1508
75.5276,1508
75.5331,1508
75.5387,1508
75.5441,1508
75.5499,1508
75.5555,1508
75.561,1508
75.5666,1508
75.5721,1508
75.5779,1508
75.5838,1508
75.5893,1508
75.5947,1508
75.6006,1508
75.6063,1508
75.6119,1508
75.6174,1508
75.623,1508
75.6284,1508
75.634,1508
75.6395,1508
75.645,1508
75.6508,1508
75.6563,1508
75.6618,1508
75.6674,1508
75.6729,1508
75.6784,1508
75.684,1508
75.6894,1508
75.6949,1508
75.7004,1508
75.706,1508
75.7115,1508
75.717,1508
75.7225,1508
75.7281,1508
75.7335,1508
75.7391,1508
75.7446,1508
75.7502,1508
75.756,1508
75.7614,1508
75.7672,1508
75.7726,1508
75.7785,1508
75.784,1508
75.7895,1508
75.7951,1508
75.8006,1508
75.8061,1508
75.812,1508
75.8174,1508
75.8229,1508
75.8284,1508
75.8339,1508
75.8395,1508
75.845,1508
75.8505,1508
75.8562,1508
75.8618,1508
75.8673,1508
75.8728,1508
75.8783,1508
75.8838,1508
75.8893,1508
75.8949,1508
75.9005,1508
75.9059,1508
75.9114,1508
75.9169,1508
75.9224,1508
75.9279,1508
75.9335,1508
75.939,1508
75.9448,1508
75.9503,1508
75.9561,1508
75.962,1508
75.9674,1508
75.973,1508
75.9786,1508
75.9841,1508
75.9896,1508
75.9951,1508
76.0006,1508
76.0062,1508
76.0117,1508
76.0173,1508
76.0227,1508
76.0283,1508
76.0337,1508
76.0393,1508
76.0447,1508
76.0503,1508
76.0559,1508
76.062,1508
76.0674,1508
76.073,1508
76.0785,1508
76.084,1508
76.0896,1508
76.0951,1508
76.1006,1508
76.1062,1508
76.1117,1508
76.1173,1508
76.1229,1508
76.1284,1508
76.1339,1508
76.1393,1508
76.1448,1508
76.1503,1508
76.1559,1508
76.1617,1508
76.1675,1508
76.1731,1508
76.1786,1508
76.1841,1508
76.1897,1508
76.1952,1508
76.2008,1508
76.2064,1508
76.212,1508
76.2175,1508
76.223,1508
76.2286,1508
76.234,1508
76.2396,1508
76.2451,1508
76.2506,1508
76.2561,1508
76.2616,1508
76.2678,1508
76.2733,1508
76.2789,1508
76.2844,1508
76.2899,1508
76.2954,1508
76.301,1508
76.3065,1508
76.312,1508
76.3175,1508
76.323,1508
76.3286,1508
76.3341,1508
76.3396,1508
76.3451,1508
76.3506,1508
76.3561,1508
76.3617,1508
76.3677,1508
76.3733,1508
76.3787,1508
76.3842,1508
76.3897,1508
76.3952,1508
76.4007,1508
76.4062,1508
76.4117,1508
76.4172,1508
76.4228,1508
76.4282,1508
76.4337,1508
76.4392,1508
76.4448,1508
76.4503,1508
76.4559,1508
76.4614,1508
76.4669,1508
76.473,1508
76.4785,1508
76.484,1508
76.4896,1508
76.4952,1508
76.5007,1508
76.5062,1508
76.5116,1508
76.5171,1508
76.5226,1508
76.5281,1508
76.5336,1508
76.5391,1508
76.5447,1508
76.5502,1508
76.5557,1508
76.5613,1508
76.5668,1508
76.5728,1508
76.5783,1508
76.5839,1508
76.5894,1508
76.5949,1508
76.6004,1508
76.6059,1508
76.6114,1508
76.617,1508
76.6225,1508
76.628,1508
76.6335,1508
76.6391,1508
76.6446,1508
76.6501,1508
76.6557,1508
76.6612,1508
76.6666,1508
76.6721,1508
76.6781,1508
76.6837,1508
76.6892,1508
76.6947,1508
76.7003,1508
76.7057,1508
76.7112,1508
76.7167,1508
76.7222,1508
76.7278,1508
76.7336,1508
76.7392,1508
76.7447,1508
76.7503,1508
76.7558,1508
76.7613,1508
76.7668,1508
76.7723,1508
76.7784,1508
76.7839,1508
76.7895,1508
76.7951,1508
76.8006,1508
76.8061,1508
76.8117,1508
76.8172,1508
76.8228,1508
76.8283,1508
76.8338,1508
76.8393,1508
76.8448,1508
76.8503,1508
76.8557,1508
76.8613,1508
76.8668,1508
76.8724,1508
76.8781,1508
76.8839,1508
76.8895,1508
76.895,1508
76.9005,1508
76.9061,1508
76.9117,1508
76.9172,1508
76.9227,1508
76.9283,1508
76.9338,1508
76.9393,1508
76.9448,1508
76.9503,1508
76.9559,1508
76.9614,1508
76.9669,1508
76.9724,1508
76.9779,1508
76.9838,1508
76.9893,1508
76.9948,1508
77.0004,1508
77.0059,1508
77.0114,1508
77.017,1508
77.0225,1508
77.0279,1508
77.0334,1508
77.0389,1508
77.0445,1508
77.05,1508
77.0556,1508
77.0611,1508
77.0667,1508
77.0722,1508
77.0778,1508
77.0835,1508
77.0893,1508
77.0949,1508
77.1004,1508
77.106,1508
77.1115,1508
77.1171,1508
77.1226,1508
77.1282,1508
77.1338,1508
77.1393,1508
77.1448,1508
77.1503,1508
77.1559,1508
77.1614,1508
77.1669,1508
77.1725,1508
77.178,1508
77.1835,1508
77.1895,1508
77.1951,1508
77.2006,1508
77.2061,1508
77.2117,1508
77.2171,1508
77.2227,1508
77.2281,1508
77.2337,1508
77.2392,1508
77.2447,1508
77.2502,1508
77.2557,1508
77.2613,1508
77.2668,1508
77.2724,1508
77.278,1508
77.2835,1508
77.2895,1508
77.295,1508
77.3005,1508
77.3061,1508
77.3116,1508
77.3172,1508
77.3227,1508
77.3282,1508
77.3336,1508
77.3392,1508
77.3447,1508
77.3501,1508
77.3557,1508
77.3612,1508
77.3668,1508
77.3723,1508
77.3779,1508
77.3834,1508
77.389,1508
77.395,1508
77.4005,1508
77.406,1508
77.4116,1508
77.4171,1508
77.4227,1508
77.4282,1508
77.4337,1508
77.4393,1508
77.4448,1508
77.4505,1508
77.4559,1508
77.4614,1508
77.4669,1508
77.4725,1508
77.478,1508
77.4835,1508
77.4889,1508
77.495,1508
77.5006,1508
77.506,1508
77.5116,1508
77.5172,1508
77.5227,1508
77.5282,1508
77.5338,1508
77.5393,1508
77.5448,1508
77.5503,1508
77.5558,1508
77.5612,1508
77.5667,1508
77.5723,1508
77.5778,1508
77.5833,1508
77.5888,1508
77.5946,1508
77.6004,1508
77.6058,1508
77.6113,1508
77.6169,1508
77.6224,1508
77.6278,1508
77.6333,1508
77.6389,1508
77.6444,1508
77.65,1508
77.6556,1508
77.6611,1508
77.6666,1508
77.6721,1508
77.6777,1508
77.6832,1508
77.6886,1508
77.6942,1508
77.7002,1508
77.7058,1508
77.7113,1508
77.7168,1508
77.7223,1508
77.7279,1508
77.7334,1508
77.739,1508
77.7445,1508
77.7501,1508
77.7555,1508
77.761,1508
77.7666,1508
77.7721,1508
77.7776,1508
77.7831,1508
77.7886,1508
77.7942,1508
77.8001,1508
77.8059,1508
77.8113,1508
77.8168,1508
77.8223,1508
77.8278,1508
77.8332,1508
77.8387,1508
77.8442,1508
77.8496,1508
77.8552,1508
77.8607,1508
77.8663,1508
77.8718,1508
77.8774,1508
77.8829,1508
77.8885,1508
77.894,1508
77.8995,1508
77.9056,1508
77.9111,1508
77.9166,1508
77.9221,1508
77.9276,1508
77.9331,1508
77.9387,1508
77.9443,1508
77.9497,1508
77.9552,1508
77.9606,1508
77.9662,1508
77.9717,1508
77.9772,1508
77.9828,1508
77.9883,1508
77.9939,1508
77.9993,1508
78.0053,1508
78.0108,1508
78.0162,1508
78.0218,1508
78.0272,1508
78.0327,1508
78.0382,1508
78.0437,1508
78.0493,1508
78.0548,1508
78.0603,1508
78.0659,1508
78.0713,1508
78.0768,1508
78.0824,1508
78.0879,1508
78.0935,1508
78.099,1508
78.1045,1508
78.1105,1508
78.116,1508
78.1216,1508
78.1271,1508
78.1327,1508
78.1381,1508
78.1437,1508
78.1492,1508
78.1547,1508
78.1603,1508
78.1659,1508
78.1714,1508
78.177,1508
78.1824,1508
78.188,1508
78.1935,1508
78.199,1508
78.2045,1508
78.2106,1508
78.2161,1508
78.2217,1508
78.2273,1508
78.2328,1508
78.2382,1508
78.2437,1508
78.2493,1508
78.2549,1508
78.2604,1508
78.266,1508
78.2715,1508
78.277,1508
78.2825,1508
78.288,1508
78.2935,1508
78.299,1508
78.3046,1508
78.3101,1508
78.3161,1508
78.3216,1508
78.3271,1508
78.3326,1508
78.338,1508
78.3436,1508
78.3491,1508
78.3546,1508
78.3602,1508
78.3657,1508
78.3712,1508
78.3766,1508
78.3821,1508
78.3877,1508
78.3932,1508
78.3987,1508
78.4043,1508
78.4098,1508
78.4159,1508
78.4214,1508
78.4269,1508
78.4324,1508
78.4379,1508
78.4434,1508
78.4489,1508
78.4543,1508
78.4599,1508
78.4654,1508
78.4708,1508
78.4764,1508
78.4819,1508
78.4875,1508
78.493,1508
78.4985,1508
78.504,1508
78.5096,1508
78.5151,1508
78.5212,1508
78.5268,1508
78.5323,1508
78.5378,1508
78.5432,1508
78.5487,1508
78.5543,1508
78.5598,1508
78.5653,1508
78.5708,1508
78.5764,1508
78.5819,1508
78.5874,1508
78.5928,1508
78.5984,1508
78.6039,1508
78.6094,1508
78.6148,1508
78.6209,1508
78.6265,1508
78.632,1508
78.6376,1508
78.6431,1508
78.6486,1508
78.6541,1508
78.6596,1508
78.6651,1508
78.6706,1508
78.6761,1508
78.6816,1508
78.6872,1508
78.6927,1508
78.6983,1508
78.7037,1508
78.7093,1508
78.7148,1508
78.7204,1508
78.7264,1508
78.7319,1508
78.7374,1508
78.7429,1508
78.7485,1508
78.7539,1508
78.7595,1508
78.7649,1508
78.7705,1508
78.776,1508
78.7815,1508
78.787,1508
78.7924,1508
78.798,1508
78.8035,1508
78.8091,1508
78.8146,1508
78.8201,1508
78.8262,1508
78.8317,1508
78.8373,1508
78.8427,1508
78.8482,1508
78.8537,1508
78.8591,1508
78.8647,1508
78.8702,1508
78.8756,1508
78.8811,1508
78.8866,1508
78.8922,1508
78.8977,1508
78.9032,1508
78.9088,1508
78.9143,1508
78.9198,1508
78.9256,1508
78.9314,1508
78.9369,1508
78.9425,1508
78.948,1508
78.9536,1508
78.959,1508
78.9646,1508
78.9701,1508
78.9756,1508
78.9811,1508
78.9867,1508
78.9922,1508
78.9977,1508
79.0032,1508
79.0087,1508
79.0141,1508
79.0196,1508
79.0251,1508
79.0312,1508
79.0367,1508
79.0422,1508
79.0477,1508
79.0532,1508
79.0587,1508
79.0642,1508
79.0697,1508
79.0752,1508
79.0808,1508
79.0862,1508
79.0918,1508
79.0973,1508
79.1029,1508
79.1084,1508
79.1139,1508
79.1194,1508
79.1249,1508
79.1308,1508
79.1366,1508
79.1421,1508
79.1477,1508
79.1531,1508
79.1587,1508
79.1642,1508
79.1697,1508
79.1752,1508
79.1807,1508
79.1863,1508
79.1918,1508
79.1974,1508
79.2029,1508
79.2085,1508
79.2141,1508
79.2197,1508
79.2252,1508
79.2308,1508
79.2368,1508
79.2423,1508
79.2478,1508
79.2533,1508
79.2588,1508
79.2643,1508
79.2698,1508
79.2754,1508
79.2808,1508
79.2863,1508
79.2919,1508
79.2974,1508
79.3029,1508
79.3084,1508
79.3139,1508
79.3195,1508
79.325,1508
79.3305,1508
79.3364,1508
79.3421,1508
79.3477,1508
79.3532,1508
79.3588,1508
79.3643,1508
79.3698,1508
79.3753,1508
79.3808,1508
79.3864,1508
79.3919,1508
79.3974,1508
79.4029,1508
79.4085,1508
79.414,1508
79.4195,1508
79.425,1508
79.4306,1508
79.4361,1508
79.4421,1508
79.4476,1508
79.4531,1508
79.4586,1508
79.4642,1508
79.4698,1508
79.4752,1508
79.4807,1508
79.4863,1508
79.4918,1508
79.4974,1508
79.5028,1508
79.5083,1508
79.5139,1508
79.5193,1508
79.5248,1508
79.5303,1508
79.5359,1508
79.542,1508
79.5476,1508
79.553,1508
79.5586,1508
79.5642,1508
79.5697,1508
79.5753,1508
79.5807,1508
79.5863,1508
79.5918,1508
79.5972,1508
79.6027,1508
79.6082,1508
79.6137,1508
79.6193,1508
79.6247,1508
79.6303,1508
79.6358,1508
79.6413,1508
79.6474,1508
79.6529,1508
79.6583,1508
79.6638,1508
79.6693,1508
79.6748,1508
79.6803,1508
79.6858,1508
79.6913,1508
79.6968,1508
79.7024,1508
79.7079,1508
79.7133,1508
79.7189,1508
79.7244,1508
79.7299,1508
79.736,1508
79.7414,1508
79.7473,1508
79.7529,1508
79.7584,1508
79.7639,1508
79.7694,1508
79.775,1508
79.7805,1508
79.786,1508
79.7915,1508
79.7969,1508
79.8024,1508
79.808,1508
79.8135,1508
79.819,1508
79.8246,1508
79.8301,1508
79.8356,1508
79.8411,1508
79.8466,1508
79.8527,1508
79.8581,1508
79.8637,1508
79.8693,1508
79.8748,1508
79.8803,1508
79.8859,1508
79.8915,1508
79.897,1508
79.9025,1508
79.908,1508
79.9135,1508
79.919,1508
79.9244,1508
79.9299,1508
79.9355,1508
79.9411,1508
79.9465,1508
79.9526,1508
79.9581,1508
79.9636,1508
79.9691,1508
79.9747,1508
79.9802,1508
79.9858,1508
79.9913,1508
79.9968,1508
80.0023,1508
80.0078,1508
80.0134,1508
80.0189,1508
80.0244,1508
80.0299,1508
80.0354,1508
80.041,1508
80.0464,1508
80.0522,1508
80.0578,1508
80.0634,1508
80.0689,1508
80.0743,1508
80.0798,1508
80.0854,1508
80.0909,1508
80.0964,1508
80.1019,1508
80.1075,1508
80.113,1508
80.1186,1508
80.1241,1508
80.1297,1508
80.1353,1508
80.1408,1508
80.1463,1508
80.1519,1508
80.1577,1508
80.1632,1508
80.1687,1508
80.1742,1508
80.1797,1508
80.1852,1508
80.1906,1508
80.1965,1508
80.2022,1508
80.2078,1508
80.2134,1508
80.2188,1508
80.2244,1508
80.2298,1508
80.2353,1508
80.2409,1508
80.2464,1508
80.252,1508
80.2578,1508
80.2633,1508
80.2687,1508
80.2743,1508
80.2798,1508
80.2853,1508
80.2908,1508
80.2964,1508
80.3019,1508
80.3074,1508
80.313,1508
80.3185,1508
80.324,1508
80.3295,1508
80.335,1508
80.3406,1508
80.3461,1508
80.3515,1508
80.357,1508
80.3628,1508
80.3684,1508
80.3738,1508
80.3793,1508
80.3848,1508
80.3904,1508
80.3959,1508
80.4021,1508
80.4076,1508
80.4132,1508
80.4187,1508
80.4242,1508
80.4298,1508
80.4353,1508
80.4408,1508
80.4463,1508
80.4518,1508
80.4573,1508
80.4631,1508
80.4686,1508
80.4741,1508
80.4795,1508
80.4851,1508
80.4907,1508
80.4962,1508
80.5017,1508
80.5072,1508
80.5127,1508
80.5182,1508
80.5237,1508
80.5293,1508
80.5348,1508
80.5403,1508
80.5458,1508
80.5513,1508
80.5567,1508
80.5622,1508
80.568,1508
80.5735,1508
80.5791,1508
80.5848,1508
80.5903,1508
80.5959,1508
80.6014,1508
80.6068,1508
80.6124,1508
80.6178,1508
80.6234,1508
80.629,1508
80.6345,1508
80.64,1508
80.6455,1508
80.651,1508
80.6565,1508
80.662,1508
80.6679,1508
80.6734,1508
80.6789,1508
80.6844,1508
80.6899,1508
80.6954,1508
80.7009,1508
80.7064,1508
80.712,1508
80.7174,1508
80.723,1508
80.7285,1508
80.7341,1508
80.7458,1508
80.7514,1508
80.7569,1508
80.7624,1508
80.7679,1508
80.7737,1508
80.7792,1508
80.7848,1508
80.7902,1508
80.7958,1508
80.8013,1508
80.8068,1508
80.8123,1508
80.8179,1508
80.8234,1508
80.8289,1508
80.8344,1508
80.84,1508
80.8454,1508
80.851,1508
80.8565,1508
80.862,1508
80.8676,1508
80.8734,1508
80.879,1508
80.8844,1508
80.89,1508
80.8955,1508
80.901,1508
80.9065,1508
80.9121,1508
80.9237,1508
80.9293,1508
80.9348,1508
80.9403,1508
80.9457,1508
80.9512,1508
80.9568,1508
80.9623,1508
80.9678,1508
80.9737,1508
80.9792,1508
80.9847,1508
80.9902,1508
80.9957,1508
81.0011,1508
81.0067,1508
81.0122,1508
81.0176,1508
81.0231,1508
81.0286,1508
81.0344,1508
81.0399,1508
81.0454,1508
81.051,1508
81.0564,1508
81.0619,1508
81.0675,1508
81.073,1508
81.0788,1508
81.0844,1508
81.0898,1508
81.0953,1508
81.1008,1508
81.1067,1508
81.1125,1508
81.118,1508
81.1235,1508
81.129,1508
81.1345,1508
81.1399,1508
81.1454,1508
81.1509,1508
81.1564,1508
81.162,1508
81.1674,1508
81.1729,1508
81.1787,1508
81.1842,1508
81.1898,1508
81.1953,1508
81.2007,1508
81.2063,1508
81.2119,1508
81.2175,1508
81.2229,1508
81.2285,1508
81.234,1508
81.2395,1508
81.2451,1508
81.2506,1508
81.2561,1508
81.2616,1508
81.2672,1508
81.2727,1508
81.2782,1508
81.284,1508
81.2895,1508
81.295,1508
81.3005,1508
81.306,1508
81.3115,1508
81.3171,1508
81.3225,1508
81.328,1508
81.3336,1508
81.3391,1508
81.3446,1508
81.3502,1508
81.3557,1508
81.3613,1508
81.3667,1508
81.3722,1508
81.3777,1508
81.3835,1508
81.389,1508
81.3945,1508
81.4,1508
81.4055,1508
81.411,1508
81.4165,1508
81.422,1508
81.4274,1508
81.433,1508
81.4385,1508
81.444,1508
81.4496,1508
81.455,1508
81.4605,1508
81.4661,1508
81.4716,1508
81.4772,1508
81.4836,1508
81.4894,1508
81.4949,1508
81.5004,1508
81.5059,1508
81.5114,1508
81.5169,1508
81.5225,1508
81.528,1508
81.5335,1508
81.5391,1508
81.5446,1508
81.5501,1508
81.5557,1508
81.5612,1508
81.5668,1508
81.5723,1508
81.5777,1508
81.5833,1508
81.5891,1508
81.5945,1508
81.6,1508
81.6055,1508
81.611,1508
81.6165,1508
81.622,1508
81.6276,1508
81.6331,1508
81.6387,1508
81.6442,1508
81.6498,1508
81.6553,1508
81.6609,1508
81.6663,1508
81.6719,1508
81.6774,1508
81.6828,1508
81.6883,1508
81.6941,1508
81.6996,1508
81.7051,1508
81.7106,1508
81.7161,1508
81.7216,1508
81.7271,1508
81.7327,1508
81.7383,1508
81.7438,1508
81.7493,1508
81.7549,1508
81.7603,1508
81.7659,1508
81.7714,1508
81.777,1508
81.7825,1508
81.788,1508
81.7938,1508
81.8057,1508
81.8112,1508
81.817,1508
81.8226,1508
81.8281,1508
81.8337,1508
81.8392,1508
81.8448,1508
81.8503,1508
81.8558,1508
81.8614,1508
81.8668,1508
81.8723,1508
81.8778,1508
81.8833,1508
81.8889,1508
81.8945,1508
81.9003,1508
81.9058,1508
81.9114,1508
81.9169,1508
81.9224,1508
81.9279,1508
81.9334,1508
81.9389,1508
81.9444,1508
81.9499,1508
81.9554,1508
81.961,1508
81.9666,1508
81.9721,1508
81.9776,1508
81.9833,1508
81.9888,1508
81.9943,1508
82.0004,1508
82.006,1508
82.0115,1508
82.0169,1508
82.0225,1508
82.028,1508
82.0335,1508
82.039,1508
82.0445,1508
82.05,1508
82.0555,1508
82.0609,1508
82.0665,1508
82.072,1508
82.0775,1508
82.083,1508
82.0886,1508
82.0941,1508
82.0996,1508
82.1056,1508
82.111,1508
82.1165,1508
82.122,1508
82.1274,1508
82.133,1508
82.1386,1508
82.1441,1508
82.1495,1508
82.155,1508
82.1607,1508
82.1663,1508
82.1718,1508
82.1772,1508
82.1827,1508
82.1882,1508
82.1938,1508
82.1993,1508
82.2053,1508
82.2108,1508
82.2163,1508
82.2218,1508
82.2272,1508
82.2327,1508
82.2382,1508
82.2437,1508
82.2493,1508
82.2547,1508
82.2602,1508
82.2656,1508
82.2712,1508
82.2767,1508
82.2822,1508
82.2878,1508
82.2933,1508
82.2988,1508
82.3044,1508
82.3104,1508
82.316,1508
82.3216,1508
82.3271,1508
82.3327,1508
82.3382,1508
82.3438,1508
82.3492,1508
82.3547,1508
82.3602,1508
82.3657,1508
82.3711,1508
82.3766,1508
82.3821,1508
82.3875,1508
82.3931,1508
82.3986,1508
82.4041,1508
82.4102,1508
82.4157,1508
82.4213,1508
82.4268,1508
82.4323,1508
82.4378,1508
82.4434,1508
82.4489,1508
82.4544,1508
82.4599,1508
82.4655,1508
82.471,1508
82.4765,1508
82.4821,1508
82.4876,1508
82.4931,1508
82.4986,1508
82.5041,1508
82.5099,1508
82.5157,1508
82.5213,1508
82.5268,1508
82.5322,1508
82.5377,1508
82.5432,1508
82.5487,1508
82.5542,1508
82.5598,1508
82.5653,1508
82.5708,1508
82.5764,1508
82.582,1508
82.5876,1508
82.5931,1508
82.5987,1508
82.6043,1508
82.6099,1508
82.6159,1508
82.6214,1508
82.6269,1508
82.6324,1508
82.6379,1508
82.6435,1508
82.649,1508
82.6546,1508
82.6602,1508
82.6657,1508
82.6712,1508
82.6768,1508
82.6822,1508
82.6877,1508
82.6932,1508
82.6987,1508
82.7043,1508
82.7098,1508
82.7156,1508
82.7214,1508
82.7269,1508
82.7325,1508
82.738,1508
82.7434,1508
82.7489,1508
82.7545,1508
82.76,1508
82.7654,1508
82.771,1508
82.7766,1508
82.7821,1508
82.7876,1508
82.793,1508
82.7986,1508
82.8041,1508
82.8097,1508
82.8153,1508
82.8214,1508
82.827,1508
82.8325,1508
82.838,1508
82.8435,1508
82.8491,1508
82.8546,1508
82.86,1508
82.8655,1508
82.8711,1508
82.8766,1508
82.8821,1508
82.8876,1508
82.8931,1508
82.8986,1508
82.9041,1508
82.9096,1508
82.9152,1508
82.9212,1508
82.9266,1508
82.9322,1508
82.9376,1508
82.9432,1508
82.9487,1508
82.9541,1508
82.9597,1508
82.9652,1508
82.9707,1508
82.9763,1508
82.9818,1508
82.9872,1508
82.9928,1508
82.9982,1508
83.0038,1508
83.0092,1508
83.0148,1508
83.0204,1508
83.0264,1508
83.032,1508
83.0376,1508
83.043,1508
83.0486,1508
83.054,1508
83.0596,1508
83.0651,1508
83.0706,1508
83.0761,1508
83.0817,1508
83.0872,1508
83.0928,1508
83.0983,1508
83.1039,1508
83.1095,1508
83.1151,1508
83.1206,1508
83.1268,1508
83.1323,1508
83.1378,1508
83.1433,1508
83.1488,1508
83.1543,1508
83.1598,1508
83.1654,1508
83.1709,1508
83.1764,1508
83.1819,1508
83.1875,1508
83.1931,1508
83.1986,1508
83.2041,1508
83.2096,1508
83.215,1508
83.2205,1508
83.2264,1508
83.2321,1508
83.2376,1508
83.2431,1508
83.2487,1508
83.2543,1508
83.2598,1508
83.2654,1508
83.2709,1508
83.2764,1508
83.282,1508
83.2875,1508
83.293,1508
83.2985,1508
83.304,1508
83.3095,1508
83.315,1508
83.3206,1508
83.3261,1508
83.3322,1508
83.3377,1508
83.3432,1508
83.3487,1508
83.3542,1508
83.3597,1508
83.3653,1508
83.3708,1508
83.3763,1508
83.3817,1508
83.3873,1508
83.3929,1508
83.3985,1508
83.404,1508
83.4096,1508
83.4151,1508
83.4206,1508
83.4261,1508
83.4319,1508
83.4377,1508
83.4431,1508
83.4487,1508
83.4542,1508
83.4598,1508
83.4653,1508
83.4708,1508
83.4763,1508
83.4819,1508
83.4874,1508
83.4929,1508
83.4985,1508
83.5041,1508
83.5097,1508
83.5152,1508
83.5207,1508
83.5263,1508
83.5318,1508
83.5378,1508
83.5434,1508
83.549,1508
83.5545,1508
83.5601,1508
83.5655,1508
83.5711,1508
83.5766,1508
83.5822,1508
83.5877,1508
83.5932,1508
83.5988,1508
83.6042,1508
83.6097,1508
83.6152,1508
83.6208,1508
83.6263,1508
83.6319,1508
83.6379,1508
83.6434,1508
83.6489,1508
83.6545,1508
83.6599,1508
83.6655,1508
83.6711,1508
83.6765,1508
83.6821,1508
83.6876,1508
83.6931,1508
83.6986,1508
83.7042,1508
83.7097,1508
83.7152,1508
83.7207,1508
83.7262,1508
83.7318,1508
83.7372,1508
83.7433,1508
83.7489,1508
83.7544,1508
83.7599,1508
83.7654,1508
83.7709,1508
83.7764,1508
83.7819,1508
83.7874,1508
83.7929,1508
83.7983,1508
83.8038,1508
83.8094,1508
83.8149,1508
83.8204,1508
83.8259,1508
83.8314,1508
83.8369,1508
83.8429,1508
83.8484,1508
83.8539,1508
83.8594,1508
83.8649,1508
83.8703,1508
83.8758,1508
83.8813,1508
83.8868,1508
83.8923,1508
83.8978,1508
83.9033,1508
83.9087,1508
83.9143,1508
83.9199,1508
83.9254,1508
83.9309,1508
83.9364,1508
83.942,1508
83.9481,1508
83.9536,1508
83.9591,1508
83.9647,1508
83.9702,1508
83.9757,1508
83.9812,1508
83.9867,1508
83.9923,1508
83.9978,1508
84.0033,1508
84.0087,1508
84.0142,1508
84.0197,1508
84.0252,1508
84.0307,1508
84.0362,1508
84.0416,1508
84.0475,1508
84.0534,1508
84.0589,1508
84.0643,1508
84.0698,1508
84.0754,1508
84.0808,1508
84.0863,1508
84.0918,1508
84.0973,1508
84.1028,1508
84.1083,1508
84.1139,1508
84.1194,1508
84.125,1508
84.1305,1508
84.136,1508
84.1416,1508
84.1472,1508
84.1529,1508
84.1584,1508
84.164,1508
84.1694,1508
84.1749,1508
84.1804,1508
84.1859,1508
84.1914,1508
84.197,1508
84.2026,1508
84.2081,1508
84.2139,1508
84.2193,1508
84.2249,1508
84.2304,1508
84.2359,1508
84.2415,1508
84.2469,1508
84.2527,1508
84.2583,1508
84.2637,1508
84.2693,1508
84.2748,1508
84.2803,1508
84.2858,1508
84.2913,1508
84.2968,1508
84.3024,1508
84.3079,1508
84.3135,1508
84.319,1508
84.3244,1508
84.3299,1508
84.3355,1508
84.341,1508
84.3465,1508
84.352,1508
84.3579,1508
84.3636,1508
84.3691,1508
84.3746,1508
84.38,1508
84.3856,1508
84.391,1508
84.3966,1508
84.402,1508
84.4075,1508
84.413,1508
84.4185,1508
84.4241,1508
84.4295,1508
84.435,1508
84.4405,1508
84.4461,1508
84.4516,1508
84.4574,1508
84.463,1508
84.4686,1508
84.4741,1508
84.4796,1508
84.4851,1508
84.4906,1508
84.4961,1508
84.5016,1508
84.5072,1508
84.5127,1508
84.5181,1508
84.5236,1508
84.5295,1508
84.535,1508
84.5404,1508
84.5459,1508
84.5514,1508
84.557,1508
84.5627,1508
84.5682,1508
84.5738,1508
84.5793,1508
84.5849,1508
84.5904,1508
84.5959,1508
84.6014,1508
84.6069,1508
84.6123,1508
84.6179,1508
84.6233,1508
84.6289,1508
84.6343,1508
84.6399,1508
84.6455,1508
84.651,1508
84.6564,1508
84.6622,1508
84.6678,1508
84.6733,1508
84.6788,1508
84.6843,1508
84.6898,1508
84.6953,1508
84.7008,1508
84.7063,1508
84.7118,1508
84.7173,1508
84.7229,1508
84.7284,1508
84.734,1508
84.7395,1508
84.7449,1508
84.7505,1508
84.7561,1508
84.7616,1508
84.7674,1508
84.7728,1508
84.7783,1508
84.7838,1508
84.7894,1508
84.7949,1508
84.8004,1508
84.8059,1508
84.8113,1508
84.8169,1508
84.8224,1508
84.8279,1508
84.8334,1508
84.8389,1508
84.8443,1508
84.8502,1508
84.8561,1508
84.8618,1508
84.8676,1508
84.8732,1508
84.8787,1508
84.8843,1508
84.8898,1508
84.8953,1508
84.9007,1508
84.9062,1508
84.9118,1508
84.9173,1508
84.9227,1508
84.9283,1508
84.9339,1508
84.9393,1508
84.9448,1508
84.9503,1508
84.9557,1508
84.9612,1508
84.9668,1508
84.9726,1508
84.9781,1508
84.9836,1508
84.9892,1508
84.9946,1508
85.0001,1508
85.0057,1508
85.0111,1508
85.0167,1508
85.0223,1508
85.028,1508
85.0336,1508
85.0391,1508
85.0445,1508
85.05,1508
85.0556,1508
85.0611,1508
85.0666,1508
85.0724,1508
85.0837,1508
85.0891,1508
85.0947,1508
85.1002,1508
85.1057,1508
85.1113,1508
85.1168,1508
85.1224,1508
85.1279,1508
85.1334,1508
85.1388,1508
85.1443,1508
85.1497,1508
85.1552,1508
85.1607,1508
85.1662,1508
85.172,1508
85.1776,1508
85.1831,1508
85.1886,1508
85.1942,1508
85.1997,1508
85.2052,1508
85.2107,1508
85.2162,1508
85.2217,1508
85.2273,1508
85.2328,1508
85.2383,1508
85.2438,1508
85.2493,1508
85.2547,1508
85.2603,1508
85.2658,1508
85.2716,1508
85.2776,1508
85.2839,1508
85.2894,1508
85.2949,1508
85.3005,1508
85.306,1508
85.3115,1508
85.317,1508
85.3225,1508
85.328,1508
85.3335,1508
85.339,1508
85.3445,1508
85.35,1508
85.3555,1508
85.3611,1508
85.3665,1508
85.372,1508
85.3778,1508
85.3834,1508
85.3889,1508
85.3944,1508
85.3998,1508
85.4054,1508
85.4108,1508
85.4163,1508
85.4218,1508
85.4273,1508
85.4329,1508
85.4387,1508
85.4442,1508
85.4498,1508
85.4553,1508
85.4608,1508
85.4663,1508
85.4718,1508
85.4773,1508
85.4831,1508
85.4887,1508
85.4942,1508
85.4997,1508
85.5053,1508
85.5107,1508
85.5163,1508
85.5218,1508
85.5274,1508
85.5329,1508
85.5384,1508
85.544,1508
85.5495,1508
85.5551,1508
85.5606,1508
85.5662,1508
85.5717,1508
85.5771,1508
85.5829,1508
85.5884,1508
85.5939,1508
85.5994,1508
85.6049,1508
85.6103,1508
85.6161,1508
85.6216,1508
85.6271,1508
85.6326,1508
85.6381,1508
85.6436,1508
85.6491,1508
85.6546,1508
85.6601,1508
85.6656,1508
85.6712,1508
85.6767,1508
85.6823,1508
85.688,1508
85.6936,1508
85.6992,1508
85.7046,1508
85.7101,1508
85.7156,1508
85.7211,1508
85.7266,1508
85.7322,1508
85.7376,1508
85.7432,1508
85.7486,1508
85.7542,1508
85.7597,1508
85.7652,1508
85.7707,1508
85.7763,1508
85.7818,1508
85.7877,1508
85.7932,1508
85.7988,1508
85.8043,1508
85.8102,1508
85.816,1508
85.8217,1508
85.8272,1508
85.8328,1508
85.8383,1508
85.8439,1508
85.8494,1508
85.8549,1508
85.8604,1508
85.8659,1508
85.8714,1508
85.877,1508
85.8825,1508
85.888,1508
85.8939,1508
85.8994,1508
85.9049,1508
85.9104,1508
85.916,1508
85.9215,1508
85.927,1508
85.9326,1508
85.9382,1508
85.9437,1508
85.9492,1508
85.9547,1508
85.9602,1508
85.9658,1508
85.9713,1508
85.9768,1508
85.9825,1508
85.9879,1508
85.994,1508
85.9995,1508
86.0051,1508
86.0106,1508
86.016,1508
86.0215,1508
86.027,1508
86.0325,1508
86.0381,1508
86.0436,1508
86.0491,1508
86.0547,1508
86.0602,1508
86.0657,1508
86.0712,1508
86.0768,1508
86.0824,1508
86.0879,1508
86.0937,1508
86.0996,1508
86.105,1508
86.1105,1508
86.1161,1508
86.1216,1508
86.1271,1508
86.1326,1508
86.1381,1508
86.1437,1508
86.1491,1508
86.1546,1508
86.1602,1508
86.1658,1508
86.1713,1508
86.1769,1508
86.1824,1508
86.188,1508
86.1934,1508
86.1995,1508
86.205,1508
86.2106,1508
86.2161,1508
86.2216,1508
86.2271,1508
86.2326,1508
86.2381,1508
86.2437,1508
86.2491,1508
86.2546,1508
86.2602,1508
86.2657,1508
86.2712,1508
86.2768,1508
86.2824,1508
86.2878,1508
86.2934,1508
86.2992,1508
86.3049,1508
86.3104,1508
86.316,1508
86.3214,1508
86.327,1508
86.3326,1508
86.338,1508
86.3435,1508
86.349,1508
86.3545,1508
86.36,1508
86.3656,1508
86.3711,1508
86.3766,1508
86.3821,1508
86.3877,1508
86.3933,1508
86.3988,1508
86.405,1508
86.4105,1508
86.416,1508
86.4215,1508
86.427,1508
86.4325,1508
86.438,1508
86.4435,1508
86.449,1508
86.4545,1508
86.4601,1508
86.4656,1508
86.4711,1508
86.4766,1508
86.4821,1508
86.4876,1508
86.4932,1508
86.4987,1508
86.5048,1508
86.5103,1508
86.5159,1508
86.5214,1508
86.5269,1508
86.5324,1508
86.5379,1508
86.5434,1508
86.5489,1508
86.5545,1508
86.56,1508
86.5655,1508
86.5711,1508
86.5766,1508
86.5821,1508
86.5875,1508
86.5931,1508
86.5986,1508
86.6042,1508
86.6103,1508
86.6158,1508
86.6214,1508
86.6269,1508
86.6324,1508
86.638,1508
86.6435,1508
86.649,1508
86.6545,1508
86.66,1508
86.6656,1508
86.6711,1508
86.6766,1508
86.6822,1508
86.6877,1508
86.6932,1508
86.6987,1508
86.7043,1508
86.7102,1508
86.7158,1508
86.7213,1508
86.7269,1508
86.7323,1508
86.7378,1508
86.7433,1508
86.7488,1508
86.7544,1508
86.76,1508
86.7655,1508
86.7711,1508
86.7766,1508
86.7821,1508
86.7876,1508
86.7932,1508
86.7986,1508
86.8041,1508
86.8096,1508
86.8156,1508
86.8212,1508
86.8267,1508
86.8323,1508
86.8378,1508
86.8433,1508
86.8488,1508
86.8543,1508
86.8599,1508
86.8654,1508
86.8708,1508
86.8764,1508
86.8819,1508
86.8874,1508
86.893,1508
86.8985,1508
86.904,1508
86.9096,1508
86.9156,1508
86.9211,1508
86.9266,1508
86.9321,1508
86.9377,1508
86.9433,1508
86.9487,1508
86.9542,1508
86.9597,1508
86.9652,1508
86.9708,1508
86.9763,1508
86.9819,1508
86.9874,1508
86.9929,1508
86.9984,1508
87.004,1508
87.0095,1508
87.0152,1508
87.0209,1508
87.0264,1508
87.032,1508
87.0375,1508
87.043,1508
87.0485,1508
87.0541,1508
87.0596,1508
87.065,1508
87.0705,1508
87.076,1508
87.0816,1508
87.087,1508
87.0926,1508
87.0982,1508
87.1036,1508
87.1092,1508
87.1147,1508
87.1208,1508
87.1263,1508
87.1319,1508
87.1374,1508
87.1429,1508
87.1484,1508
87.154,1508
87.1595,1508
87.165,1508
87.1705,1508
87.1761,1508
87.1816,1508
87.1871,1508
87.1926,1508
87.1981,1508
87.2036,1508
87.2091,1508
87.2146,1508
87.2205,1508
87.2263,1508
87.2318,1508
87.2372,1508
87.2428,1508
87.2483,1508
87.2538,1508
87.2593,1508
87.2648,1508
87.2702,1508
87.2757,1508
87.2813,1508
87.2868,1508
87.2923,1508
87.2978,1508
87.3033,1508
87.3088,1508
87.3144,1508
87.3199,1508
87.326,1508
87.3315,1508
87.337,1508
87.3426,1508
87.348,1508
87.3536,1508
87.3591,1508
87.3646,1508
87.3701,1508
87.3756,1508
87.3811,1508
87.3866,1508
87.3922,1508
87.3976,1508
87.4032,1508
87.4087,1508
87.4143,1508
87.4198,1508
87.4256,1508
87.4313,1508
87.4369,1508
87.4425,1508
87.448,1508
87.4535,1508
87.459,1508
87.4646,1508
87.4702,1508
87.4757,1508
87.4812,1508
87.4867,1508
87.4922,1508
87.4977,1508
87.5032,1508
87.5087,1508
87.5142,1508
87.5197,1508
87.5253,1508
87.5313,1508
87.5367,1508
87.5422,1508
87.5477,1508
87.5531,1508
87.5587,1508
87.5643,1508
87.5698,1508
87.5752,1508
87.5807,1508
87.5862,1508
87.5917,1508
87.5972,1508
87.6028,1508
87.6083,1508
87.6138,1508
87.6194,1508
87.6249,1508
87.631,1508
87.6366,1508
87.6421,1508
87.6477,1508
87.6533,1508
87.6588,1508
87.6643,1508
87.6698,1508
87.6754,1508
87.681,1508
87.6864,1508
87.6919,1508
87.6974,1508
87.7029,1508
87.7084,1508
87.714,1508
87.7195,1508
87.7251,1508
87.7306,1508
87.7366,1508
87.7422,1508
87.7478,1508
87.7532,1508
87.7587,1508
87.7642,1508
87.7697,1508
87.7751,1508
87.7807,1508
87.7862,1508
87.7918,1508
87.7973,1508
87.8028,1508
87.8083,1508
87.8138,1508
87.8193,1508
87.8249,1508
87.8304,1508
87.8364,1508
87.8419,1508
87.8475,1508
87.853,1508
87.8585,1508
87.8641,1508
87.8696,1508
87.8751,1508
87.8807,1508
87.8862,1508
87.8917,1508
87.8972,1508
87.9027,1508
87.9082,1508
87.9138,1508
87.9193,1508
87.9249,1508
87.9304,1508
87.9359,1508
87.9421,1508
87.9475,1508
87.9531,1508
87.9586,1508
87.9642,1508
87.9697,1508
87.9752,1508
87.9808,1508
87.9863,1508
87.9918,1508
87.9973,1508
88.0028,1508
88.0082,1508
88.0138,1508
88.0193,1508
88.0248,1508
88.0304,1508
88.0358,1508
88.0418,1508
88.0473,1508
88.0528,1508
88.0583,1508
88.0639,1508
88.0694,1508
88.0749,1508
88.0805,1508
88.086,1508
88.0915,1508
88.097,1508
88.1025,1508
88.108,1508
88.1135,1508
88.119,1508
88.1245,1508
88.1301,1508
88.1356,1508
88.1411,1508
88.1472,1508
88.1527,1508
88.1582,1508
88.1637,1508
88.1692,1508
88.1747,1508
88.1803,1508
88.1858,1508
88.1913,1508
88.1969,1508
88.2023,1508
88.2078,1508
88.2133,1508
88.2188,1508
88.2244,1508
88.2299,1508
88.2354,1508
88.2409,1508
88.247,1508
88.2525,1508
88.258,1508
88.2636,1508
88.2691,1508
88.2746,1508
88.2802,1508
88.2856,1508
88.2911,1508
88.2966,1508
88.3021,1508
88.3076,1508
88.3131,1508
88.3187,1508
88.3242,1508
88.3297,1508
88.3353,1508
88.3407,1508
88.3465,1508
88.3522,1508
88.3577,1508
88.3632,1508
88.3687,1508
88.3742,1508
88.3797,1508
88.3852,1508
88.3908,1508
88.3964,1508
88.4019,1508
88.4075,1508
88.413,1508
88.4186,1508
88.4242,1508
88.4296,1508
88.4351,1508
88.4407,1508
88.4462,1508
88.4523,1508
88.4577,1508
88.4632,1508
88.4687,1508
88.4742,1508
88.4798,1508
88.4853,1508
88.4907,1508
88.4963,1508
88.5019,1508
88.5074,1508
88.5128,1508
88.5183,1508
88.5239,1508
88.5295,1508
88.5349,1508
88.5405,1508
88.546,1508
88.5518,1508
88.5575,1508
88.5631,1508
88.5686,1508
88.574,1508
88.5796,1508
88.585,1508
88.5905,1508
88.596,1508
88.6016,1508
88.6071,1508
88.6126,1508
88.6181,1508
88.6236,1508
88.6291,1508
88.6346,1508
88.6402,1508
88.6457,1508
88.6513,1508
88.6573,1508
88.6629,1508
88.6683,1508
88.6739,1508
88.6794,1508
88.6849,1508
88.6904,1508
88.696,1508
88.7015,1508
88.7069,1508
88.7125,1508
88.718,1508
88.7235,1508
88.729,1508
88.7346,1508
88.7401,1508
88.7456,1508
88.7511,1508
88.7569,1508
88.7626,1508
88.7681,1508
88.7737,1508
88.7792,1508
88.7847,1508
88.7903,1508
88.7958,1508
88.8012,1508
88.8067,1508
88.8123,1508
88.8178,1508
88.8234,1508
88.8289,1508
88.8344,1508
88.8399,1508
88.8455,1508
88.8509,1508
88.8565,1508
88.8626,1508
88.8681,1508
88.8737,1508
88.8791,1508
88.8846,1508
88.8901,1508
88.8956,1508
88.9011,1508
88.9066,1508
88.9122,1508
88.9177,1508
88.9233,1508
88.9288,1508
88.9343,1508
88.9398,1508
88.9454,1508
88.9509,1508
88.9564,1508
88.9626,1508
88.9681,1508
88.9736,1508
88.9791,1508
88.9846,1508
88.9901,1508
88.9956,1508
89.0011,1508
89.0065,1508
89.0121,1508
89.0175,1508
89.0231,1508
89.0286,1508
89.034,1508
89.0395,1508
89.045,1508
89.0505,1508
89.0561,1508
89.0615,1508
89.0675,1508
89.0731,1508
89.0787,1508
89.0841,1508
89.0897,1508
89.0952,1508
89.1007,1508
89.1063,1508
89.1118,1508
89.1173,1508
89.1228,1508
89.1284,1508
89.1338,1508
89.1393,1508
89.1448,1508
89.1503,1508
89.1558,1508
89.1614,1508
89.1675,1508
89.173,1508
89.1785,1508
89.184,1508
89.1895,1508
89.1951,1508
89.2005,1508
89.2061,1508
89.2116,1508
89.217,1508
89.2225,1508
89.2281,1508
89.2336,1508
89.2391,1508
89.2447,1508
89.2501,1508
89.2556,1508
89.2612,1508
89.2668,1508
89.2729,1508
89.2784,1508
89.284,1508
89.2895,1508
89.295,1508
89.3006,1508
89.3061,1508
89.3115,1508
89.3171,1508
89.3226,1508
89.3281,1508
89.3336,1508
89.3391,1508
89.3447,1508
89.3501,1508
89.3556,1508
89.3612,1508
89.3667,1508
89.3728,1508
89.3784,1508
89.3839,1508
89.3895,1508
89.395,1508
89.4005,1508
89.406,1508
89.4115,1508
89.417,1508
89.4226,1508
89.4281,1508
89.4335,1508
89.4391,1508
89.4446,1508
89.45,1508
89.4555,1508
89.461,1508
89.4664,1508
89.472,1508
89.478,1508
89.4835,1508
89.489,1508
89.4946,1508
89.5001,1508
89.5056,1508
89.5111,1508
89.5165,1508
89.5221,1508
89.5277,1508
89.5332,1508
89.5387,1508
89.5443,1508
89.5498,1508
89.5553,1508
89.5609,1508
89.5664,1508
89.5719,1508
89.578,1508
89.5836,1508
89.5892,1508
89.5947,1508
89.6002,1508
89.6057,1508
89.6112,1508
89.6167,1508
89.6222,1508
89.6277,1508
89.6333,1508
89.6389,1508
89.6444,1508
89.6499,1508
89.6554,1508
89.6609,1508
89.6664,1508
89.672,1508
89.6778,1508
89.6836,1508
89.6891,1508
89.6947,1508
89.7003,1508
89.7057,1508
89.7113,1508
89.7168,1508
89.7223,1508
89.7278,1508
89.7333,1508
89.7388,1508
89.7443,1508
89.7499,1508
89.7554,1508
89.7609,1508
89.7665,1508
89.772,1508
89.7775,1508
89.7836,1508
89.7892,1508
89.7947,1508
89.8002,1508
89.8058,1508
89.8114,1508
89.8169,1508
89.8225,1508
89.828,1508
89.8335,1508
89.839,1508
89.8445,1508
89.85,1508
89.8554,1508
89.861,1508
89.8665,1508
89.872,1508
89.8775,1508
89.8834,1508
89.8891,1508
89.8945,1508
89.9001,1508
89.9056,1508
89.9112,1508
89.9167,1508
89.9221,1508
89.9277,1508
89.9331,1508
89.9387,1508
89.9442,1508
89.9498,1508
89.9554,1508
89.9609,1508
89.9664,1508
89.9719,1508
89.9774,1508
89.9829,1508
89.9889,1508
89.9944,1508
89.9999,1508
90.0054,1508
90.0109,1508
90.0165,1508
90.0219,1508
90.0274,1508
90.0329,1508
90.0384,1508
90.0438,1508
90.0494,1508
90.0549,1508
90.0604,1508
90.066,1508
90.0714,1508
90.0769,1508
90.0824,1508
90.0885,1508
90.094,1508
90.0995,1508
90.1051,1508
90.1106,1508
90.116,1508
90.1216,1508
90.1271,1508
90.1326,1508
90.1381,1508
90.1436,1508
90.149,1508
90.1546,1508
90.1601,1508
90.1656,1508
90.1711,1508
90.1766,1508
90.1821,1508
90.1877,1508
90.1937,1508
90.1992,1508
90.2047,1508
90.2103,1508
90.2157,1508
90.2212,1508
90.2267,1508
90.2322,1508
90.2378,1508
90.2432,1508
90.2487,1508
90.2542,1508
90.2597,1508
90.2652,1508
90.2707,1508
90.2763,1508
90.2818,1508
90.2874,1508
90.2933,1508
90.2988,1508
90.3043,1508
90.3099,1508
90.3154,1508
90.3209,1508
90.3264,1508
90.3319,1508
90.3375,1508
90.343,1508
90.3485,1508
90.354,1508
90.3596,1508
90.3651,1508
90.3706,1508
90.3762,1508
90.3816,1508
90.3871,1508
90.3927,1508
90.3987,1508
90.4042,1508
90.4098,1508
90.4153,1508
90.4208,1508
90.4263,1508
90.4319,1508
90.4374,1508
90.443,1508
90.4485,1508
90.4541,1508
90.4595,1508
90.465,1508
90.4705,1508
90.476,1508
90.4815,1508
90.487,1508
90.4926,1508
90.4986,1508
90.5041,1508
90.5096,1508
90.5151,1508
90.5206,1508
90.5261,1508
90.5316,1508
90.5371,1508
90.5426,1508
90.5482,1508
90.5536,1508
90.5594,1508
90.565,1508
90.5705,1508
90.5759,1508
90.5815,1508
90.5871,1508
90.5926,1508
90.598,1508
90.6041,1508
90.6096,1508
90.6151,1508
90.6206,1508
90.6262,1508
90.6317,1508
90.6372,1508
90.6427,1508
90.6482,1508
90.6537,1508
90.6593,1508
90.6647,1508
90.6702,1508
90.6757,1508
90.6812,1508
90.6867,1508
90.6922,1508
90.6977,1508
90.7038,1508
90.7092,1508
90.7147,1508
90.7202,1508
90.7257,1508
90.7312,1508
90.7367,1508
90.7422,1508
90.7478,1508
90.7534,1508
90.759,1508
90.7645,1508
90.7701,1508
90.7756,1508
90.7811,1508
90.7866,1508
90.7921,1508
90.7976,1508
90.8031,1508
90.8091,1508
90.8146,1508
90.8201,1508
90.8256,1508
90.8312,1508
90.8366,1508
90.8421,1508
90.8476,1508
90.8532,1508
90.8588,1508
90.8643,1508
90.8699,1508
90.8754,1508
90.8809,1508
90.8865,1508
90.8919,1508
90.8975,1508
90.9031,1508
90.9092,1508
90.9148,1508
90.9203,1508
90.9259,1508
90.9314,1508
90.937,1508
90.9424,1508
90.9479,1508
90.9534,1508
90.9588,1508
90.9643,1508
90.9699,1508
90.9754,1508
90.9809,1508
90.9864,1508
90.992,1508
90.9975,1508
91.0029,1508
91.0084,1508
91.0144,1508
91.02,1508
91.0255,1508
91.031,1508
91.0365,1508
91.0421,1508
91.0476,1508
91.0532,1508
91.0587,1508
91.0642,1508
91.0697,1508
91.0752,1508
91.0807,1508
91.0863,1508
91.0919,1508
91.0973,1508
91.1029,1508
91.1083,1508
91.1144,1508
91.1199,1508
91.1254,1508
91.1309,1508
91.1364,1508
91.1419,1508
91.1474,1508
91.1529,1508
91.1584,1508
91.1639,1508
91.1693,1508
91.1748,1508
91.1804,1508
91.1859,1508
91.1915,1508
91.197,1508
91.2025,1508
91.208,1508
91.2137,1508
91.2195,1508
91.225,1508
91.2306,1508
91.2361,1508
91.2416,1508
91.2471,1508
91.2527,1508
91.2582,1508
91.2637,1508
91.2693,1508
91.2748,1508
91.2804,1508
91.2859,1508
91.2914,1508
91.2969,1508
91.3024,1508
91.3079,1508
91.3135,1508
91.3195,1508
91.325,1508
91.3305,1508
91.3361,1508
91.3417,1508
91.3472,1508
91.3528,1508
91.3584,1508
91.3638,1508
91.3694,1508
91.3748,1508
91.3804,1508
91.3859,1508
91.3914,1508
91.397,1508
91.4024,1508
91.4079,1508
91.4134,1508
91.4192,1508
91.425,1508
91.4304,1508
91.4359,1508
91.4415,1508
91.447,1508
91.4525,1508
91.4581,1508
91.4636,1508
91.4691,1508
91.4746,1508
91.4802,1508
91.4857,1508
91.4912,1508
91.4967,1508
91.5022,1508
91.5077,1508
91.5132,1508
91.5188,1508
91.5249,1508
91.5304,1508
91.536,1508
91.5415,1508
91.5471,1508
91.5527,1508
91.5581,1508
91.5637,1508
91.5693,1508
91.5747,1508
91.5803,1508
91.5857,1508
91.5913,1508
91.5968,1508
91.6024,1508
91.6079,1508
91.6134,1508
91.6189,1508
91.625,1508
91.6306,1508
91.6361,1508
91.6416,1508
91.6471,1508
91.6526,1508
91.6582,1508
91.6636,1508
91.6692,1508
91.6747,1508
91.6802,1508
91.6857,1508
91.6912,1508
91.6967,1508
91.7022,1508
91.7077,1508
91.7132,1508
91.7188,1508
91.7243,1508
91.7304,1508
91.7359,1508
91.7415,1508
91.747,1508
91.7524,1508
91.7579,1508
91.7634,1508
91.7689,1508
91.7745,1508
91.78,1508
91.7856,1508
91.7911,1508
91.7966,1508
91.802,1508
91.8076,1508
91.8131,1508
91.8187,1508
91.8242,1508
91.8302,1508
91.8357,1508
91.8413,1508
91.8469,1508
91.8524,1508
91.858,1508
91.8635,1508
91.869,1508
91.8745,1508
91.88,1508
91.8855,1508
91.891,1508
91.8965,1508
91.902,1508
91.9076,1508
91.9131,1508
91.9186,1508
91.9241,1508
91.9296,1508
91.9357,1508
91.9413,1508
91.9468,1508
91.9523,1508
91.9579,1508
91.9633,1508
91.9688,1508
91.9744,1508
91.9798,1508
91.9854,1508
91.9909,1508
91.9964,1508
92.0019,1508
92.0074,1508
92.013,1508
92.0184,1508
92.024,1508
92.0295,1508
92.0352,1508
92.0407,1508
92.0462,1508
92.0517,1508
92.0572,1508
92.0627,1508
92.0681,1508
92.0736,1508
92.0791,1508
92.0846,1508
92.0901,1508
92.0956,1508
92.1011,1508
92.1067,1508
92.1122,1508
92.1177,1508
92.129,1508
92.1345,1508
92.1407,1508
92.1462,1508
92.1516,1508
92.1571,1508
92.1626,1508
92.1681,1508
92.1736,1508
92.1792,1508
92.1847,1508
92.1903,1508
92.1957,1508
92.2013,1508
92.2068,1508
92.2124,1508
92.218,1508
92.2235,1508
92.229,1508
92.2344,1508
92.2402,1508
92.2457,1508
92.2512,1508
92.2568,1508
92.2622,1508
92.2677,1508
92.2733,1508
92.2788,1508
92.2843,1508
92.2898,1508
92.2953,1508
92.3008,1508
92.3064,1508
92.3119,1508
92.3178,1508
92.3233,1508
92.3288,1508
92.3343,1508
92.3402,1508
92.3456,1508
92.3512,1508
92.3566,1508
92.3622,1508
92.3677,1508
92.3732,1508
92.3788,1508
92.3843,1508
92.3897,1508
92.3953,1508
92.4008,1508
92.4064,1508
92.4119,1508
92.4177,1508
92.4233,1508
92.4289,1508
92.4343,1508
92.4399,1508
92.4457,1508
92.4512,1508
92.4566,1508
92.4622,1508
92.4677,1508
92.4731,1508
92.4786,1508
92.4841,1508
92.4896,1508
92.4953,1508
92.5008,1508
92.5063,1508
92.5119,1508
92.5175,1508
92.5231,1508
92.5286,1508
92.5341,1508
92.5397,1508
92.5454,1508
92.5509,1508
92.5564,1508
92.5619,1508
92.5675,1508
92.573,1508
92.5785,1508
92.584,1508
92.5896,1508
92.5951,1508
92.6006,1508
92.6062,1508
92.6118,1508
92.6173,1508
92.6228,1508
92.6283,1508
92.6338,1508
92.6393,1508
92.6448,1508
92.6505,1508
92.656,1508
92.6615,1508
92.6671,1508
92.6727,1508
92.6781,1508
92.6836,1508
92.6892,1508
92.6946,1508
92.7002,1508
92.7057,1508
92.7113,1508
92.7167,1508
92.7223,1508
92.7278,1508
92.7333,1508
92.7388,1508
92.7444,1508
92.7502,1508
92.7557,1508
92.7612,1508
92.7667,1508
92.7722,1508
92.7777,1508
92.7833,1508
92.7888,1508
92.7943,1508
92.7998,1508
92.8053,1508
92.8109,1508
92.8165,1508
92.822,1508
92.8275,1508
92.833,1508
92.8386,1508
92.8441,1508
92.8496,1508
92.8554,1508
92.8609,1508
92.8665,1508
92.872,1508
92.8775,1508
92.883,1508
92.8885,1508
92.8941,1508
92.8999,1508
92.912,1508
92.9175,1508
92.923,1508
92.9285,1508
92.9339,1508
92.9395,1508
92.945,1508
92.9505,1508
92.9563,1508
92.9618,1508
92.9673,1508
92.9729,1508
92.9784,1508
92.9839,1508
92.9894,1508
92.9949,1508
93.0004,1508
93.0059,1508
93.0114,1508
93.0169,1508
93.0224,1508
93.0279,1508
93.0334,1508
93.0389,1508
93.0444,1508
93.0499,1508
93.0554,1508
93.0611,1508
93.0667,1508
93.0722,1508
93.0777,1508
93.0833,1508
93.0888,1508
93.0943,1508
93.0997,1508
93.1052,1508
93.1107,1508
93.1162,1508
93.1217,1508
93.1272,1508
93.1328,1508
93.1382,1508
93.1438,1508
93.1494,1508
93.1548,1508
93.1606,1508
93.1662,1508
93.1717,1508
93.1773,1508
93.1827,1508
93.1883,1508
93.1939,1508
93.1994,1508
93.2049,1508
93.2104,1508
93.2159,1508
93.2214,1508
93.2269,1508
93.2325,1508
93.238,1508
93.2436,1508
93.249,1508
93.2545,1508
93.26,1508
93.2658,1508
93.2713,1508
93.2768,1508
93.2823,1508
93.2878,1508
93.2933,1508
93.2988,1508
93.3049,1508
93.3105,1508
93.3161,1508
93.3222,1508
93.3277,1508
93.3332,1508
93.3387,1508
93.3442,1508
93.3497,1508
93.3553,1508
93.3608,1508
93.3666,1508
93.3721,1508
93.3776,1508
93.3831,1508
93.3886,1508
93.3941,1508
93.3996,1508
93.4052,1508
93.4108,1508
93.4164,1508
93.4218,1508
93.4273,1508
93.4328,1508
93.4383,1508
93.4438,1508
93.4493,1508
93.4548,1508
93.4604,1508
93.4659,1508
93.4716,1508
93.4775,1508
93.4888,1508
93.4944,1508
93.4998,1508
93.5053,1508
93.5109,1508
93.5164,1508
93.5219,1508
93.5275,1508
93.5331,1508
93.5386,1508
93.5441,1508
93.5496,1508
93.5552,1508
93.5607,1508
93.5662,1508
93.5719,1508
93.5774,1508
93.583,1508
93.5885,1508
93.5941,1508
93.5997,1508
93.6052,1508
93.6108,1508
93.6163,1508
93.6218,1508
93.6274,1508
93.6329,1508
93.6384,1508
93.6439,1508
93.6495,1508
93.6549,1508
93.6605,1508
93.666,1508
93.6719,1508
93.6774,1508
93.6829,1508
93.6945,1508
93.7,1508
93.7055,1508
93.711,1508
93.7164,1508
93.722,1508
93.7275,1508
93.733,1508
93.7385,1508
93.744,1508
93.7495,1508
93.755,1508
93.7605,1508
93.7661,1508
93.7716,1508
93.7774,1508
93.7829,1508
93.7884,1508
93.7939,1508
93.7994,1508
93.805,1508
93.8106,1508
93.8161,1508
93.8217,1508
93.8272,1508
93.8327,1508
93.8382,1508
93.8437,1508
93.8492,1508
93.8548,1508
93.8603,1508
93.8658,1508
93.8713,1508
93.8771,1508
93.8825,1508
93.8881,1508
93.8936,1508
93.8992,1508
93.9047,1508
93.9103,1508
93.9158,1508
93.9213,1508
93.9268,1508
93.9323,1508
93.9378,1508
93.9434,1508
93.949,1508
93.9545,1508
93.96,1508
93.9655,1508
93.9711,1508
93.9765,1508
93.9826,1508
93.988,1508
93.9935,1508
93.9991,1508
94.0046,1508
94.0101,1508
94.0156,1508
94.0211,1508
94.0267,1508
94.0322,1508
94.0378,1508
94.0433,1508
94.0487,1508
94.0543,1508
94.0598,1508
94.0653,1508
94.0708,1508
94.0763,1508
94.0822,1508
94.0877,1508
94.0932,1508
94.0987,1508
94.1042,1508
94.1098,1508
94.1152,1508
94.1207,1508
94.1262,1508
94.1317,1508
94.1372,1508
94.1428,1508
94.1484,1508
94.1538,1508
94.1594,1508
94.1649,1508
94.1704,1508
94.176,1508
94.1815,1508
94.1875,1508
94.193,1508
94.1985,1508
94.204,1508
94.2095,1508
94.2151,1508
94.2206,1508
94.2261,1508
94.2317,1508
94.2372,1508
94.2428,1508
94.2483,1508
94.2538,1508
94.2593,1508
94.2648,1508
94.2703,1508
94.2759,1508
94.2814,1508
94.2875,1508
94.2931,1508
94.2986,1508
94.3041,1508
94.3097,1508
94.3152,1508
94.3207,1508
94.3263,1508
94.3319,1508
94.3373,1508
94.3428,1508
94.3483,1508
94.3539,1508
94.3594,1508
94.3649,1508
94.3704,1508
94.3759,1508
94.3814,1508
94.3869,1508
94.393,1508
94.3984,1508
94.4039,1508
94.4094,1508
94.4149,1508
94.4204,1508
94.4259,1508
94.4314,1508
94.4369,1508
94.4425,1508
94.448,1508
94.4535,1508
94.459,1508
94.4644,1508
94.47,1508
94.4756,1508
94.4811,1508
94.4866,1508
94.4927,1508
94.4982,1508
94.5037,1508
94.5092,1508
94.5148,1508
94.5203,1508
94.5258,1508
94.5313,1508
94.5368,1508
94.5424,1508
94.5479,1508
94.5534,1508
94.559,1508
94.5645,1508
94.5701,1508
94.5755,1508
94.581,1508
94.5865,1508
94.5921,1508
94.598,1508
94.6035,1508
94.609,1508
94.6145,1508
94.62,1508
94.6255,1508
94.6311,1508
94.6366,1508
94.6421,1508
94.6476,1508
94.6531,1508
94.6587,1508
94.6642,1508
94.6696,1508
94.6751,1508
94.6807,1508
94.6861,1508
94.6917,1508
94.6978,1508
94.7033,1508
94.7089,1508
94.7145,1508
94.72,1508
94.7255,1508
94.7311,1508
94.7366,1508
94.7421,1508
94.7477,1508
94.7531,1508
94.7587,1508
94.7641,1508
94.7697,1508
94.7751,1508
94.7807,1508
94.7862,1508
94.7918,1508
94.7976,1508
94.8033,1508
94.8088,1508
94.8144,1508
94.82,1508
94.8255,1508
94.831,1508
94.8365,1508
94.8421,1508
94.8477,1508
94.8532,1508
94.8588,1508
94.8644,1508
94.8699,1508
94.8754,1508
94.881,1508
94.8865,1508
94.8921,1508
94.8976,1508
94.9037,1508
94.9092,1508
94.9147,1508
94.9202,1508
94.9257,1508
94.9313,1508
94.9367,1508
94.9422,1508
94.9478,1508
94.9534,1508
94.959,1508
94.9645,1508
94.97,1508
94.9756,1508
94.9811,1508
94.9866,1508
94.9922,1508
94.9977,1508
95.0035,1508
95.0094,1508
95.0149,1508
95.0204,1508
95.0259,1508
95.0314,1508
95.0369,1508
95.0424,1508
95.048,1508
95.0536,1508
95.0591,1508
95.0647,1508
95.0702,1508
95.0757,1508
95.0813,1508
95.0868,1508
95.0924,1508
95.0979,1508
95.1034,1508
95.1095,1508
95.1151,1508
95.1206,1508
95.1262,1508
95.1317,1508
95.1372,1508
95.1427,1508
95.1483,1508
95.1538,1508
95.1593,1508
95.1649,1508
95.1704,1508
95.1759,1508
95.1814,1508
95.1869,1508
95.1925,1508
95.1981,1508
95.2035,1508
95.2097,1508
95.2152,1508
95.2207,1508
95.2262,1508
95.2317,1508
95.2372,1508
95.2426,1508
95.2481,1508
95.2536,1508
95.259,1508
95.2646,1508
95.2701,1508
95.2757,1508
95.2812,1508
95.2867,1508
95.2922,1508
95.2977,1508
95.3032,1508
95.3087,1508
95.3147,1508
95.3202,1508
95.3257,1508
95.3312,1508
95.3367,1508
95.3421,1508
95.3477,1508
95.3533,1508
95.3588,1508
95.3643,1508
95.3699,1508
95.3753,1508
95.3808,1508
95.3864,1508
95.3918,1508
95.3973,1508
95.4027,1508
95.4082,1508
95.4142,1508
95.4197,1508
95.4252,1508
95.4307,1508
95.4361,1508
95.4417,1508
95.4473,1508
95.4528,1508
95.4583,1508
95.4638,1508
95.4693,1508
95.4748,1508
95.4803,1508
95.4859,1508
95.4914,1508
95.497,1508
95.5025,1508
95.508,1508
95.5136,1508
95.5195,1508
95.5251,1508
95.5306,1508
95.536,1508
95.5415,1508
95.5471,1508
95.5526,1508
95.5581,1508
95.5635,1508
95.569,1508
95.5746,1508
95.5801,1508
95.5856,1508
95.5912,1508
95.5966,1508
95.6022,1508
95.6077,1508
95.6133,1508
95.6193,1508
95.6249,1508
95.6304,1508
95.6359,1508
95.6413,1508
95.6469,1508
95.6524,1508
95.658,1508
95.6635,1508
95.669,1508
95.6746,1508
95.6801,1508
95.6856,1508
95.6911,1508
95.6967,1508
95.7022,1508
95.7077,1508
95.7133,1508
95.7192,1508
95.725,1508
95.7306,1508
95.7362,1508
95.7417,1508
95.7472,1508
95.7527,1508
95.7582,1508
95.7637,1508
95.7692,1508
95.7747,1508
95.7802,1508
95.7856,1508
95.7912,1508
95.7967,1508
95.8022,1508
95.8077,1508
95.8132,1508
95.8187,1508
95.8247,1508
95.8302,1508
95.8357,1508
95.8412,1508
95.8468,1508
95.8524,1508
95.8578,1508
95.8633,1508
95.8688,1508
95.8743,1508
95.8798,1508
95.8854,1508
95.8909,1508
95.8964,1508
95.9018,1508
95.9074,1508
95.9129,1508
95.9185,1508
95.9243,1508
95.93,1508
95.9355,1508
95.941,1508
95.9466,1508
95.9521,1508
95.9576,1508
95.9631,1508
95.9687,1508
95.9741,1508
95.9796,1508
95.9851,1508
95.9907,1508
95.9962,1508
96.0018,1508
96.0073,1508
96.0128,1508
96.0184,1508
96.0239,1508
96.0299,1508
96.0354,1508
96.0409,1508
96.0464,1508
96.0519,1508
96.0574,1508
96.0629,1508
96.0684,1508
96.0739,1508
96.0794,1508
96.0849,1508
96.0905,1508
96.0961,1508
96.1016,1508
96.1071,1508
96.1127,1508
96.1182,1508
96.1237,1508
96.1295,1508
96.1353,1508
96.1408,1508
96.1463,1508
96.1518,1508
96.1574,1508
96.1628,1508
96.1683,1508
96.1738,1508
96.1793,1508
96.1848,1508
96.1903,1508
96.1959,1508
96.2014,1508
96.207,1508
96.2125,1508
96.218,1508
96.2235,1508
96.229,1508
96.2349,1508
96.2404,1508
96.246,1508
96.2515,1508
96.257,1508
96.2625,1508
96.268,1508
96.2735,1508
96.279,1508
96.2846,1508
96.29,1508
96.2955,1508
96.301,1508
96.3064,1508
96.3119,1508
96.3174,1508
96.3229,1508
96.3285,1508
96.3344,1508
96.3401,1508
96.3457,1508
96.3511,1508
96.3567,1508
96.3622,1508
96.3678,1508
96.3736,1508
96.379,1508
96.3846,1508
96.3901,1508
96.3957,1508
96.4011,1508
96.4067,1508
96.4123,1508
96.4178,1508
96.4233,1508
96.4288,1508
96.4342,1508
96.4402,1508
96.4458,1508
96.4513,1508
96.4567,1508
96.4623,1508
96.4678,1508
96.4733,1508
96.4787,1508
96.4843,1508
96.4898,1508
96.4953,1508
96.5008,1508
96.5063,1508
96.5119,1508
96.5174,1508
96.5229,1508
96.5284,1508
96.5339,1508
96.5397,1508
96.5452,1508
96.5507,1508
96.5563,1508
96.5618,1508
96.5673,1508
96.5728,1508
96.5784,1508
96.584,1508
96.5895,1508
96.5949,1508
96.6004,1508
96.6059,1508
96.6114,1508
96.617,1508
96.6226,1508
96.6281,1508
96.6337,1508
96.6393,1508
96.6453,1508
96.6509,1508
96.6563,1508
96.6619,1508
96.6674,1508
96.6729,1508
96.6784,1508
96.6839,1508
96.6895,1508
96.695,1508
96.7005,1508
96.706,1508
96.7115,1508
96.717,1508
96.7225,1508
96.728,1508
96.7336,1508
96.739,1508
96.7451,1508
96.7506,1508
96.7561,1508
96.7616,1508
96.7672,1508
96.7726,1508
96.7781,1508
96.7837,1508
96.7892,1508
96.7947,1508
96.8003,1508
96.8058,1508
96.8114,1508
96.8169,1508
96.8223,1508
96.8278,1508
96.8333,1508
96.8388,1508
96.8444,1508
96.8504,1508
96.8559,1508
96.8613,1508
96.8669,1508
96.8724,1508
96.8779,1508
96.8834,1508
96.8889,1508
96.8944,1508
96.9,1508
96.9056,1508
96.9111,1508
96.9165,1508
96.9221,1508
96.9276,1508
96.9332,1508
96.9387,1508
96.9442,1508
96.9502,1508
96.9557,1508
96.9612,1508
96.9668,1508
96.9722,1508
96.9778,1508
96.9833,1508
96.9888,1508
96.9943,1508
96.9999,1508
97.0055,1508
97.0111,1508
97.0166,1508
97.0221,1508
97.0276,1508
97.0331,1508
97.0387,1508
97.0442,1508
97.0498,1508
97.0559,1508
97.0614,1508
97.0669,1508
97.0723,1508
97.0779,1508
97.0834,1508
97.0889,1508
97.0945,1508
97.1,1508
97.1055,1508
97.111,1508
97.1166,1508
97.1221,1508
97.1275,1508
97.1331,1508
97.1386,1508
97.1441,1508
97.1496,1508
97.1555,1508
97.1611,1508
97.1666,1508
97.1721,1508
97.1776,1508
97.1832,1508
97.1887,1508
97.1942,1508
97.1997,1508
97.2052,1508
97.2107,1508
97.2163,1508
97.2218,1508
97.2273,1508
97.2329,1508
97.2384,1508
97.244,1508
97.2495,1508
97.2553,1508
97.2611,1508
97.2666,1508
97.2722,1508
97.2777,1508
97.2833,1508
97.2887,1508
97.2943,1508
97.2998,1508
97.3054,1508
97.311,1508
97.3165,1508
97.322,1508
97.3275,1508
97.333,1508
97.3385,1508
97.3441,1508
97.3496,1508
97.3551,1508
97.3612,1508
97.3668,1508
97.3723,1508
97.3777,1508
97.3833,1508
97.3888,1508
97.3943,1508
97.3997,1508
97.4053,1508
97.4108,1508
97.4162,1508
97.4218,1508
97.4272,1508
97.4328,1508
97.4383,1508
97.4438,1508
97.4493,1508
97.4548,1508
97.4606,1508
97.4664,1508
97.472,1508
97.4775,1508
97.483,1508
97.4885,1508
97.494,1508
97.4994,1508
97.5049,1508
97.5104,1508
97.5159,1508
97.5215,1508
97.527,1508
97.5326,1508
97.5381,1508
97.5437,1508
97.5491,1508
97.5547,1508
97.5601,1508
97.5663,1508
97.5719,1508
97.5773,1508
97.5829,1508
97.5883,1508
97.5938,1508
97.5993,1508
97.6048,1508
97.6102,1508
97.6157,1508
97.6212,1508
97.6268,1508
97.6323,1508
97.6378,1508
97.6433,1508
97.6488,1508
97.6542,1508
97.6597,1508
97.6656,1508
97.6712,1508
97.6767,1508
97.6823,1508
97.6877,1508
97.6933,1508
97.6988,1508
97.7044,1508
97.7099,1508
97.7154,1508
97.721,1508
97.7265,1508
97.732,1508
97.7376,1508
97.7431,1508
97.7486,1508
97.7541,1508
97.7596,1508
97.7652,1508
97.7714,1508
97.7769,1508
97.7824,1508
97.7879,1508
97.7935,1508
97.799,1508
97.8045,1508
97.81,1508
97.8156,1508
97.8212,1508
97.8266,1508
97.8321,1508
97.8377,1508
97.8432,1508
97.8487,1508
97.8543,1508
97.8598,1508
97.8654,1508
97.8715,1508
97.877,1508
97.8825,1508
97.888,1508
97.8935,1508
97.899,1508
97.9045,1508
97.91,1508
97.9156,1508
97.9211,1508
97.9266,1508
97.9321,1508
97.9376,1508
97.9432,1508
97.9486,1508
97.9541,1508
97.9597,1508
97.9652,1508
97.9707,1508
97.9768,1508
97.9823,1508
97.9879,1508
97.9935,1508
97.999,1508
98.0045,1508
98.01,1508
98.0154,1508
98.0209,1508
98.0264,1508
98.0319,1508
98.0374,1508
98.0429,1508
98.0485,1508
98.0539,1508
98.0595,1508
98.065,1508
98.0706,1508
98.0766,1508
98.0822,1508
98.0877,1508
98.0933,1508
98.0988,1508
98.1043,1508
98.1098,1508
98.1153,1508
98.1209,1508
98.1264,1508
98.1319,1508
98.1373,1508
98.1428,1508
98.1483,1508
98.1538,1508
98.1593,1508
98.1649,1508
98.1704,1508
98.1759,1508
98.182,1508
98.1875,1508
98.193,1508
98.1985,1508
98.204,1508
98.2095,1508
98.215,1508
98.2206,1508
98.2261,1508
98.2316,1508
98.2372,1508
98.2428,1508
98.2482,1508
98.2537,1508
98.2592,1508
98.2647,1508
98.2702,1508
98.2757,1508
98.2817,1508
98.2872,1508
98.2927,1508
98.2983,1508
98.3039,1508
98.3094,1508
98.315,1508
98.3205,1508
98.3259,1508
98.3314,1508
98.337,1508
98.3425,1508
98.3479,1508
98.3535,1508
98.359,1508
98.3645,1508
98.37,1508
98.3756,1508
98.3811,1508
98.3872,1508
98.3927,1508
98.3983,1508
98.4038,1508
98.4093,1508
98.4148,1508
98.4203,1508
98.4259,1508
98.4315,1508
98.4369,1508
98.4424,1508
98.448,1508
98.4535,1508
98.459,1508
98.4646,1508
98.4701,1508
98.4757,1508
98.4813,1508
98.4874,1508
98.493,1508
98.4984,1508
98.504,1508
98.5094,1508
98.5149,1508
98.5203,1508
98.5258,1508
98.5313,1508
98.5368,1508
98.5424,1508
98.5479,1508
98.5534,1508
98.5589,1508
98.5645,1508
98.57,1508
98.5755,1508
98.5811,1508
98.5868,1508
98.5925,1508
98.598,1508
98.6035,1508
98.609,1508
98.6146,1508
98.6201,1508
98.6256,1508
98.6311,1508
98.6367,1508
98.6422,1508
98.6478,1508
98.6532,1508
98.6587,1508
98.6641,1508
98.6696,1508
98.6752,1508
98.6807,1508
98.6862,1508
98.6923,1508
98.6978,1508
98.7033,1508
98.7089,1508
98.7144,1508
98.7199,1508
98.7254,1508
98.7309,1508
98.7363,1508
98.7418,1508
98.7474,1508
98.7529,1508
98.7583,1508
98.7639,1508
98.7693,1508
98.7748,1508
98.7802,1508
98.7858,1508
98.7916,1508
98.7973,1508
98.8029,1508
98.8084,1508
98.814,1508
98.8195,1508
98.8249,1508
98.8305,1508
98.836,1508
98.8415,1508
98.847,1508
98.8525,1508
98.8581,1508
98.8636,1508
98.8691,1508
98.8746,1508
98.8801,1508
98.8856,1508
98.8911,1508
98.8972,1508
98.9028,1508
98.9083,1508
98.9138,1508
98.9193,1508
98.9248,1508
98.9303,1508
98.9358,1508
98.9413,1508
98.9469,1508
98.9523,1508
98.9578,1508
98.9634,1508
98.9689,1508
98.9745,1508
98.9801,1508
98.9856,1508
98.9911,1508
98.9969,1508
99.0026,1508
99.0082,1508
99.0136,1508
99.0192,1508
99.0248,1508
99.0304,1508
99.0359,1508
99.0414,1508
99.047,1508
99.0526,1508
99.0581,1508
99.0637,1508
99.0691,1508
99.0746,1508
99.0801,1508
99.0857,1508
99.0912,1508
99.0967,1508
99.1028,1508
99.1083,1508
99.1138,1508
99.1194,1508
99.125,1508
99.1305,1508
99.136,1508
99.1415,1508
99.1471,1508
99.1526,1508
99.1581,1508
99.1636,1508
99.1691,1508
99.1746,1508
99.18,1508
99.1856,1508
99.1911,1508
99.1966,1508
99.2027,1508
99.2081,1508
99.2136,1508
99.2191,1508
99.2247,1508
99.2302,1508
99.2357,1508
99.2412,1508
99.2467,1508
99.2522,1508
99.2577,1508
99.2632,1508
99.2687,1508
99.2743,1508
99.2798,1508
99.2853,1508
99.2909,1508
99.2964,1508
99.3019,1508
99.3079,1508
99.3134,1508
99.319,1508
99.3245,1508
99.33,1508
99.3355,1508
99.3409,1508
99.3465,1508
99.3521,1508
99.3576,1508
99.3632,1508
99.3687,1508
99.3741,1508
99.3797,1508
99.3851,1508
99.3907,1508
99.3962,1508
99.4017,1508
99.4078,1508
99.4133,1508
99.4188,1508
99.4244,1508
99.43,1508
99.4355,1508
99.441,1508
99.4465,1508
99.452,1508
99.4575,1508
99.463,1508
99.4686,1508
99.474,1508
99.4795,1508
99.4851,1508
99.4906,1508
99.4961,1508
99.5017,1508
99.5072,1508
99.5133,1508
99.5187,1508
99.5242,1508
99.5298,1508
99.5353,1508
99.5409,1508
99.5464,1508
99.5519,1508
99.5574,1508
99.563,1508
99.5687,1508
99.5742,1508
99.5797,1508
99.5852,1508
99.5907,1508
99.5962,1508
99.6016,1508
99.6071,1508
99.6132,1508
99.6187,1508
99.6243,1508
99.6298,1508
99.6353,1508
99.6408,1508
99.6464,1508
99.6519,1508
99.6575,1508
99.6629,1508
99.6685,1508
99.6739,1508
99.6795,1508
99.685,1508
99.6905,1508
99.6959,1508
99.7014,1508
99.7069,1508
99.7124,1508
99.7185,1508
99.724,1508
99.7295,1508
99.7351,1508
99.7407,1508
99.7462,1508
99.7518,1508
99.7573,1508
99.7628,1508
99.7683,1508
99.7738,1508
99.7793,1508
99.7849,1508
99.7904,1508
99.796,1508
99.8015,1508
99.8071,1508
99.8126,1508
99.8186,1508
99.8241,1508
99.8296,1508
99.8351,1508
99.8406,1508
99.8462,1508
99.8516,1508
99.8571,1508
99.8626,1508
99.8681,1508
99.8737,1508
99.8792,1508
99.8847,1508
99.8902,1508
99.8957,1508
99.9012,1508
99.9068,1508
99.9123,1508
99.9181,1508
99.9239,1508
99.9295,1508
99.9349,1508
99.9404,1508
99.9459,1508
99.9514,1508
99.957,1508
99.9625,1508
99.968,1508
99.9736,1508
99.9791,1508
99.9846,1508
99.9901,1508
99.9956,1508
100.001,1508
100.007,1508
100.012,1508
100.018,1508
100.024,1508
100.029,1508
100.035,1508
100.04,1508
100.046,1508
100.051,1508
100.057,1508
100.063,1508
100.068,1508
100.074,1508
100.079,1508
100.085,1508
100.09,1508
100.096,1508
100.101,1508
100.107,1508
100.112,1508
100.118,1508
100.124,1508
100.129,1508
100.135,1508
100.14,1508
100.146,1508
100.151,1508
100.157,1508
100.162,1508
100.168,1508
100.173,1508
100.179,1508
100.184,1508
100.19,1508
100.195,1508
100.201,1508
100.206,1508
100.212,1508
100.217,1508
100.223,1508
100.229,1508
100.234,1508
100.24,1508
100.245,1508
100.251,1508
100.256,1508
100.262,1508
100.268,1508
100.273,1508
100.279,1508
100.284,1508
100.29,1508
100.296,1508
100.301,1508
100.306,1508
100.312,1508
100.317,1508
100.323,1508
100.329,1508
100.334,1508
100.34,1508
100.345,1508
100.351,1508
100.356,1508
100.362,1508
100.367,1508
100.373,1508
100.378,1508
100.384,1508
100.389,1508
100.395,1508
100.4,1508
100.406,1508
100.411,1508
100.417,1508
100.422,1508
100.428,1508
100.434,1508
100.439,1508
100.445,1508
100.45,1508
100.456,1508
100.462,1508
100.467,1508
100.473,1508
100.478,1508
100.484,1508
100.489,1508
100.495,1508
100.5,1508
100.506,1508
100.511,1508
100.517,1508
100.522,1508
100.528,1508
100.534,1508
100.539,1508
100.545,1508
100.55,1508
100.556,1508
100.561,1508
100.567,1508
100.572,1508
100.578,1508
100.583,1508
100.589,1508
100.594,1508
100.6,1508
100.605,1508
100.611,1508
100.616,1508
100.622,1508
100.628,1508
100.633,1508
100.639,1508
100.644,1508
100.65,1508
100.655,1508
100.661,1508
100.666,1508
100.672,1508
100.677,1508
100.683,1508
100.688,1508
100.694,1508
100.7,1508
100.705,1508
100.711,1508
100.716,1508
100.722,1508
100.727,1508
100.733,1508
100.739,1508
100.744,1508
100.75,1508
100.755,1508
100.761,1508
100.766,1508
100.772,1508
100.777,1508
100.783,1508
100.788,1508
100.794,1508
100.799,1508
100.805,1508
100.81,1508
100.816,1508
100.821,1508
100.827,1508
100.832,1508
100.838,1508
100.844,1508
100.849,1508
100.855,1508
100.861,1508
100.867,1508
100.872,1508
100.878,1508
100.883,1508
100.889,1508
100.894,1508
100.9,1508
100.905,1508
100.911,1508
100.916,1508
100.922,1508
100.927,1508
100.933,1508
100.938,1508
100.944,1508
100.949,1508
100.955,1508
100.96,1508
100.966,1508
100.972,1508
100.977,1508
100.982,1508
100.988,1508
100.994,1508
100.999,1508
101.005,1508
101.01,1508
101.016,1508
101.021,1508
101.027,1508
101.032,1508
101.038,1508
101.043,1508
101.049,1508
101.055,1508
101.061,1508
101.067,1508
101.072,1508
101.078,1508
101.083,1508
101.089,1508
101.094,1508
101.1,1508
101.105,1508
101.111,1508
101.116,1508
101.122,1508
101.127,1508
101.133,1508
101.138,1508
101.144,1508
101.15,1508
101.155,1508
101.161,1508
101.166,1508
101.172,1508
101.177,1508
101.183,1508
101.188,1508
101.194,1508
101.199,1508
101.205,1508
101.21,1508
101.216,1508
101.221,1508
101.227,1508
101.232,1508
101.238,1508
101.244,1508
101.249,1508
101.255,1508
101.26,1508
101.266,1508
101.271,1508
101.277,1508
101.283,1508
101.288,1508
101.294,1508
101.299,1508
101.305,1508
101.31,1508
101.316,1508
101.321,1508
101.327,1508
101.332,1508
101.338,1508
101.343,1508
101.349,1508
101.354,1508
101.36,1508
101.366,1508
101.377,1508
101.383,1508
101.388,1508
101.394,1508
101.399,1508
101.405,1508
101.41,1508
101.416,1508
101.422,1508
101.427,1508
101.433,1508
101.438,1508
101.444,1508
101.449,1508
101.455,1508
101.461,1508
101.466,1508
101.472,1508
101.477,1508
101.483,1508
101.488,1508
101.494,1508
101.499,1508
101.505,1508
101.51,1508
101.516,1508
101.521,1508
101.527,1508
101.532,1508
101.538,1508
101.543,1508
101.549,1508
101.554,1508
101.56,1508
101.572,1508
101.577,1508
101.583,1508
101.589,1508
101.594,1508
101.6,1508
101.605,1508
101.611,1508
101.616,1508
101.622,1508
101.627,1508
101.633,1508
101.638,1508
101.644,1508
101.649,1508
101.655,1508
101.661,1508
101.666,1508
101.672,1508
101.677,1508
101.683,1508
101.688,1508
101.694,1508
101.699,1508
101.705,1508
101.71,1508
101.716,1508
101.721,1508
101.727,1508
101.732,1508
101.738,1508
101.743,1508
101.748,1508
101.754,1508
101.76,1508
101.765,1508
101.777,1508
101.782,1508
101.788,1508
101.793,1508
101.799,1508
101.804,1508
101.81,1508
101.815,1508
101.821,1508
101.826,1508
101.832,1508
101.837,1508
101.843,1508
101.848,1508
101.854,1508
101.86,1508
101.865,1508
101.871,1508
101.876,1508
101.882,1508
101.887,1508
101.893,1508
101.899,1508
101.904,1508
101.91,1508
101.915,1508
101.921,1508
101.926,1508
101.932,1508
101.937,1508
101.943,1508
101.949,1508
101.954,1508
101.96,1508
101.966,1508
101.971,1508
101.977,1508
101.982,1508
101.988,1508
101.994,1508
101.999,1508
102.005,1508
102.01,1508
102.016,1508
102.021,1508
102.027,1508
102.032,1508
102.038,1508
102.043,1508
102.049,1508
102.054,1508
102.06,1508
102.065,1508
102.071,1508
102.077,1508
102.083,1508
102.088,1508
102.094,1508
102.099,1508
102.105,1508
102.11,1508
102.116,1508
102.121,1508
102.127,1508
102.132,1508
102.138,1508
102.143,1508
102.149,1508
102.154,1508
102.16,1508
102.165,1508
102.171,1508
102.177,1508
102.183,1508
102.188,1508
102.194,1508
102.199,1508
102.205,1508
102.21,1508
102.216,1508
102.221,1508
102.227,1508
102.233,1508
102.238,1508
102.244,1508
102.249,1508
102.255,1508
102.26,1508
102.266,1508
102.271,1508
102.277,1508
102.283,1508
102.288,1508
102.294,1508
102.3,1508
102.305,1508
102.311,1508
102.316,1508
102.322,1508
102.327,1508
102.333,1508
102.338,1508
102.344,1508
102.349,1508
102.355,1508
102.36,1508
102.366,1508
102.371,1508
102.377,1508
102.383,1508
102.388,1508
102.394,1508
102.399,1508
102.405,1508
102.41,1508
102.416,1508
102.421,1508
102.427,1508
102.432,1508
102.438,1508
102.444,1508
102.449,1508
102.455,1508
102.46,1508
102.466,1508
102.471,1508
102.477,1508
102.483,1508
102.488,1508
102.494,1508
102.499,1508
102.505,1508
102.51,1508
102.516,1508
102.521,1508
102.527,1508
102.532,1508
102.538,1508
102.543,1508
102.549,1508
102.554,1508
102.56,1508
102.565,1508
102.571,1508
102.577,1508
102.583,1508
102.588,1508
102.594,1508
102.599,1508
102.605,1508
102.61,1508
102.616,1508
102.621,1508
102.627,1508
102.632,1508
102.638,1508
102.643,1508
102.649,1508
102.654,1508
102.66,1508
102.665,1508
102.671,1508
102.676,1508
102.682,1508
102.688,1508
102.693,1508
102.699,1508
102.704,1508
102.71,1508
102.715,1508
102.721,1508
102.726,1508
102.732,1508
102.738,1508
102.743,1508
102.749,1508
102.754,1508
102.76,1508
102.765,1508
102.771,1508
102.776,1508
102.782,1508
102.788,1508
102.793,1508
102.799,1508
102.804,1508
102.81,1508
102.815,1508
102.821,1508
102.826,1508
102.832,1508
102.837,1508
102.843,1508
102.848,1508
102.854,1508
102.859,1508
102.865,1508
102.87,1508
102.876,1508
102.881,1508
102.887,1508
102.893,1508
102.899,1508
102.904,1508
102.909,1508
102.915,1508
102.921,1508
102.926,1508
102.932,1508
102.937,1508
102.943,1508
102.948,1508
102.954,1508
102.959,1508
102.965,1508
102.97,1508
102.976,1508
102.981,1508
102.987,1508
102.993,1508
102.998,1508
103.004,1508
103.009,1508
103.015,1508
103.02,1508
103.026,1508
103.031,1508
103.037,1508
103.042,1508
103.048,1508
103.054,1508
103.059,1508
103.065,1508
103.07,1508
103.076,1508
103.081,1508
103.087,1508
103.092,1508
103.098,1508
103.104,1508
103.109,1508
103.115,1508
103.12,1508
103.126,1508
103.131,1508
103.137,1508
103.143,1508
103.148,1508
103.154,1508
103.159,1508
103.165,1508
103.17,1508
103.176,1508
103.181,1508
103.187,1508
103.192,1508
103.198,1508
103.204,1508
103.209,1508
103.215,1508
103.22,1508
103.226,1508
103.231,1508
103.237,1508
103.242,1508
103.248,1508
103.253,1508
103.259,1508
103.264,1508
103.27,1508
103.276,1508
103.281,1508
103.287,1508
103.292,1508
103.298,1508
103.304,1508
103.309,1508
103.315,1508
103.32,1508
103.326,1508
103.331,1508
103.337,1508
103.342,1508
103.348,1508
103.353,1508
103.359,1508
103.365,1508
103.37,1508
103.376,1508
103.381,1508
103.387,1508
103.392,1508
103.398,1508
103.404,1508
103.409,1508
103.415,1508
103.42,1508
103.426,1508
103.431,1508
103.437,1508
103.442,1508
103.448,1508
103.453,1508
103.459,1508
103.464,1508
103.47,1508
103.475,1508
103.481,1508
103.486,1508
103.492,1508
103.497,1508
103.503,1508
103.509,1508
103.514,1508
103.52,1508
103.526,1508
103.531,1508
103.537,1508
103.542,1508
103.547,1508
103.553,1508
103.558,1508
103.564,1508
103.569,1508
103.575,1508
103.58,1508
103.586,1508
103.591,1508
103.597,1508
103.602,1508
103.608,1508
103.614,1508
103.619,1508
103.625,1508
103.63,1508
103.636,1508
103.641,1508
103.647,1508
103.652,1508
103.658,1508
103.663,1508
103.669,1508
103.674,1508
103.68,1508
103.686,1508
103.691,1508
103.697,1508
103.702,1508
103.708,1508
103.714,1508
103.719,1508
103.725,1508
103.73,1508
103.736,1508
103.741,1508
103.747,1508
103.752,1508
103.758,1508
103.763,1508
103.769,1508
103.774,1508
103.78,1508
103.785,1508
103.791,1508
103.796,1508
103.802,1508
103.807,1508
103.813,1508
103.819,1508
103.824,1508
103.83,1508
103.835,1508
103.841,1508
103.846,1508
103.852,1508
103.857,1508
103.863,1508
103.868,1508
103.874,1508
103.879,1508
103.885,1508
103.89,1508
103.896,1508
103.901,1508
103.907,1508
103.913,1508
103.918,1508
103.924,1508
103.929,1508
103.935,1508
103.94,1508
103.946,1508
103.951,1508
103.957,1508
103.962,1508
103.968,1508
103.973,1508
103.979,1508
103.984,1508
103.99,1508
103.995,1508
104.001,1508
104.006,1508
104.012,1508
104.017,1508
104.023,1508
104.028,1508
104.034,1508
104.04,1508
104.045,1508
104.051,1508
104.056,1508
104.062,1508
104.067,1508
104.073,1508
104.078,1508
104.084,1508
104.089,1508
104.095,1508
104.1,1508
104.106,1508
104.111,1508
104.117,1508
104.123,1508
104.128,1508
104.134,1508
104.139,1508
104.145,1508
104.15,1508
104.156,1508
104.162,1508
104.167,1508
104.173,1508
104.178,1508
104.184,1508
104.189,1508
104.195,1508
104.2,1508
104.206,1508
104.211,1508
104.217,1508
104.222,1508
104.228,1508
104.233,1508
104.239,1508
104.244,1508
104.25,1508
104.255,1508
104.261,1508
104.267,1508
104.272,1508
104.284,1508
104.289,1508
104.295,1508
104.3,1508
104.306,1508
104.311,1508
104.317,1508
104.323,1508
104.328,1508
104.334,1508
104.339,1508
104.345,1508
104.35,1508
104.356,1508
104.361,1508
104.367,1508
104.372,1508
104.378,1508
104.383,1508
104.389,1508
104.394,1508
104.4,1508
104.405,1508
104.411,1508
104.416,1508
104.422,1508
104.428,1508
104.433,1508
104.439,1508
104.444,1508
104.45,1508
104.456,1508
104.461,1508
104.467,1508
104.473,1508
104.478,1508
104.484,1508
104.489,1508
104.495,1508
104.5,1508
104.506,1508
104.511,1508
104.517,1508
104.522,1508
104.528,1508
104.534,1508
104.539,1508
104.545,1508
104.55,1508
104.556,1508
104.561,1508
104.567,1508
104.572,1508
104.578,1508
104.583,1508
104.589,1508
104.594,1508
104.6,1508
104.606,1508
104.611,1508
104.617,1508
104.622,1508
104.628,1508
104.633,1508
104.639,1508
104.644,1508
104.65,1508
104.655,1508
104.661,1508
104.666,1508
104.672,1508
104.678,1508
104.683,1508
104.689,1508
104.694,1508
104.7,1508
104.705,1508
104.711,1508
104.716,1508
104.722,1508
104.727,1508
104.733,1508
104.739,1508
104.744,1508
104.75,1508
104.755,1508
104.761,1508
104.766,1508
104.772,1508
104.777,1508
104.783,1508
104.789,1508
104.794,1508
104.8,1508
104.805,1508
104.811,1508
104.816,1508
104.822,1508
104.827,1508
104.833,1508
104.839,1508
104.844,1508
104.85,1508
104.855,1508
104.861,1508
104.866,1508
104.872,1508
104.877,1508
104.883,1508
104.889,1508
104.894,1508
104.899,1508
104.905,1508
104.911,1508
104.916,1508
104.922,1508
104.927,1508
104.933,1508
104.939,1508
104.944,1508
104.95,1508
104.955,1508
104.96,1508
104.966,1508
104.972,1508
104.977,1508
104.983,1508
104.988,1508
104.994,1508
104.999,1508
105.005,1508
105.01,1508
105.016,1508
105.021,1508
105.027,1508
105.032,1508
105.038,1508
105.044,1508
105.049,1508
105.055,1508
105.06,1508
105.065,1508
105.071,1508
105.077,1508
105.082,1508
105.088,1508
105.093,1508
105.099,1508
105.104,1508
105.11,1508
105.115,1508
105.121,1508
105.126,1508
105.132,1508
105.137,1508
105.143,1508
105.149,1508
105.154,1508
105.16,1508
105.165,1508
105.171,1508
105.176,1508
105.182,1508
105.187,1508
105.193,1508
105.198,1508
105.204,1508
105.209,1508
105.215,1508
105.221,1508
105.226,1508
105.232,1508
105.237,1508
105.244,1508
105.25,1508
105.255,1508
105.261,1508
105.266,1508
105.272,1508
105.277,1508
105.283,1508
105.288,1508
105.294,1508
105.299,1508
105.305,1508
105.31,1508
105.316,1508
105.321,1508
105.327,1508
105.332,1508
105.338,1508
105.343,1508
105.349,1508
105.355,1508
105.36,1508
105.366,1508
105.371,1508
105.377,1508
105.382,1508
105.388,1508
105.393,1508
105.399,1508
105.404,1508
105.41,1508
105.415,1508
105.421,1508
105.426,1508
105.432,1508
105.438,1508
105.443,1508
105.449,1508
105.46,1508
105.466,1508
105.471,1508
105.477,1508
105.482,1508
105.488,1508
105.494,1508
105.499,1508
105.505,1508
105.51,1508
105.516,1508
105.521,1508
105.527,1508
105.532,1508
105.538,1508
105.543,1508
105.549,1508
105.554,1508
105.56,1508
105.565,1508
105.571,1508
105.576,1508
105.582,1508
105.587,1508
105.593,1508
105.598,1508
105.604,1508
105.609,1508
105.615,1508
105.621,1508
105.626,1508
105.632,1508
105.637,1508
105.643,1508
105.648,1508
105.654,1508
105.66,1508
105.665,1508
105.671,1508
105.676,1508
105.682,1508
105.687,1508
105.693,1508
105.698,1508
105.704,1508
105.709,1508
105.715,1508
105.72,1508
105.726,1508
105.732,1508
105.737,1508
105.743,1508
105.748,1508
105.754,1508
105.759,1508
105.765,1508
105.77,1508
105.776,1508
105.781,1508
105.787,1508
105.792,1508
105.798,1508
105.803,1508
105.809,1508
105.814,1508
105.82,1508
105.825,1508
105.831,1508
105.836,1508
105.842,1508
105.847,1508
105.853,1508
105.859,1508
105.864,1508
105.87,1508
105.875,1508
105.881,1508
105.886,1508
105.892,1508
105.897,1508
105.903,1508
105.908,1508
105.914,1508
105.919,1508
105.925,1508
105.93,1508
105.936,1508
105.942,1508
105.947,1508
105.953,1508
105.958,1508
105.964,1508
105.97,1508
105.975,1508
105.981,1508
105.986,1508
105.992,1508
105.997,1508
106.003,1508
106.008,1508
106.014,1508
106.019,1508
106.025,1508
106.03,1508
106.036,1508
106.043,1508
106.048,1508
106.054,1508
106.059,1508
106.065,1508
106.071,1508
106.076,1508
106.082,1508
106.087,1508
106.093,1508
106.098,1508
106.104,1508
106.109,1508
106.115,1508
106.12,1508
106.126,1508
106.131,1508
106.137,1508
106.142,1508
106.148,1508
106.153,1508
106.159,1508
106.165,1508
106.17,1508
106.176,1508
106.181,1508
106.187,1508
106.192,1508
106.198,1508
106.203,1508
106.209,1508
106.215,1508
106.22,1508
106.226,1508
106.231,1508
106.237,1508
106.242,1508
106.248,1508
106.253,1508
106.259,1508
106.264,1508
106.27,1508
106.276,1508
106.281,1508
106.287,1508
106.292,1508
106.298,1508
106.303,1508
106.309,1508
106.314,1508
106.32,1508
106.325,1508
106.331,1508
106.336,1508
106.342,1508
106.347,1508
106.353,1508
106.358,1508
106.364,1508
106.369,1508
106.375,1508
106.38,1508
106.386,1508
106.391,1508
106.397,1508
106.402,1508
106.408,1508
106.413,1508
106.419,1508
106.424,1508
106.43,1508
106.435,1508
106.441,1508
106.446,1508
106.452,1508
106.457,1508
106.463,1508
106.468,1508
106.474,1508
106.48,1508
106.485,1508
106.491,1508
106.496,1508
106.502,1508
106.508,1508
106.514,1508
106.52,1508
106.525,1508
106.531,1508
106.536,1508
106.542,1508
106.547,1508
106.553,1508
106.558,1508
106.564,1508
106.569,1508
106.575,1508
106.581,1508
106.586,1508
106.592,1508
106.597,1508
106.603,1508
106.608,1508
106.614,1508
106.619,1508
106.625,1508
106.63,1508
106.636,1508
106.641,1508
106.647,1508
106.652,1508
106.658,1508
106.663,1508
106.669,1508
106.674,1508
106.68,1508
106.685,1508
106.691,1508
106.697,1508
106.702,1508
106.708,1508
106.714,1508
106.719,1508
106.725,1508
106.73,1508
106.736,1508
106.741,1508
106.747,1508
106.752,1508
106.758,1508
106.763,1508
106.769,1508
106.774,1508
106.78,1508
106.786,1508
106.791,1508
106.797,1508
106.802,1508
106.808,1508
106.813,1508
106.819,1508
106.824,1508
106.83,1508
106.835,1508
106.841,1508
106.846,1508
106.852,1508
106.857,1508
106.863,1508
106.869,1508
106.874,1508
106.88,1508
106.885,1508
106.891,1508
106.897,1508
106.902,1508
106.908,1508
106.913,1508
106.919,1508
106.924,1508
106.93,1508
106.935,1508
106.941,1508
106.946,1508
106.952,1508
106.957,1508
106.963,1508
106.968,1508
106.974,1508
106.979,1508
106.985,1508
106.991,1508
106.996,1508
107.002,1508
107.007,1508
107.013,1508
107.018,1508
107.024,1508
107.029,1508
107.035,1508
107.041,1508
107.047,1508
107.052,1508
107.058,1508
107.063,1508
107.069,1508
107.074,1508
107.08,1508
107.086,1508
107.091,1508
107.097,1508
107.102,1508
107.108,1508
107.113,1508
107.119,1508
107.124,1508
107.13,1508
107.135,1508
107.141,1508
107.146,1508
107.152,1508
107.157,1508
107.163,1508
107.168,1508
107.174,1508
107.179,1508
107.185,1508
107.191,1508
107.196,1508
107.202,1508
107.207,1508
107.213,1508
107.218,1508
107.224,1508
107.23,1508
107.236,1508
107.241,1508
107.247,1508
107.252,1508
107.258,1508
107.263,1508
107.269,1508
107.274,1508
107.28,1508
107.285,1508
107.291,1508
107.297,1508
107.302,1508
107.308,1508
107.313,1508
107.319,1508
107.324,1508
107.33,1508
107.335,1508
107.341,1508
107.346,1508
107.352,1508
107.357,1508
107.363,1508
107.368,1508
107.374,1508
107.379,1508
107.385,1508
107.39,1508
107.396,1508
107.402,1508
107.407,1508
107.413,1508
107.418,1508
107.424,1508
107.43,1508
107.435,1508
107.441,1508
107.446,1508
107.452,1508
107.457,1508
107.463,1508
107.468,1508
107.474,1508
107.479,1508
107.485,1508
107.49,1508
107.496,1508
107.502,1508
107.507,1508
107.513,1508
107.518,1508
107.524,1508
107.529,1508
107.535,1508
107.54,1508
107.546,1508
107.552,1508
107.557,1508
107.563,1508
107.568,1508
107.574,1508
107.58,1508
107.585,1508
107.591,1508
107.596,1508
107.602,1508
107.607,1508
107.613,1508
107.618,1508
107.624,1508
107.629,1508
107.635,1508
107.64,1508
107.646,1508
107.651,1508
107.657,1508
107.663,1508
107.668,1508
107.674,1508
107.679,1508
107.685,1508
107.69,1508
107.696,1508
107.701,1508
107.707,1508
107.712,1508
107.718,1508
107.723,1508
107.729,1508
107.734,1508
107.74,1508
107.745,1508
107.751,1508
107.756,1508
107.762,1508
107.767,1508
107.773,1508
107.778,1508
107.784,1508
107.789,1508
107.795,1508
107.801,1508
107.806,1508
107.812,1508
107.817,1508
107.823,1508
107.828,1508
107.834,1508
107.839,1508
107.845,1508
107.85,1508
107.856,1508
107.861,1508
107.867,1508
107.873,1508
107.878,1508
107.884,1508
107.889,1508
107.895,1508
107.9,1508
107.906,1508
107.912,1508
107.917,1508
107.923,1508
107.928,1508
107.934,1508
107.939,1508
107.945,1508
107.95,1508
107.956,1508
107.961,1508
107.967,1508
107.973,1508
107.978,1508
107.984,1508
107.989,1508
107.995,1508
108,1508
108.006,1508
108.012,1508
108.017,1508
108.023,1508
108.028,1508
108.034,1508
108.039,1508
108.045,1508
108.05,1508
108.056,1508
108.061,1508
108.067,1508
108.073,1508
108.078,1508
108.084,1508
108.089,1508
108.095,1508
108.1,1508
108.106,1508
108.112,1508
108.117,1508
108.123,1508
108.128,1508
108.134,1508
108.139,1508
108.145,1508
108.15,1508
108.156,1508
108.161,1508
108.167,1508
108.172,1508
108.178,1508
108.183,1508
108.189,1508
108.194,1508
108.2,1508
108.205,1508
108.211,1508
108.217,1508
108.223,1508
108.228,1508
108.234,1508
108.239,1508
108.245,1508
108.25,1508
108.256,1508
108.261,1508
108.267,1508
108.272,1508
108.278,1508
108.283,1508
108.289,1508
108.294,1508
108.3,1508
108.306,1508
108.311,1508
108.317,1508
108.323,1508
108.328,1508
108.334,1508
108.339,1508
108.345,1508
108.35,1508
108.356,1508
108.361,1508
108.367,1508
108.372,1508
108.378,1508
108.383,1508
108.389,1508
108.394,1508
108.4,1508
108.405,1508
108.411,1508
108.417,1508
108.423,1508
108.428,1508
108.434,1508
108.439,1508
108.445,1508
108.45,1508
108.456,1508
108.461,1508
108.467,1508
108.472,1508
108.478,1508
108.483,1508
108.489,1508
108.494,1508
108.5,1508
108.505,1508
108.511,1508
108.516,1508
108.522,1508
108.528,1508
108.533,1508
108.539,1508
108.544,1508
108.55,1508
108.555,1508
108.561,1508
108.566,1508
108.572,1508
108.578,1508
108.583,1508
108.589,1508
108.594,1508
108.6,1508
108.605,1508
108.611,1508
108.616,1508
108.622,1508
108.628,1508
108.634,1508
108.639,1508
108.645,1508
108.65,1508
108.656,1508
108.661,1508
108.667,1508
108.672,1508
108.678,1508
108.683,1508
108.689,1508
108.694,1508
108.7,1508
108.705,1508
108.711,1508
108.716,1508
108.722,1508
108.728,1508
108.733,1508
108.739,1508
108.744,1508
108.75,1508
108.755,1508
108.761,1508
108.766,1508
108.772,1508
108.777,1508
108.783,1508
108.788,1508
108.794,1508
108.799,1508
108.805,1508
108.81,1508
108.816,1508
108.821,1508
108.827,1508
108.833,1508
108.839,1508
108.844,1508
108.85,1508
108.855,1508
108.861,1508
108.866,1508
108.872,1508
108.877,1508
108.883,1508
108.888,1508
108.894,1508
108.899,1508
108.905,1508
108.91,1508
108.916,1508
108.921,1508
108.927,1508
108.933,1508
108.938,1508
108.944,1508
108.949,1508
108.955,1508
108.96,1508
108.966,1508
108.972,1508
108.977,1508
108.983,1508
108.988,1508
108.994,1508
108.999,1508
109.005,1508
109.01,1508
109.016,1508
109.021,1508
109.027,1508
109.032,1508
109.038,1508
109.044,1508
109.049,1508
109.055,1508
109.06,1508
109.066,1508
109.071,1508
109.077,1508
109.082,1508
109.088,1508
109.093,1508
109.099,1508
109.104,1508
109.11,1508
109.115,1508
109.121,1508
109.126,1508
109.132,1508
109.138,1508
109.143,1508
109.149,1508
109.154,1508
109.16,1508
109.166,1508
109.171,1508
109.177,1508
109.182,1508
109.188,1508
109.193,1508
109.199,1508
109.204,1508
109.21,1508
109.215,1508
109.221,1508
109.226,1508
109.232,1508
109.238,1508
109.243,1508
109.249,1508
109.255,1508
109.26,1508
109.266,1508
109.271,1508
109.277,1508
109.282,1508
109.288,1508
109.293,1508
109.299,1508
109.304,1508
109.31,1508
109.315,1508
109.321,1508
109.326,1508
109.332,1508
109.337,1508
109.344,1508
109.349,1508
109.355,1508
109.36,1508
109.366,1508
109.371,1508
109.377,1508
109.382,1508
109.388,1508
109.393,1508
109.399,1508
109.404,1508
109.41,1508
109.415,1508
109.421,1508
109.426,1508
109.432,1508
109.437,1508
109.443,1508
109.449,1508
109.454,1508
109.46,1508
109.466,1508
109.471,1508
109.477,1508
109.482,1508
109.488,1508
109.493,1508
109.499,1508
109.504,1508
109.51,1508
109.515,1508
109.521,1508
109.526,1508
109.532,1508
109.537,1508
109.543,1508
109.549,1508
109.554,1508
109.56,1508
109.565,1508
109.571,1508
109.576,1508
109.582,1508
109.587,1508
109.593,1508
109.598,1508
109.604,1508
109.61,1508
109.615,1508
109.621,1508
109.626,1508
109.632,1508
109.637,1508
109.643,1508
109.649,1508
109.654,1508
109.66,1508
109.665,1508
109.671,1508
109.676,1508
109.682,1508
109.687,1508
109.693,1508
109.698,1508
109.704,1508
109.709,1508
109.715,1508
109.721,1508
109.726,1508
109.731,1508
109.737,1508
109.742,1508
109.748,1508
109.754,1508
109.759,1508
109.765,1508
109.77,1508
109.776,1508
109.781,1508
109.787,1508
109.792,1508
109.798,1508
109.804,1508
109.809,1508
109.815,1508
109.82,1508
109.826,1508
109.831,1508
109.837,1508
109.842,1508
109.848,1508
109.854,1508
109.859,1508
109.865,1508
109.87,1508
109.876,1508
109.881,1508
109.887,1508
109.892,1508
109.898,1508
109.903,1508
109.909,1508
109.914,1508
109.92,1508
109.925,1508
109.931,1508
109.936,1508
109.942,1508
109.947,1508
109.953,1508
109.959,1508
109.964,1508
109.97,1508
109.975,1508
109.981,1508
109.986,1508
109.992,1508
109.998,1508
