10.0005,13
10.0006,10
10.0007,0
10.0013,12
10.1334,0
10.1443,4
10.1675,0
10.1846,5
10.359,4
10.5476,2
11.1859,0
11.2023,15
11.2024,7
11.2025,0
11.2079,8
11.208,0
11.2134,3
11.2138,0
11.2192,3
11.2192,0
11.2247,15
11.2248,0
11.2302,1
11.2303,0
11.2357,8
11.7365,3
11.7368,0
11.7422,14
11.7423,9
11.7477,2
11.7532,0
11.7586,12
11.759,3
11.7701,0
11.7809,14
11.781,10
11.7812,5
11.7867,4
11.7868,0
11.7922,3
11.7928,0
11.7983,15
12.3051,0
12.3052,3
12.3053,0
12.3108,1
12.3108,0
12.311,14
12.3164,3
12.3165,0
12.3219,12
12.322,0
12.3222,14
12.3222,11
12.3222,8
12.3277,7
12.3278,1
12.3278,0
12.3333,1
12.3334,0
12.3336,6
12.3336,4
12.3337,0
12.3391,4
12.3446,0
12.3501,6
12.3505,0
12.3561,10
12.3562,0
12.3617,12
12.3617,9
12.3672,6
12.3672,3
12.3727,2
12.3727,0
12.3781,14
12.3782,8
12.3837,6
12.3837,3
12.3837,0
12.3892,12
12.3892,7
12.3947,6
12.3947,2
12.3948,0
12.4056,15
12.406,9
12.4115,6
12.4115,0
12.4172,6
12.4173,0
12.4228,10
12.4229,0
12.4231,13
12.4232,7
12.4232,0
12.4234,3
12.4235,0
12.4236,9
12.4237,2
12.4237,0
12.4239,13
12.4241,0
12.4242,4
12.4243,3
12.4243,0
12.4245,13
12.4246,0
12.4248,15
12.425,0
12.4251,2
12.4252,0
12.4254,6
12.4255,0
12.4258,3
12.4259,0
12.4261,11
12.4261,6
12.4262,0
12.4264,4
12.4264,0
12.4266,11
12.4267,5
12.4268,0
12.4269,10
12.427,0
12.4272,7
12.4273,5
12.4273,0
12.4275,1
12.4275,0
12.4277,5
12.4278,0
12.428,13
12.428,10
12.4281,0
12.4283,9
12.4283,8
12.4285,6
12.434,3
12.434,1
12.4395,0
12.4396,4
12.4397,0
12.4451,3
12.4455,0
12.4509,12
12.4509,9
12.4564,6
12.4564,5
12.4564,4
12.4619,0
12.4674,3
12.4675,1
12.4675,0
12.4676,1
12.4677,0
12.4731,5
12.4732,0
12.4786,3
12.4786,0
12.484,14
12.9876,9
12.9885,8
12.9939,1
12.9994,0
13.0048,3
13.0048,0
13.0102,1
13.0103,0
13.0157,4
13.0158,0
13.0212,11
13.5227,0
13.5283,11
13.5284,4
13.5284,0
13.5338,6
13.5339,0
13.5393,15
14.0557,8
14.0557,0
14.0611,6
14.0612,2
14.0613,0
14.0614,2
14.0668,0
14.0722,7
14.5726,2
14.5732,0
14.5786,12
14.5788,3
14.5842,0
14.5896,14
14.5898,1
14.5952,0
14.6009,6
14.601,0
14.6064,14
14.6065,13
14.6065,9
14.612,6
14.612,3
14.6175,0
14.6229,2
14.623,0
14.6284,2
15.1351,0
15.1405,10
15.1419,9
15.1474,6
15.1475,0
15.153,1
15.6576,0
15.6577,7
15.6578,0
15.6632,1
15.6633,0
15.6687,4
15.6688,0
15.6742,15
15.6743,2
15.6744,0
15.6852,10
15.6865,0
15.6919,12
15.692,6
15.6975,0
15.7029,1
15.703,0
15.7084,14
15.7084,12
15.7139,6
15.714,4
15.714,0
15.7195,5
15.7198,2
15.7253,0
15.7254,13
15.7255,7
15.731,6
15.731,1
15.7365,0
15.7419,7
15.742,1
15.742,0
15.7474,13
15.7475,7
15.753,5
15.753,0
15.7639,9
16.2745,0
16.2799,14
16.7813,7
16.7882,2
16.7882,0
16.7936,4
16.799,2
16.799,0
16.8044,1
16.8098,0
16.8152,10
16.8153,8
16.8208,0
16.8262,8
17.3331,3
17.3386,0
17.3387,5
17.3389,2
17.3443,0
17.3497,9
17.3498,1
17.3555,0
17.3609,14
17.8665,10
17.8665,9
17.8722,0
17.8776,12
17.8831,6
17.8831,4
17.8885,3
17.8886,0
17.894,5
17.8941,0
17.8995,7
17.905,1
17.9104,0
17.9215,15
17.9216,7
17.927,1
17.927,0
17.9272,12
17.9326,2
17.9381,0
17.9435,2
17.9489,0
18.4724,4
18.9807,1
18.9807,0
18.9861,8
18.9924,4
18.9925,0
18.9979,15
19.2174,13
19.5276,10
19.5277,1
19.5332,0
19.5333,12
19.5388,11
19.5388,9
19.539,6
19.5499,0
19.5554,10
19.5556,0
19.5557,15
19.5669,10
19.5727,7
19.5781,6
19.5782,5
19.5836,3
19.5904,0
19.5958,14
19.596,4
19.6015,0
19.6069,11
19.607,4
19.6071,0
19.6125,11
19.6128,10
19.6183,6
19.6183,4
19.6238,0
19.6239,7
19.624,2
19.6294,0
19.6348,11
19.6403,8
19.6404,0
19.6458,6
19.6459,0
19.6513,10
20.1554,4
20.1555,0
20.1677,10
21.1706,7
21.1762,3
21.1762,0
21.187,8
21.1871,6
21.1925,5
21.1981,0
21.209,7
21.2175,6
21.2175,0
21.2284,3
21.2285,0
21.2339,1
21.2339,0
21.2393,14
21.2394,12
21.2449,6
21.2449,5
21.2504,0
21.2561,9
21.2563,0
21.2672,2
21.2673,0
21.2728,6
21.2748,0
21.2749,1
21.2803,0
21.2858,13
21.2912,11
21.2967,8
21.3023,6
21.3078,3
21.3135,1
21.3135,0
21.3137,13
21.3137,10
21.3192,8
21.325,4
21.3307,0
21.3361,7
21.3361,6
21.3362,3
21.3363,0
21.3417,3
21.3418,1
21.3418,0
21.3472,5
21.3472,3
21.3529,0
21.3638,6
21.3692,3
21.3694,1
21.3694,0
21.3748,11
21.375,0
21.3804,3
21.3804,1
21.3805,0
21.3807,5
21.3861,0
21.397,8
21.3971,7
21.3971,6
21.4027,5
21.4028,4
21.4083,2
21.414,0
21.4194,1
21.4195,0
21.4249,4
21.425,0
21.4304,10
21.4304,9
21.4305,8
21.4306,0
21.4308,11
21.4365,10
21.4366,2
21.4422,0
21.4476,15
21.4477,10
21.4584,7
21.4691,3
21.4746,0
21.48,12
21.4802,9
21.4802,5
21.4857,4
21.4857,1
21.4913,0
21.4967,5
21.5021,3
21.5022,0
21.5023,11
21.5023,10
21.5078,7
21.5189,5
21.5243,1
21.5301,0
21.5355,9
21.5358,8
21.5358,6
21.5414,4
21.5469,1
21.5524,0
21.5578,12
22.0626,7
22.0638,4
22.0639,0
22.0751,1
22.0923,0
22.0977,13
22.0978,12
22.1034,9
22.1035,1
22.1144,0
22.1199,12
22.1253,7
22.1254,0
22.1308,6
22.1308,4
22.1363,0
22.1417,7
22.1417,3
22.1418,0
22.1472,6
22.1527,2
22.153,0
22.1532,14
22.1587,7
22.1641,0
22.1695,1
22.1699,0
22.1753,11
22.1808,0
22.1862,4
22.1863,0
22.1971,10
22.1972,4
22.2026,0
22.2081,5
22.2082,0
22.2083,5
22.2084,0
22.2138,1
22.214,0
22.2194,3
22.2248,0
22.2302,2
22.2303,0
22.2357,8
22.2412,1
22.2412,0
22.2466,11
22.252,7
22.2523,5
22.2578,0
22.2632,8
22.2632,4
22.2633,1
22.2687,0
22.2741,7
22.2744,6
22.2799,0
22.2853,15
22.2854,6
22.2908,0
22.2963,8
22.2963,4
22.2964,0
22.3018,15
22.3018,12
22.302,10
22.302,2
22.3074,0
22.3128,2
22.3129,0
22.3183,11
22.3238,2
22.3238,0
22.3292,13
22.3346,11
22.3347,2
22.3401,0
22.3456,14
22.3511,0
22.3565,12
22.3568,7
22.3623,0
22.3677,9
22.3678,6
22.3734,5
22.3789,0
22.3843,3
22.3844,0
22.3898,8
22.3952,6
22.3953,0
22.4061,12
22.4116,0
22.417,5
22.4225,0
22.4279,3
22.4279,1
22.4333,0
22.4387,14
22.4389,4
22.4443,0
22.4497,5
22.4498,0
22.4552,14
22.4606,11
22.4607,0
22.4661,8
22.4662,1
22.4662,0
22.4717,4
22.4717,1
22.4718,0
22.4772,4
22.4776,0
22.483,14
22.4831,13
22.4831,2
22.4833,0
22.4887,15
22.4888,5
22.4942,0
22.4996,15
22.4997,14
22.4997,10
22.5052,0
22.5107,7
22.5108,3
22.5162,0
22.5163,6
22.5164,0
22.5218,8
22.5219,5
22.522,0
22.5274,5
22.5275,4
22.5329,0
22.5383,9
22.5384,7
22.5384,0
22.5439,11
22.5494,0
22.5548,12
22.5602,8
22.5606,0
22.566,6
22.5715,0
22.5769,6
22.5826,0
22.588,8
22.5881,6
22.5935,0
22.5989,4
22.6044,1
22.6044,0
22.6098,15
22.6207,14
22.6262,7
22.6317,6
22.6317,5
22.6372,0
22.6426,11
22.6429,10
22.6484,7
22.6539,6
22.6539,2
22.6594,0
22.6648,6
22.6649,0
22.6703,6
22.6704,0
22.6758,6
22.6759,0
22.6813,12
22.6817,1
22.6818,0
22.6872,4
22.6872,0
22.6981,15
22.6982,9
22.6983,0
22.7037,6
22.7038,0
22.7092,6
22.7093,0
22.7147,15
22.7148,5
22.7149,0
22.7203,6
22.7204,0
22.7258,6
22.7259,3
22.7259,0
22.7313,1
23.2348,0
23.2416,12
23.2417,11
23.2418,9
23.2419,0
23.2473,8
23.2473,5
23.2474,4
23.2529,0
23.2583,13
23.2587,8
23.2794,6
23.2794,4
23.2848,2
23.2904,0
23.2958,9
23.2961,5
23.3017,2
23.3109,0
23.3223,15
23.3224,14
23.3225,13
23.3281,4
23.3281,3
23.3336,0
23.339,11
23.3391,6
23.3392,1
23.3566,0
23.362,4
23.3785,0
23.3842,15
23.3842,14
23.4013,3
23.4155,0
23.4209,15
23.9258,10
23.9273,0
23.9327,2
23.9342,1
23.9453,0
23.9507,9
23.9672,6
23.9672,5
23.9728,0
23.9785,15
24.4825,0
24.4879,14
24.488,0
24.4935,7
24.4935,6
24.4936,0
24.499,14
24.4991,3
24.4991,0
24.5045,1
24.5046,0
24.51,5
24.5101,0
24.5155,3
24.5156,1
24.5156,0
24.521,15
24.5212,0
24.5266,15
24.527,7
24.527,0
24.5324,6
24.5325,0
24.5434,1
24.5434,0
24.5488,14
24.549,0
24.5544,11
24.5546,0
24.5654,15
24.5656,0
24.571,15
24.5711,13
24.5712,0
24.5766,3
24.5767,0
24.5821,8
24.5822,0
24.5876,3
24.5877,0
24.5931,1
24.5931,0
24.5985,4
24.5986,0
24.604,9
24.6041,0
24.615,12
24.6152,0
24.6206,3
25.1294,1
25.1294,0
25.1348,1
25.1349,0
25.1403,1
25.1459,0
25.1514,15
25.1514,13
25.1623,10
25.1623,8
25.1678,7
25.1732,6
25.1734,1
25.179,0
25.1844,3
25.1845,0
25.19,9
25.1953,8
25.2119,2
25.2174,0
25.2176,1
25.2512,0
25.2621,4
25.2622,0
25.2624,4
25.2624,3
25.2817,0
25.2871,3
25.2872,1
25.3038,0
25.3093,6
25.3095,1
25.3218,0
25.3219,5
25.3343,0
25.3398,6
25.3398,0
25.3453,11
25.3456,7
25.3458,6
25.3568,0
25.357,5
25.3624,3
25.3678,1
25.3732,0
25.3734,14
25.387,5
25.3947,0
25.4001,12
25.4003,10
25.4094,7
25.4094,0
25.4149,10
25.4149,7
25.4204,6
25.4204,4
25.4204,0
25.4259,14
25.426,6
25.4314,4
25.4315,0
25.4369,14
25.4425,11
25.4425,10
25.4479,5
25.4482,2
25.4537,0
25.4539,6
25.4539,0
25.4594,7
25.4594,2
25.4649,1
25.4704,0
25.4758,12
25.4759,2
25.4814,0
25.4868,10
25.4869,7
25.4923,6
25.4924,1
25.4924,0
25.4978,4
25.4979,2
25.5033,0
25.5087,5
25.5091,1
25.5146,0
25.52,14
25.52,12
25.5201,9
25.5255,6
25.5256,4
25.5311,0
25.5365,12
25.5366,1
25.5475,0
25.5532,4
25.5533,0
25.5587,6
25.5588,0
25.5642,8
25.5643,6
25.5697,2
25.5752,0
25.5806,5
26.0871,0
26.0925,10
26.0925,8
26.098,2
26.098,0
26.1034,8
26.1034,7
26.1089,1
26.1089,0
26.1143,1
26.1144,0
26.1198,6
26.1252,0
26.1307,2
26.1361,0
26.1415,15
26.1416,13
26.147,9
26.1473,5
26.1473,4
26.1527,2
26.1528,0
26.1582,9
26.164,0
26.1694,8
26.1695,0
26.1749,14
26.1749,11
26.1751,9
26.1751,0
26.1805,15
26.1806,14
26.186,12
26.186,8
26.1915,0
26.1969,3
26.2024,0
26.2078,6
26.2079,0
26.2133,4
26.7218,0
26.7312,13
26.7312,9
26.7313,0
26.7367,11
26.7368,9
26.7536,0
26.7592,12
26.7594,9
26.7596,0
26.765,10
26.7651,9
26.7705,6
26.7705,0
26.7707,11
26.7764,10
26.7819,8
26.7819,4
26.7985,0
26.8039,6
26.8094,0
26.8202,4
26.8203,1
26.8204,0
26.8205,11
26.8206,7
26.826,6
26.8261,2
26.8315,0
26.8369,15
26.8423,13
26.8701,9
26.8756,8
26.8756,3
26.8811,0
26.8868,7
26.8868,4
26.887,0
26.8924,2
26.8924,0
26.8979,15
26.9089,12
26.9199,7
26.9254,0
26.9256,7
26.9256,6
26.9314,2
26.9369,0
26.9423,15
26.9424,14
26.9427,13
26.9482,10
26.9482,5
26.9537,0
26.9591,7
26.9593,3
26.9593,0
26.9702,3
26.9762,0
26.9816,10
26.982,5
26.9875,2
26.9875,0
26.9929,2
26.993,0
26.9984,3
26.9986,0
26.9988,4
26.9988,3
27.0216,0
27.0271,4
27.0271,2
27.0326,0
27.038,15
27.0381,12
27.0382,9
27.0437,1
27.0495,0
27.0549,4
27.055,1
27.0664,0
27.0775,1
27.084,0
27.0898,3
27.0916,0
27.0917,12
27.0918,8
27.0918,4
27.0973,0
27.1028,14
27.1137,11
27.1137,9
27.1275,6
27.1331,5
27.1386,0
27.1388,8
27.1451,2
27.1508,0
27.1563,7
27.1564,6
27.162,0
27.1621,5
27.1622,3
27.1734,2
27.1736,0
27.179,3
27.1792,0
27.1846,6
27.1903,4
27.2013,0
27.2067,7
27.2069,0
27.2071,4
27.2127,0
27.2181,11
27.2181,10
27.2182,1
27.2402,0
27.2456,12
27.2457,5
27.2515,0
27.2569,14
27.2569,13
27.2571,10
27.2788,5
27.2843,0
27.2954,3
27.2955,0
27.3009,6
27.3011,0
27.3065,13
27.3243,7
27.3445,6
27.3635,1
27.3888,0
27.3942,5
27.4016,0
27.4073,7
27.4187,6
27.4241,5
27.4242,0
27.4405,11
27.4406,8
27.4462,2
27.4462,0
27.4516,5
27.4625,0
27.468,7
27.468,5
27.4744,1
27.4747,0
27.4824,10
27.4987,5
27.5081,4
27.5136,2
27.5191,1
27.5247,0
27.5412,1
27.5466,0
27.552,5
27.5521,2
27.5633,0
27.5688,9
27.5689,6
27.5858,0
27.586,1
27.5913,0
27.5968,1
27.5971,0
27.6025,11
27.6025,9
27.608,0
27.6134,2
27.6135,1
27.6189,0
27.6243,3
27.6243,2
27.6298,0
27.6352,13
27.6353,7
27.6407,0
27.6461,10
27.6462,9
27.6516,5
27.6516,0
27.6625,4
27.6626,0
27.668,12
27.668,10
27.6681,0
27.6736,4
27.6736,0
27.679,15
27.6792,0
27.6846,2
27.6847,0
27.6901,10
27.6902,0
27.6956,5
27.6957,1
27.6957,0
27.7011,10
27.7015,4
27.7015,0
27.707,1
27.707,0
27.7124,3
27.7125,0
27.7179,10
27.718,7
27.718,0
27.7234,14
27.7236,4
27.7236,0
27.729,4
27.7291,0
27.7346,3
27.7346,0
27.7348,10
27.7349,0
27.7403,8
28.2456,3
28.247,0
28.2524,3
28.7672,0
28.7791,13
28.7792,12
28.7793,11
28.7849,6
28.7849,0
28.7903,4
28.8011,3
28.8011,0
28.8066,5
28.8068,3
28.807,0
28.8124,15
28.8353,10
28.8356,9
28.8411,0
28.8465,4
28.8576,3
28.8576,0
28.8687,1
28.8689,0
28.8743,2
28.8797,0
28.8799,5
28.8799,4
28.891,2
28.891,0
28.8965,9
28.8965,3
28.9113,0
28.9167,6
28.9168,0
28.9361,9
28.9361,7
28.9415,6
28.9474,2
28.9475,0
28.9583,13
28.9583,12
28.9695,0
28.9749,8
28.9859,7
29.003,4
29.0086,0
29.0087,10
29.0088,9
29.0088,4
29.0145,0
29.0202,5
29.0256,4
29.0367,2
29.0531,0
29.0585,14
29.0586,9
29.0641,6
29.0641,3
29.0641,0
29.0695,1
29.0771,0
29.0825,8
29.0826,6
29.088,4
29.0881,0
29.0935,5
29.0938,4
29.0938,1
29.0993,0
29.1048,10
29.1166,1
29.1221,0
29.1223,10
29.1223,3
29.1278,0
29.1332,8
29.1336,1
29.1495,0
29.1496,8
29.1676,1
29.1747,0
29.1801,2
29.1802,0
29.1803,1
29.1857,0
29.1911,15
29.1911,14
29.2022,1
29.208,0
29.2136,12
29.2138,10
29.2195,8
29.2377,4
29.2431,3
29.2601,0
29.2655,8
29.2771,6
29.2771,0
29.2825,11
29.2882,10
29.2942,8
29.2942,6
29.3018,0
29.3127,12
29.3128,4
29.3129,3
29.3129,1
29.3185,0
29.3239,2
29.3242,0
29.3296,12
29.3297,8
29.3297,6
29.3466,2
29.3521,0
29.3575,14
29.3576,12
29.3631,6
29.3741,0
29.3795,5
29.3796,4
29.3858,2
29.3913,1
29.3968,0
29.4022,10
29.4076,8
29.4415,7
29.4519,4
29.4574,0
29.4628,9
29.4629,7
29.463,3
29.463,0
29.474,12
29.4741,8
29.4743,2
29.4798,0
29.4799,7
29.48,5
29.4801,4
29.4871,3
29.4871,2
29.4926,0
29.5034,4
29.5038,3
29.5093,0
29.5147,6
29.5147,2
29.5149,0
29.5203,1
29.5203,0
29.5257,4
29.526,0
29.5314,15
29.537,2
29.5427,0
29.5481,13
29.5482,3
29.5482,0
29.5537,13
29.5538,0
29.5593,9
29.5594,0
29.5595,4
29.5596,0
29.565,2
29.5651,0
29.5705,6
29.5706,0
29.576,7
29.5761,4
29.5761,0
29.587,11
29.5871,1
29.5871,0
29.5925,5
29.5926,0
29.598,10
29.5981,2
29.5981,0
29.6036,5
29.6036,0
29.6091,3
29.6091,0
29.6145,8
29.6146,0
29.6201,12
29.6202,3
29.6202,0
29.6256,3
29.6257,0
29.6311,11
29.6312,3
29.6312,0
29.6366,3
29.6367,0
29.6421,7
29.6422,0
29.6476,9
29.648,1
29.648,0
29.6534,1
29.6535,0
29.6589,15
29.6591,3
29.6591,0
29.6645,7
30.1679,2
30.1693,0
30.1747,10
30.1748,9
30.1749,0
30.1803,15
30.1804,13
30.1858,12
30.1914,3
30.1914,0
30.2131,1
30.2132,0
30.2186,4
30.2186,2
30.2248,0
30.2302,4
30.2303,1
30.2304,0
30.2358,1
30.2358,0
30.236,13
30.2415,3
30.2417,1
30.2417,0
30.2471,5
30.7475,0
30.7676,12
30.7676,9
30.7733,8
30.779,5
30.7791,1
30.7846,0
30.79,9
30.7901,8
30.7901,1
30.7957,0
30.8011,6
30.8011,3
30.8066,0
30.812,15
30.812,11
30.8175,1
30.823,0
30.8284,13
30.8285,9
30.8342,8
30.851,0
30.8621,15
30.8624,11
30.8625,4
30.8682,2
30.8772,1
30.8772,0
30.8826,15
30.8828,11
30.9017,8
30.9131,1
30.924,0
30.9294,1
30.9294,0
30.9348,15
30.9405,12
30.946,8
30.9516,5
30.9516,0
30.957,7
30.9573,5
30.9661,0
30.9715,3
30.9716,1
30.9716,0
30.977,5
30.9774,3
30.9882,2
30.9882,1
31.0013,0
31.0068,2
31.0068,0
31.0122,6
31.0123,4
31.0177,0
31.0231,12
31.0232,9
31.0287,6
31.0287,0
31.0342,11
31.0343,2
31.0345,0
31.0347,15
31.0347,12
31.0405,1
31.0406,0
31.046,4
31.0461,0
31.0569,5
31.057,1
31.057,0
31.0624,6
31.0625,0
31.0681,1
31.0681,0
31.0736,14
31.58,8
31.58,1
31.5854,0
31.5908,3
31.5912,1
31.5912,0
31.5966,7
31.6021,0
31.6075,5
31.6076,0
31.6184,9
31.6184,8
31.6239,2
31.6239,0
31.6293,6
31.6348,0
31.6456,5
31.6457,0
31.6511,6
31.6566,0
31.6675,8
31.6729,4
31.6732,0
31.6786,15
31.6841,14
31.6842,0
31.6897,7
31.6954,0
31.7009,7
31.701,0
31.7118,6
31.7119,0
31.7173,14
31.7228,9
31.7229,0
31.7283,7
31.7338,0
31.7392,1
31.7392,0
31.7446,11
31.7501,10
31.7502,0
31.7665,3
31.7665,0
31.7667,12
31.7667,11
31.7722,0
31.7776,1
31.7791,0
31.7845,14
31.7846,11
31.7902,2
31.7959,0
31.8128,6
31.8129,3
31.8183,0
31.8237,4
32.3286,0
32.334,6
32.3341,4
32.3395,0
32.3449,12
32.345,7
32.3504,3
32.3505,0
32.3559,12
32.356,6
32.3614,0
32.3776,5
32.3777,0
32.3831,2
32.3886,0
32.394,2
32.3943,0
32.3997,4
32.3997,1
32.4051,0
32.4106,5
32.4109,0
32.4163,9
32.4218,1
32.4218,0
32.4273,3
32.4273,0
32.4327,4
32.4382,0
32.4436,5
32.4491,0
32.4545,12
32.4545,8
32.4546,5
32.46,4
32.46,0
32.4654,8
32.4655,3
32.4709,0
32.4763,8
32.4764,3
32.4764,2
32.4818,0
32.4872,8
32.4873,7
32.4927,3
32.493,2
32.4984,0
32.5038,2
32.5039,0
32.5094,7
32.5151,0
32.5152,2
32.5207,0
32.5315,3
32.5316,0
32.537,11
32.5372,0
32.5426,7
32.5427,0
32.5481,11
32.5482,3
32.5482,0
32.5536,10
32.5538,0
32.5592,3
32.5592,2
32.5592,0
32.5646,1
32.5647,0
32.5702,13
32.5702,9
32.5703,0
32.5705,1
32.5705,0
32.5759,3
32.576,0
32.5869,10
32.587,0
32.5924,1
32.5924,0
32.5979,14
32.5979,13
32.598,0
32.6034,3
32.6035,0
32.6089,2
32.609,0
32.6144,11
32.6147,8
32.6148,0
32.6202,15
33.1283,10
33.1298,8
33.1394,1
33.1448,0
33.1503,10
33.1557,4
33.1612,0
33.1613,4
33.1614,1
33.1669,0
33.1723,12
33.1724,8
33.1778,7
33.1833,6
33.1833,4
33.1896,3
33.1897,0
33.1951,13
33.1952,10
33.2007,8
33.2008,0
33.2009,5
33.201,3
33.2065,0
33.2119,7
33.2122,1
33.2123,0
33.2177,2
33.2339,0
33.2396,10
33.2397,4
33.2453,0
33.2507,8
33.2508,2
33.2661,1
33.2661,0
33.2663,2
33.2663,0
33.2717,4
33.2718,0
33.2772,9
33.2773,3
33.2828,0
33.2883,4
33.2941,0
33.2942,2
33.2995,0
33.2996,9
33.2997,7
33.3051,6
33.3052,2
33.3052,0
33.3106,2
33.3107,0
33.3161,3
33.3216,0
33.3218,15
33.3218,14
33.3273,6
33.3274,2
33.3328,0
33.3385,2
33.3386,0
33.344,8
33.3441,5
33.3496,0
33.355,9
33.3551,1
33.3551,0
33.3605,2
33.3606,0
33.3607,3
33.3608,0
33.3662,15
33.3663,6
33.3663,2
33.3665,0
33.372,9
33.3721,0
33.3775,8
33.3776,0
33.3777,15
33.3779,3
33.3781,1
33.3781,0
33.3835,6
33.3836,0
33.389,12
33.3891,10
33.3948,8
33.4003,6
33.4003,1
33.4003,0
33.4057,3
33.4058,0
33.4112,1
33.4113,0
33.4221,7
33.4222,5
33.4277,0
33.4331,11
33.4334,9
33.4389,6
33.439,2
33.4444,0
33.4498,2
33.4499,0
33.4554,11
33.4555,5
33.4555,0
33.4611,12
33.4612,9
33.4614,1
33.4669,0
33.4723,11
33.4724,1
33.4779,0
33.4833,6
33.4834,2
33.4889,0
33.4943,10
33.4943,5
33.4944,4
33.5001,0
33.5055,14
33.5057,2
33.5112,0
33.5166,7
33.5166,2
33.5221,0
33.5275,13
33.5276,8
33.5277,1
33.5332,0
33.5386,15
33.539,7
33.5444,6
33.5444,4
33.5499,3
33.5554,0
33.5608,3
33.5609,0
33.5663,10
33.5663,9
33.5663,6
33.5719,0
33.5773,3
33.5773,0
33.5882,12
33.5883,0
33.5992,2
33.5995,1
33.605,0
33.6104,6
33.6105,0
33.6159,1
33.616,0
33.6214,1
33.6214,0
33.6268,3
33.6269,0
33.6378,1
33.6381,0
33.6435,13
33.6437,0
33.6545,13
33.6547,0
33.6601,12
33.6602,10
33.6657,6
33.6657,3
33.6712,0
33.6766,6
34.1929,0
34.1983,6
34.1984,3
34.2038,2
34.2092,0
34.2147,9
34.2151,1
34.2152,0
34.2206,8
34.2301,7
34.2356,3
34.2359,2
34.2464,0
34.2576,15
34.263,12
34.2685,6
34.2685,3
34.2686,0
34.2794,11
34.2795,2
34.2797,0
34.2851,4
34.2852,3
34.2852,2
34.3014,0
34.3068,11
34.3069,10
34.3123,8
34.3123,4
34.3234,0
34.3288,2
34.3289,0
34.3343,12
34.3343,11
34.3397,7
34.3401,4
34.3468,0
34.3522,4
34.3522,3
34.3524,0
34.3525,9
34.3601,8
34.3655,5
34.3711,0
34.3765,6
34.3766,0
34.382,4
34.3953,2
34.3953,0
34.4007,6
34.4061,5
34.4062,0
34.4116,15
34.4116,13
34.426,8
34.4315,4
34.4513,2
34.4567,0
34.4627,11
34.4682,1
34.5065,0
34.5119,12
34.512,8
34.5283,5
34.535,3
34.546,1
34.5514,0
34.5568,9
34.5569,7
34.557,0
34.5682,3
34.5682,2
34.5736,0
34.5738,8
34.5792,7
34.585,0
34.5904,1
34.5904,0
34.5959,14
34.6013,12
34.6015,10
34.6126,7
34.6181,6
34.6181,4
34.6181,0
34.6183,12
34.6236,9
34.6349,6
34.635,0
34.6404,8
34.6458,4
34.6461,3
34.6516,2
34.6571,0
34.6625,4
34.6628,1
34.6737,0
34.6791,8
34.6792,1
34.6846,0
34.69,1
34.6901,0
34.6956,8
34.7068,5
34.718,0
34.7182,6
34.7182,4
34.7248,2
34.7251,0
34.7305,10
34.7305,8
34.7306,7
34.7415,4
34.7476,0
34.753,11
34.7533,2
34.7534,0
34.7644,6
34.7648,0
34.7702,10
34.7867,9
34.8003,7
34.8059,0
34.8113,2
34.8114,1
34.817,0
34.8224,2
34.8224,0
34.8279,4
34.8282,3
34.8337,0
34.8338,8
34.8339,3
34.8476,0
34.8534,5
34.8591,0
34.8645,1
34.887,0
34.8924,1
34.8978,0
34.9032,8
34.9033,4
34.9033,3
34.9088,0
34.9142,10
34.9143,8
34.9197,6
34.9198,4
34.9198,2
34.9252,1
34.9253,0
34.9307,2
34.9421,0
34.9475,11
34.9476,9
34.9476,8
34.9542,7
34.9596,1
34.9596,0
34.9651,12
34.9668,6
34.9781,5
34.9835,4
34.989,0
34.9947,8
34.9948,0
34.995,15
35.0002,13
35.0057,8
35.0059,3
35.0167,0
35.0168,15
35.0227,10
35.0338,1
35.0338,0
35.0394,8
35.0394,7
35.0396,2
35.0451,0
35.0505,13
35.0618,3
35.0673,1
35.073,0
35.0784,10
35.0785,5
35.0786,1
35.0786,0
35.084,15
35.0841,11
35.0942,5
35.0997,3
35.0998,0
35.1052,2
35.1053,0
35.1107,14
35.1162,6
35.1217,1
35.1272,0
35.1273,15
35.139,11
35.1444,9
35.1498,7
35.1556,0
35.1611,13
35.6683,7
35.6738,6
35.6738,1
35.685,0
35.6904,13
35.6959,7
35.7013,6
35.7014,1
35.7068,0
35.7122,12
35.7176,9
35.7231,7
35.7339,3
35.7394,0
35.7448,14
35.745,10
35.745,7
35.745,3
35.7507,2
35.7616,0
35.7617,8
35.7618,5
35.7672,0
35.7726,2
35.7729,0
35.7784,6
35.7838,2
35.7839,0
35.784,6
35.7898,0
35.7952,9
35.8007,2
35.8166,1
35.8222,0
35.8276,4
35.8277,1
35.8331,0
35.8385,2
35.8385,0
35.8387,6
35.8441,0
35.8495,11
35.8553,6
35.8553,2
35.8628,0
35.8629,11
35.863,7
35.8684,4
35.8684,3
35.8851,0
35.8905,4
35.8981,0
35.8985,14
35.8986,8
35.8987,2
35.9041,0
35.9096,7
35.9097,0
35.9151,10
35.9152,7
35.924,0
35.9349,1
35.9349,0
35.9403,1
36.4472,0
36.4526,13
36.4527,9
36.4635,5
36.4693,0
36.4802,8
36.4803,0
36.4858,8
36.4973,7
36.4974,0
36.503,8
36.5031,4
36.5085,0
36.5142,2
36.5143,0
36.5197,11
36.5197,8
36.5198,0
36.5307,6
36.5307,3
36.5309,0
36.5363,14
36.5417,6
36.5472,0
36.5581,3
36.5635,0
36.5689,8
36.569,0
36.5745,6
36.5745,5
36.5745,0
36.58,10
36.5801,7
36.5802,2
36.5856,0
36.591,2
36.5913,0
36.6021,1
36.6022,0
36.6024,5
36.6024,3
36.6081,2
36.6135,0
36.6189,13
36.619,12
36.619,5
36.6245,0
36.6299,10
36.6354,0
36.6462,9
36.6517,1
36.6517,0
36.6571,5
36.6625,4
36.6626,0
36.668,5
36.6681,0
36.6735,15
36.679,5
36.679,1
36.6844,0
36.6898,15
37.1919,10
37.1934,0
37.1989,14
37.1989,13
37.2044,9
37.2047,6
37.2141,0
37.2142,14
37.2198,13
37.2199,10
37.2259,3
37.226,0
37.2314,2
37.7371,0
37.7425,8
37.7426,2
37.7578,0
37.7632,7
37.7797,4
37.7797,1
37.7853,0
37.7907,14
37.7907,12
37.7908,10
37.7967,2
37.8032,1
37.8086,0
37.8141,15
37.8141,12
37.8142,6
37.8196,5
37.8251,0
37.836,9
37.8364,5
37.8364,0
37.8418,15
37.8419,11
37.8474,6
37.8474,0
37.8583,5
37.8584,3
37.8638,1
37.8638,0
37.8747,8
37.8748,0
37.8802,2
37.8803,1
37.8803,0
37.8857,9
37.8858,0
37.886,14
37.8861,6
37.8861,2
37.8863,0
37.8917,14
37.8918,12
37.8973,6
37.8973,5
37.8973,0
37.9028,6
37.9031,4
37.9031,0
37.9034,14
37.9035,8
37.909,6
37.909,2
37.9145,1
37.92,0
37.9254,14
37.9255,4
37.931,1
37.9364,0
37.9419,2
37.9422,0
37.9476,11
37.9477,3
37.9532,0
37.9586,8
37.9587,0
37.9641,14
37.9642,12
37.9697,11
37.9752,6
37.9752,0
37.9807,6
37.9809,0
37.9865,8
37.9866,7
37.992,6
37.9921,5
37.9921,1
37.9976,0
38.003,15
38.0034,4
38.0089,2
38.0143,0
38.0197,7
38.0199,0
38.0253,5
38.0253,2
38.0254,0
38.0309,3
38.031,0
38.0364,14
38.0365,5
38.0366,4
38.0368,0
38.0422,2
38.0425,0
38.0479,3
38.048,0
38.0589,1
38.0589,0
38.0643,8
38.0644,4
38.0644,0
38.0862,1
38.0863,0
38.0917,15
38.0917,10
38.0972,6
38.0973,0
38.1027,15
38.1028,12
38.1085,11
38.1085,10
38.114,7
38.1195,6
38.1195,0
38.1249,2
38.125,0
38.1304,15
38.1305,9
38.136,6
38.136,4
38.136,1
38.1415,0
38.1469,2
38.1472,0
38.1581,10
38.1582,0
38.1691,14
38.1693,0
38.1747,9
38.1748,0
38.1749,5
38.175,0
38.1752,2
38.1752,0
38.1806,9
38.1807,7
38.1862,6
38.1862,4
38.1917,0
38.1971,11
38.1972,3
38.2027,0
38.2138,15
38.2139,9
38.2194,6
38.2194,2
38.2249,0
38.2303,11
38.2304,8
38.2304,4
38.2359,2
38.2414,0
38.2525,1
38.2525,0
38.258,10
38.258,5
38.258,4
38.2635,0
38.2744,11
38.2745,6
38.2745,5
38.28,0
38.2854,14
38.2855,10
38.291,6
38.291,0
38.2964,15
38.2965,13
38.302,6
38.3021,1
38.315,0
38.3258,6
38.3313,2
38.3316,0
38.337,8
38.354,2
38.3612,1
38.3666,0
38.372,1
38.372,0
38.3774,11
38.3912,9
38.3967,6
38.3968,2
38.4078,0
38.4132,15
38.4192,12
38.4378,9
38.4491,2
38.4551,0
38.4605,12
38.4606,7
38.4608,0
38.4662,10
38.4663,9
38.4718,6
38.4718,5
38.4719,0
38.4773,10
38.4774,9
38.4829,7
38.5,5
38.5,0
38.5054,7
38.5055,6
38.5109,0
38.5163,12
38.5279,11
38.5334,10
38.5337,8
38.5337,6
38.5408,3
38.5463,0
38.5517,3
38.5518,0
38.5572,14
38.5576,11
38.5631,10
38.5631,6
38.5632,0
38.5795,10
38.5904,9
38.5959,7
38.6013,3
38.6074,0
38.6128,14
38.6129,10
38.613,9
38.613,6
38.613,4
38.6217,2
38.6278,0
38.6332,11
38.6332,7
38.6389,4
38.6444,0
38.6498,7
38.6572,2
38.6575,0
38.663,3
38.6684,0
38.6738,4
38.6797,2
38.6908,0
38.6962,9
38.7016,4
38.7128,3
38.724,0
38.7294,8
39.2353,0
39.2407,5
39.2408,0
39.241,11
39.241,8
39.2411,2
39.2413,0
39.2467,5
39.2468,0
39.2522,4
39.2522,2
39.2522,0
39.2631,11
39.2633,0
39.2744,8
39.2745,6
39.2799,5
39.2854,4
39.2908,3
39.2963,0
39.3017,9
39.3019,0
39.3127,13
39.3128,10
39.3128,8
39.3183,6
39.3183,3
39.3238,0
39.3292,1
39.3364,0
39.3418,10
39.3472,7
39.3473,0
39.3527,1
39.3529,0
39.3674,15
39.3675,5
39.3676,1
39.3736,0
39.379,15
39.39,9
39.3954,8
39.4067,7
39.4122,6
39.4123,0
39.4177,9
39.4232,3
39.4289,1
39.4345,0
39.4399,3
39.4457,0
39.4512,5
39.4512,2
39.4567,0
39.4621,9
39.4624,6
39.4625,5
39.4625,4
39.4734,0
39.4788,7
39.4791,4
39.4792,0
39.4793,15
39.4903,11
39.5011,9
39.5181,7
39.5181,4
39.5345,3
39.54,0
39.5454,12
39.5455,3
39.5509,0
39.5617,3
39.562,2
39.5676,0
39.573,7
39.5846,0
39.59,4
39.5901,1
39.5955,0
39.6009,12
39.601,8
39.6065,6
39.6065,0
39.6175,6
39.6347,4
39.6347,0
39.6401,3
39.6405,1
39.6406,0
39.646,4
39.6514,1
39.6516,0
39.657,12
39.6624,8
39.6627,5
39.6718,2
39.6773,1
39.6885,0
39.6939,14
39.6994,8
39.7089,7
39.7089,6
39.7089,1
39.7157,0
39.7266,3
39.7267,0
39.7321,9
39.7376,2
39.7485,0
39.7539,14
39.7619,12
39.7677,4
39.7842,0
39.7899,5
39.79,3
39.801,0
39.8064,12
39.8064,11
39.8064,10
39.812,8
39.8175,7
39.8175,6
39.8285,2
39.8285,0
39.8394,13
39.8451,8
39.8451,7
39.8505,5
39.8561,2
39.8626,0
39.8737,11
39.8738,6
39.8738,5
39.8794,0
39.8848,1
39.8852,0
39.896,3
39.896,0
39.9014,4
39.9069,0
39.9178,10
39.9233,1
39.9287,0
39.9341,2
39.9341,0
39.9395,7
39.945,0
39.9504,13
39.9505,7
39.956,3
39.956,0
39.9614,2
39.9615,0
39.9669,4
39.9723,0
39.978,10
39.9835,0
39.9889,8
39.9893,4
39.9894,1
39.9894,0
40.0003,9
40.0003,7
40.0058,0
40.0112,15
40.0113,11
40.0113,10
40.0167,8
40.0168,0
40.0276,7
40.0277,2
40.0331,0
40.0385,8
40.0386,3
40.0386,0
40.0441,9
40.0496,0
40.0497,6
40.0552,0
40.0606,14
40.0606,13
40.0608,0
40.0662,6
40.0662,2
40.0663,0
40.0717,15
40.0718,0
40.0773,14
40.0774,0
40.0828,8
40.0829,7
40.0829,0
40.0884,9
40.0888,0
40.0942,14
40.0943,6
40.0943,0
40.0997,3
40.0998,0
40.1052,13
40.1053,8
40.1054,0
40.1108,15
40.1109,6
40.111,0
40.1218,11
40.1219,3
40.122,0
40.1274,1
40.1274,0
40.1328,13
40.133,3
40.133,0
40.1384,4
40.1385,0
40.1439,9
40.144,2
40.144,0
40.1494,7
40.1495,0
40.1549,9
40.155,4
40.1551,0
40.1605,14
40.1606,0
40.166,6
40.1661,0
40.1716,5
40.1716,0
40.177,8
40.1772,0
40.1826,3
40.1826,0
40.188,8
40.1881,6
40.1882,0
40.1936,11
40.1939,10
40.194,0
40.1994,10
40.1995,2
40.1995,0
40.2049,1
40.205,0
40.2104,1
40.2105,0
40.2159,7
40.216,1
40.216,0
40.2214,1
40.2214,0
40.2268,10
40.227,0
40.2324,14
40.2325,0
40.238,4
40.238,2
40.238,0
40.2434,3
40.2435,0
40.2489,15
40.249,6
40.2491,0
40.2545,1
40.2546,0
40.26,6
40.2601,0
40.2655,6
40.2656,0
40.271,7
40.2711,0
40.2765,9
40.2766,0
40.282,7
40.2821,0
40.2875,6
40.2876,0
40.293,6
40.2934,0
40.2988,14
40.2989,5
40.299,0
40.3044,9
40.3045,0
40.3099,11
40.3101,0
40.3155,11
40.3156,5
40.3156,0
40.321,6
40.3211,0
40.332,5
40.3321,0
40.3375,9
40.3376,0
40.343,5
40.3431,0
40.354,3
40.354,0
40.3594,6
40.3595,3
40.3595,0
40.365,8
40.3651,0
40.3705,15
40.3705,12
40.3707,0
40.3761,3
40.3761,0
40.3815,9
40.3831,2
40.3831,0
40.3885,6
40.3886,0
40.394,11
40.3941,5
40.3941,0
40.3943,3
40.3943,0
40.3998,4
40.4001,0
40.4055,4
40.4056,1
40.4058,0
40.4112,6
40.4113,1
40.4167,0
40.4221,4
40.4222,1
40.4277,0
40.4331,8
40.4332,5
40.4332,2
40.4387,0
40.4441,15
40.4442,7
40.4442,6
40.4497,2
40.4552,0
40.4606,14
40.4609,9
40.4664,7
40.4719,6
40.4719,0
40.4773,8
40.4774,3
40.4884,0
40.4938,3
40.4938,1
40.4993,0
40.505,8
40.5051,0
40.5105,11
40.5106,6
40.5161,3
40.5215,0
40.527,14
40.5271,3
40.5326,0
40.538,9
40.5381,6
40.5436,0
40.549,6
40.549,4
40.5491,0
40.5599,8
40.5672,4
40.5672,0
40.5726,12
40.5727,11
40.5782,0
40.5836,2
40.5839,0
40.6001,13
40.6004,9
40.6005,7
40.617,0
40.6224,2
40.6279,0
40.6333,10
40.639,7
40.6444,0
40.6499,2
40.6499,0
40.661,2
40.661,0
40.6665,12
40.6668,11
40.6724,1
40.6724,0
40.6836,7
40.689,3
40.6893,0
40.7111,11
40.7112,7
40.7166,6
40.7221,2
40.7276,0
40.733,4
40.7331,1
40.7332,0
40.7386,4
41.2432,0
41.25,5
41.2501,2
41.2555,0
41.2609,11
41.2664,6
41.2665,1
41.2719,0
41.2828,1
41.2831,0
41.2885,12
41.2886,5
41.2941,4
41.2941,0
41.3051,2
41.3105,0
41.3214,14
41.3271,8
41.3327,0
41.3381,13
41.3383,12
41.3438,11
41.3438,7
41.3516,1
41.3571,0
41.3625,10
41.3626,9
41.3627,6
41.3681,5
41.3736,0
41.379,14
41.3791,10
41.3903,9
41.3986,7
41.4042,3
41.4042,0
41.4096,11
41.4097,9
41.4152,6
41.4152,1
41.4152,0
41.4206,6
41.421,4
41.4211,2
41.4267,0
41.4321,13
41.4376,7
41.4484,4
41.454,2
41.454,0
41.4594,7
41.4595,1
41.4595,0
41.4649,1
41.4709,0
41.4763,7
41.4819,0
41.4873,6
41.4928,3
41.4928,0
41.4982,5
41.4983,0
41.5092,4
41.5095,0
41.5149,7
41.5262,0
41.5316,6
41.5317,0
41.5371,4
41.5372,2
41.5374,0
41.5428,8
41.5493,7
41.5567,2
41.5567,0
41.5569,7
41.5623,2
41.5623,0
41.5677,15
41.5678,13
41.5733,2
41.5881,0
41.5883,9
41.6012,5
41.6122,2
41.6122,0
41.6176,4
41.6177,0
41.6231,5
41.6232,1
41.6286,0
41.6343,5
41.6344,4
41.6345,0
41.6399,12
41.6535,6
41.6535,1
41.6535,0
41.6589,6
41.659,5
41.6645,4
41.6646,0
41.67,6
41.6701,1
41.6758,0
41.6812,13
41.6812,12
41.6866,7
41.6925,0
41.7091,15
41.7094,13
41.7148,8
41.7148,5
41.7316,1
41.7371,0
41.7425,13
41.7426,9
41.7427,7
41.7481,6
41.7482,3
41.7536,0
41.759,15
41.7591,11
41.7591,9
41.7758,8
41.7758,0
41.7922,1
41.7976,0
41.803,12
41.8085,9
41.8085,7
41.8087,0
41.8199,8
41.82,0
41.8254,1
41.8363,0
41.8367,11
41.8368,10
41.8445,4
41.8554,3
41.8609,0
41.8663,6
41.8718,2
41.8805,0
41.9027,15
41.9081,10
41.9138,7
41.9193,1
41.928,0
41.9418,14
41.9419,10
41.9473,8
41.9582,1
41.9582,0
41.9636,12
41.9637,4
41.9639,0
41.9693,4
41.9695,0
41.9862,15
41.9974,1
42.0029,0
42.0084,13
42.0085,10
42.0085,9
42.014,6
42.014,5
42.0195,0
42.0196,4
42.0197,1
42.0197,0
42.0251,2
42.0252,0
42.0418,4
42.0418,0
42.0472,11
42.0473,7
42.0528,6
42.0528,0
42.0582,10
42.0583,5
42.0638,0
42.0692,7
42.0694,0
42.0748,6
42.0748,4
42.0803,0
42.0857,13
42.0858,3
42.0859,2
42.0913,0
42.0967,11
42.0969,4
42.1026,0
42.108,3
42.1081,0
42.119,5
42.119,0
42.1245,5
42.1245,1
42.13,0
42.1355,9
42.1356,2
42.1356,0
42.1415,7
42.1415,2
42.1416,1
42.147,0
42.1524,3
42.1525,0
42.1579,4
42.158,0
42.1634,14
42.1636,0
42.1637,4
42.1638,2
42.164,0
42.1748,9
42.1749,0
42.1804,15
42.1804,12
42.1804,10
42.1914,6
42.1914,0
42.1968,3
42.1969,0
42.2023,10
42.2027,9
42.2136,6
42.2136,2
42.2191,0
42.2245,7
42.2246,3
42.2301,0
42.2355,5
42.2356,1
42.2356,0
42.241,6
42.2414,0
42.2522,14
42.2523,9
42.2578,6
42.2578,4
42.2578,2
42.2633,0
42.2688,5
42.2688,2
42.2689,0
42.2692,2
42.2692,0
42.2746,15
42.2748,5
42.2802,4
42.2803,0
42.2857,15
42.2858,5
42.2913,1
42.2968,0
42.3076,11
42.308,2
42.3135,1
42.3135,0
42.3189,12
42.3191,2
42.3245,0
42.3299,3
42.33,1
42.3355,0
42.3409,8
42.3413,0
42.3521,5
42.3522,2
42.3522,0
42.3631,13
42.3632,5
42.3687,0
42.3741,13
42.3742,5
42.3797,0
42.3852,13
42.3907,7
42.3961,6
42.3962,1
42.4017,0
42.4075,1
42.4076,0
42.413,1
42.413,0
42.4132,14
42.4133,4
42.4135,1
42.4135,0
42.4244,6
42.4245,0
42.4299,1
42.4299,0
42.4353,10
42.4354,5
42.4409,0
42.4463,13
42.4467,5
42.4522,3
42.4522,0
42.4576,1
42.9011,0
42.9677,6
42.9678,3
42.9787,1
43.001,0
43.0064,12
43.0065,11
43.012,0
43.0231,10
43.0235,9
43.0289,8
43.0345,0
43.051,11
43.0511,9
43.0625,6
43.0625,5
43.0785,2
43.0786,0
43.084,14
43.0949,10
43.1004,9
43.1062,4
43.1062,1
43.1117,0
43.1118,15
43.1119,13
43.112,11
43.1176,9
43.1177,2
43.1236,1
43.129,0
43.1344,15
43.1345,8
43.14,6
43.14,3
43.1401,0
43.1455,10
43.1458,9
43.1514,0
43.1568,3
43.169,0
43.1744,1
43.1744,0
43.1959,13
43.2013,4
43.2122,3
43.2176,2
43.2176,0
43.2231,9
43.2237,4
43.2324,3
43.2325,0
43.2326,7
43.2391,6
43.2392,5
43.2446,3
43.2503,2
43.2503,0
43.2612,15
43.2733,12
43.2788,10
43.2842,6
43.2843,3
43.2897,2
43.2997,0
43.3112,5
43.3113,2
43.3169,0
43.3223,10
43.3224,4
43.3278,0
43.328,11
43.3336,0
43.3391,4
43.3393,0
43.3394,9
43.3394,8
43.3449,6
43.3506,4
43.356,0
43.3614,14
43.367,9
43.3673,8
43.3727,0
43.3782,1
43.3782,0
43.3837,12
43.3892,11
43.3892,8
43.3893,3
43.3947,0
43.401,12
43.4065,3
43.412,2
43.4208,0
43.4428,13
43.4429,10
43.4483,8
43.454,4
43.4594,3
43.467,1
43.467,0
43.4671,1
43.4674,0
43.4892,1
43.9967,0
43.9968,5
44.0055,1
44.0055,0
44.0109,8
44.0222,4
44.0331,2
44.0451,0
44.0505,7
44.0505,6
44.056,0
44.0668,8
44.0671,6
44.0672,0
44.0781,11
44.0781,8
44.0838,4
44.0893,2
44.0947,0
44.1001,6
44.1056,3
44.1111,0
44.1226,8
44.1279,5
44.1279,0
44.1333,11
44.1335,8
44.1443,4
44.1444,0
44.1498,11
44.1552,8
44.1673,6
44.1673,5
44.1949,0
44.2004,5
44.2058,0
44.2059,12
44.2113,9
44.217,0
44.2224,5
44.2224,0
44.2226,13
44.2227,6
44.2285,0
44.2287,6
44.2288,4
44.2288,0
44.2405,3
44.2405,0
44.246,10
44.2628,8
44.2687,0
44.2689,3
44.2748,0
44.2802,4
44.2803,0
44.2857,3
44.3042,2
44.3112,0
44.3167,1
44.3222,0
44.3278,10
44.3279,2
44.3334,1
44.3389,0
44.3443,13
44.3499,0
44.3553,6
44.3663,0
44.3664,13
44.3718,12
44.378,7
44.378,3
44.3835,0
44.3889,9
44.3893,5
44.3947,0
44.4001,15
44.4002,11
44.4002,8
44.4117,4
44.4226,3
44.4348,1
44.446,0
44.4514,6
44.4569,0
44.4623,5
44.4799,0
44.4853,14
44.4854,9
44.4909,7
44.5171,3
44.5226,0
44.5335,10
44.5336,3
44.539,0
44.55,6
44.5609,0
44.5663,7
44.5718,0
44.5772,15
44.5775,14
44.5837,8
44.5893,0
44.5947,7
44.5951,2
44.6006,0
44.606,10
44.6061,9
44.6062,3
44.6118,0
44.6172,12
44.6173,6
44.623,5
44.6285,0
44.6339,12
44.634,4
44.6341,0
44.6342,11
44.6452,6
44.6565,1
44.6565,0
44.6566,12
44.6567,9
44.6623,4
44.6692,0
44.6746,6
44.6746,5
44.6747,0
44.6802,3
44.6804,1
44.6872,0
44.6926,13
44.6927,9
44.6928,4
44.701,2
44.701,0
44.7064,11
44.7065,1
44.7174,0
44.7228,15
44.7338,13
44.7393,9
44.7394,4
44.7567,0
44.7621,14
44.7732,5
44.7787,0
44.7841,3
44.7841,0
44.7895,4
44.7898,1
44.79,0
44.7955,10
44.8013,1
44.8122,0
44.8176,7
44.8177,0
44.834,1
44.8341,0
44.8395,8
44.845,0
44.8504,14
44.8505,12
44.8561,0
44.8615,15
44.8615,13
44.8676,10
44.873,1
44.8786,0
44.8841,7
44.8844,3
44.8908,2
44.8963,0
44.9018,15
44.9021,8
44.9182,6
44.9182,5
44.9237,0
44.9291,4
44.9292,1
44.9401,0
44.9455,12
44.9455,8
44.9511,6
44.9511,3
44.9565,0
44.9619,13
44.962,12
44.9674,6
44.9898,2
44.9901,0
45.001,14
45.0011,8
45.0065,6
45.0069,0
45.0123,13
45.0123,11
45.0124,9
45.0125,4
45.0226,0
45.028,8
45.028,3
45.0282,0
45.0336,11
45.0336,9
45.0446,6
45.0446,3
45.0729,0
45.0838,5
45.0839,0
45.0893,9
45.0896,8
45.0953,0
45.1007,15
45.1008,11
45.1008,8
45.1127,0
45.1394,13
45.1395,10
45.1449,7
45.1507,4
45.1507,0
45.1561,10
45.1562,5
45.1563,3
45.1681,2
45.1681,0
45.1839,15
45.184,10
45.1895,9
45.2062,6
45.2062,3
45.2119,0
45.2173,10
45.2228,8
45.2284,4
45.2285,0
45.2339,12
45.234,8
45.2394,6
45.2503,0
45.2557,7
45.2557,5
45.2558,0
45.2612,15
45.2673,14
45.2674,4
45.2734,0
45.2735,8
45.2736,7
45.2794,6
45.2895,0
45.2949,7
45.2952,6
45.3061,0
45.3115,15
45.3119,11
45.3282,6
45.3283,5
45.3285,1
45.334,0
45.3394,9
45.3395,7
45.3395,0
45.345,6
45.3561,0
45.3562,11
45.3672,5
45.3729,1
45.3729,0
45.3783,4
45.3847,0
45.3901,7
45.3901,5
45.3902,0
45.3956,14
45.3959,7
45.3959,5
45.3961,0
45.4016,11
45.4016,10
45.4017,9
45.4018,0
45.4185,5
45.4186,0
45.4336,2
45.439,0
45.4444,9
45.4499,7
45.4613,6
45.4613,5
45.4613,3
45.4668,2
45.4668,0
45.4722,2
45.4722,0
45.4777,13
45.478,10
45.4783,9
45.4839,2
45.4893,0
45.4947,5
45.5001,3
45.5115,0
45.517,11
45.528,0
45.5334,14
45.5334,13
45.539,10
45.5499,1
45.5499,0
45.5553,8
45.5554,6
45.5608,1
45.5663,0
45.5772,10
45.5829,8
45.5883,1
45.5991,0
45.6045,13
45.6049,7
45.6103,5
45.6172,0
45.6226,5
45.6229,2
45.6284,0
45.6338,11
45.6339,10
45.6393,7
45.6448,6
45.6448,2
45.6502,0
45.6556,8
45.6611,3
45.6666,1
45.6774,0
45.6828,6
45.6832,3
45.6886,2
45.6994,0
45.7048,3
45.7051,0
45.7105,14
45.716,11
45.7254,10
45.7309,9
45.7418,2
45.7476,0
45.753,12
45.7531,9
45.7531,6
45.7585,5
45.7585,4
45.7714,3
45.7714,0
45.7769,11
45.7823,8
45.7932,0
45.7986,13
45.804,11
45.8142,5
45.8196,3
45.8254,1
45.8254,0
45.8417,6
45.8418,1
45.8529,0
45.8583,13
45.8637,12
45.8639,10
45.8639,9
45.8694,7
45.8802,4
45.8802,0
45.8856,10
45.8857,5
45.8914,4
45.8914,3
45.9041,0
45.9095,5
45.9098,0
45.9261,6
45.9264,3
45.9373,1
45.9374,0
45.9376,7
45.9376,4
45.9431,0
45.9485,3
45.9597,0
45.9651,5
45.9652,0
45.9706,14
45.9761,7
45.9862,6
45.9862,0
45.9916,7
45.9974,5
46.0029,0
46.0083,13
46.0083,11
46.0084,10
46.0084,9
46.0085,2
46.0142,0
46.0196,6
46.0251,3
46.0251,0
46.0305,4
46.0308,3
46.0362,1
46.044,0
46.0494,8
46.0548,6
46.0603,1
46.0657,0
46.0711,12
46.0712,8
46.082,7
46.0986,6
46.104,0
46.1148,3
46.1151,0
46.127,10
46.127,9
46.1327,6
46.1435,0
46.149,1
46.1545,0
46.1547,10
46.1547,7
46.1656,5
46.1711,2
46.182,0
46.1874,2
46.1875,1
46.1875,0
46.1929,7
46.193,5
46.1931,0
46.1985,4
46.1988,3
46.2044,0
46.2099,15
46.7125,2
46.7126,0
46.7248,3
46.7302,0
46.7466,15
46.7523,8
46.7578,0
46.7579,8
46.7634,3
46.7634,0
46.7688,9
46.7689,6
46.7743,0
46.7797,1
46.7798,0
46.7852,15
46.7852,14
46.7852,13
46.7907,11
46.7908,0
46.7962,3
46.7962,2
46.8016,0
46.807,15
46.8071,11
46.8072,6
46.8126,0
46.818,3
46.8181,0
46.8235,4
46.8289,0
46.8346,15
46.8348,6
46.8402,2
46.8402,0
46.8456,15
46.8457,6
46.8515,0
46.8623,6
46.8623,3
46.8678,0
46.8732,10
46.8732,6
46.8787,0
46.8841,6
46.8842,0
46.8896,12
46.8897,3
46.8898,0
46.8952,14
46.8953,8
46.8953,7
46.8954,0
46.9008,13
46.9009,9
46.9064,0
46.9172,4
46.9227,0
46.9281,11
46.9281,7
46.9336,3
46.9339,0
46.9393,14
46.9393,13
46.9449,0
46.9503,7
46.9557,5
46.9558,0
46.9612,3
46.9666,0
46.972,8
46.9721,5
46.9775,0
46.9829,3
46.983,0
46.9884,15
46.9938,11
46.9939,1
46.9993,0
47.0047,10
47.0103,0
47.0157,9
47.0211,4
47.0211,2
47.0265,1
47.0266,0
47.032,10
47.0321,4
47.0375,0
47.0432,10
47.0433,1
47.0487,0
47.0541,14
47.0545,10
47.0599,4
47.06,2
47.0654,0
47.0708,1
47.2804,0
47.5819,1
47.5819,0
47.5876,13
47.5931,2
47.5931,0
47.5985,14
47.5986,13
47.6187,9
47.6244,0
47.6246,11
47.6299,7
47.6302,6
47.6417,4
47.6417,0
47.6471,6
47.6474,3
47.6807,0
47.6916,6
47.6917,0
47.6971,6
47.7136,3
47.7137,0
47.7191,11
47.7245,9
47.7304,0
47.7358,5
47.7359,2
47.7416,0
47.747,2
47.7471,0
47.7582,10
47.7583,8
47.7637,7
47.7692,2
47.7695,0
47.7749,6
47.775,5
47.775,1
47.7805,0
47.786,6
47.786,0
47.7971,1
47.8025,0
47.8134,8
47.8189,6
47.8189,4
47.8301,0
47.8356,7
47.8413,4
47.8467,3
47.8468,0
47.8522,8
47.8524,7
47.8579,1
47.8914,0
47.8969,6
47.8969,4
47.909,2
47.9394,0
47.9395,9
47.9509,0
47.9674,2
47.9675,1
47.9675,0
47.9787,7
47.9788,1
47.9864,0
48.0064,1
48.0065,0
48.0119,6
48.012,1
48.0175,0
48.0176,2
48.0177,0
48.0286,8
48.0287,0
48.0341,8
48.0342,0
48.0343,4
48.0344,3
48.0344,0
48.0398,14
48.0402,12
48.0402,11
48.0404,10
48.0459,6
48.0459,0
48.0514,13
48.0514,12
48.0624,6
48.0624,3
48.0679,0
48.068,5
48.0681,0
48.0735,2
48.0736,0
48.0737,10
48.0738,6
48.0793,1
48.0796,0
48.085,9
48.085,6
48.0905,0
48.096,9
48.0961,1
48.1015,0
48.1069,6
48.107,0
48.1179,8
48.118,1
48.1235,0
48.1343,8
48.1344,7
48.1344,4
48.1402,0
48.1456,3
48.1457,0
48.1565,15
48.1566,11
48.1675,9
48.173,8
48.1784,3
48.1787,0
48.1841,2
48.1842,0
48.1896,9
48.1897,2
48.1897,0
48.2061,3
48.2061,0
48.217,3
48.2171,0
48.2225,1
48.2225,0
48.2227,6
48.2227,0
48.2282,2
48.2282,0
48.2336,14
48.2337,12
48.2392,8
48.245,0
48.2506,15
48.2507,10
48.2562,6
48.2617,3
48.2617,0
48.2671,2
48.2672,0
48.2726,8
48.2727,5
48.2781,3
48.2781,2
48.2836,0
48.2893,12
48.2893,10
48.2894,3
48.2949,0
48.3003,2
48.3004,0
48.3058,3
48.3058,0
48.3112,7
48.3113,5
48.3168,3
48.3222,2
48.3223,0
48.3277,5
48.3277,2
48.3332,0
48.3386,2
48.3387,0
48.3441,11
48.3444,10
48.3499,8
48.3499,6
48.3499,4
48.3554,3
48.3609,0
48.3663,11
48.3663,8
48.3664,5
48.3719,0
48.3773,3
48.3773,1
48.3828,0
48.3885,15
48.3886,9
48.3941,6
48.3941,0
48.3996,15
48.3997,10
48.4052,6
48.4052,1
48.4052,0
48.4108,3
48.4109,0
48.4163,3
48.4164,0
48.4272,11
48.4273,10
48.4273,9
48.4328,6
48.4328,0
48.4382,10
48.4383,7
48.4384,0
48.4438,13
48.4438,11
48.4441,1
48.4441,0
48.4552,9
48.4553,6
48.4554,0
48.4608,9
48.4609,5
48.4663,1
48.4664,0
48.4718,13
48.4719,7
48.4773,6
48.4774,1
48.4774,0
48.4828,11
48.4829,0
48.4831,6
48.4831,4
48.4833,0
48.4888,2
48.4891,0
48.4892,6
48.4893,0
48.4947,11
48.4948,5
48.5017,4
48.5164,0
48.5218,9
48.5219,5
48.5426,2
48.5426,0
48.548,9
48.5535,8
48.559,1
48.5702,0
48.5757,4
48.5811,2
48.5811,1
48.5867,0
48.5868,15
48.6042,14
48.6099,4
48.6154,0
48.6209,8
48.6269,6
48.6269,4
48.6269,1
48.6323,0
48.638,4
48.6381,0
48.6437,4
48.6437,3
48.6491,2
48.6492,0
48.6546,14
48.6549,11
48.655,8
48.666,1
48.666,0
48.6771,2
48.6866,1
48.6924,0
48.6978,13
48.6979,10
48.7034,6
48.7034,0
48.7089,1
48.7155,0
48.7156,3
48.7209,0
48.7263,1
48.7264,0
48.7425,8
48.748,2
48.7593,0
48.7647,1
48.7647,0
48.7701,6
48.7702,4
48.7763,0
48.7986,3
48.8046,0
48.81,11
48.81,7
48.8155,1
48.8266,0
48.832,7
48.8378,6
48.8378,0
48.8433,8
48.8434,7
48.8434,3
48.849,0
48.8491,5
48.859,0
48.8644,8
48.8645,0
48.8809,5
48.8812,2
48.8867,0
48.8921,7
48.8978,6
48.9145,0
48.92,13
48.9201,12
48.9256,8
48.9311,5
48.9366,0
48.9367,2
48.9532,0
48.9586,2
48.9979,0
49.0143,7
49.0208,6
49.0209,0
49.0263,14
49.0264,8
49.0266,4
49.0323,0
49.0377,14
49.0378,4
49.0432,3
49.0523,1
49.0523,0
49.0577,1
49.069,0
49.0744,13
49.0745,8
49.0802,6
49.0803,1
49.0857,0
49.0911,13
49.0914,9
49.0914,4
49.1132,0
49.1189,11
49.119,9
49.1244,7
49.1246,4
49.13,0
49.1409,8
49.1463,6
49.1541,2
49.1626,0
49.168,3
49.1685,0
49.1739,9
49.1739,7
49.1797,0
49.1851,10
49.1855,4
49.2041,0
49.2098,14
49.2098,12
49.2153,9
49.2207,7
49.2207,6
49.2208,1
49.2346,0
49.24,7
49.2401,1
49.2455,0
49.2509,13
49.7575,0
49.7629,14
49.763,13
49.7631,0
49.7685,14
49.7686,10
49.7687,0
49.7741,10
49.7742,2
49.7742,0
49.7796,5
49.7797,0
49.7851,6
49.7852,0
49.7906,6
49.7907,0
49.7961,13
49.7962,4
49.7963,0
49.8017,9
49.8018,0
49.8072,12
49.8073,11
49.8074,0
49.8128,11
49.8129,5
49.8129,0
49.8183,9
49.8187,7
49.8187,0
49.8241,10
49.8243,0
49.8297,12
49.8298,0
49.8352,13
49.8353,11
49.8354,0
49.8408,6
49.8409,0
49.8463,9
49.8464,0
49.8518,8
49.8519,2
49.852,0
49.8574,15
49.8575,0
49.863,1
49.863,0
49.8684,2
49.8685,0
49.8793,13
49.8794,9
49.8795,0
49.8904,11
49.8904,6
49.8905,0
49.8959,15
49.896,3
49.8961,0
49.9069,2
49.907,0
49.9124,15
49.9125,10
49.9126,0
49.9234,9
49.9239,0
49.9293,12
49.9293,10
49.9294,0
49.9348,10
49.9349,3
49.935,0
49.9404,10
49.9405,0
49.9514,3
49.9514,0
49.9568,11
49.957,0
49.9624,15
49.9626,0
49.968,13
49.9681,0
49.9735,6
49.9736,1
49.9736,0
49.979,12
49.9792,0
49.9846,3
49.9846,2
49.9847,0
49.9901,5
49.9902,0
49.9956,4
49.9957,0
50.0011,4
50.0011,0
50.0065,4
50.0066,0
50.012,2
50.0121,0
50.0175,4
50.0176,0
50.023,2
50.0233,0
50.0287,8
50.0289,0
50.0343,12
50.0344,5
50.0344,0
50.0398,5
50.0399,0
50.0453,4
50.0454,0
50.0508,5
50.0509,0
50.0563,3
50.0564,0
50.0618,1
50.0618,0
50.0672,2
50.0673,0
50.0727,8
50.0728,0
50.0782,9
50.0783,7
50.0784,0
50.0838,6
50.0839,0
50.0893,4
50.0893,3
50.0893,0
50.0948,10
50.0949,0
50.1003,1
50.1003,0
50.1058,14
50.1059,0
50.1113,10
50.1115,0
50.1169,14
50.6214,11
50.6268,5
50.643,4
50.6502,3
50.6557,0
50.6611,12
50.6667,7
50.6721,5
50.6833,3
50.6833,2
50.6889,0
50.6943,4
50.6943,3
50.7088,0
50.7142,15
50.7255,10
50.7314,4
50.7314,0
50.7422,2
50.7425,0
50.7481,14
50.7482,10
50.7537,6
50.7538,0
50.7592,2
50.7593,0
50.7595,11
50.7649,9
50.765,5
50.7704,4
50.7759,1
50.7759,0
50.7813,2
50.7813,0
50.7867,1
50.7922,0
50.7976,5
50.7976,4
50.8031,0
50.8085,8
50.8086,7
50.8087,0
50.8141,2
50.8141,0
50.8196,5
50.8251,1
50.8254,0
50.8255,10
50.8256,9
50.831,4
50.831,0
50.8364,4
50.8365,0
50.8419,9
50.8423,4
50.8424,3
50.8424,0
50.8478,9
50.8479,4
50.8533,0
50.8588,15
50.8588,10
50.8643,7
50.8643,5
50.8643,0
50.8697,1
50.8752,0
50.8806,10
50.8807,5
50.8861,0
50.8915,6
50.897,3
50.897,1
50.897,0
50.9024,4
50.9025,0
50.9079,15
50.908,6
50.9081,0
50.9135,13
50.9136,2
50.9136,0
50.919,10
50.9192,0
50.9246,8
50.9246,6
50.9247,0
50.9301,14
50.9302,3
50.9303,0
50.9357,9
50.9358,0
50.9412,5
50.9413,3
50.9413,0
50.9467,12
50.9471,8
50.9471,0
50.9525,2
50.9526,0
50.958,14
50.9581,10
50.9582,0
50.969,12
50.9691,8
50.9692,0
50.9746,7
50.9747,0
50.9801,13
50.9803,0
50.9857,1
50.9857,0
50.9911,14
50.9913,0
50.9967,12
50.9968,9
50.9969,0
51.0023,1
51.0023,0
51.0132,3
51.0133,0
51.0187,3
51.0187,0
51.0241,12
51.0243,4
51.0243,0
51.0297,2
51.0298,0
51.0352,7
51.0353,0
51.0407,11
51.0408,0
51.0462,10
51.0467,0
51.0521,9
51.0521,8
51.0522,0
51.0576,2
51.0577,0
51.0631,10
51.0631,6
51.0632,0
51.0686,13
51.0687,1
51.0688,0
51.0742,2
51.0742,0
51.0796,15
51.0798,4
51.0798,0
51.0852,10
51.0854,0
51.0962,3
51.0963,0
51.1019,4
51.102,0
51.1074,7
51.1075,0
51.1129,7
51.113,0
51.1185,9
51.1186,0
51.124,6
51.1241,1
51.1241,0
51.1295,11
51.1296,0
51.135,6
51.1351,4
51.1351,0
51.1405,2
51.1406,0
51.1515,6
51.1518,0
51.1573,3
51.1573,0
51.1627,13
51.1629,0
51.1683,10
51.1684,6
51.1684,0
51.1738,8
51.174,0
51.1794,14
51.1795,0
51.1849,8
51.185,5
51.1851,0
51.1905,3
51.1905,0
51.1959,5
51.196,0
51.2014,3
51.2015,0
51.2069,3
51.207,0
51.2124,6
51.2125,0
51.2179,14
51.2181,0
51.2235,14
51.2236,0
51.2345,10
51.2346,0
51.24,2
51.2401,0
51.2455,3
51.2456,1
51.2456,0
51.251,1
51.2513,0
51.2567,9
51.2568,8
51.2569,0
51.2623,3
51.2623,0
51.2677,14
51.2678,11
51.2679,0
51.2733,6
51.2748,0
51.2802,10
51.2803,8
51.2858,6
51.2858,0
51.2913,5
51.2914,2
51.2914,1
51.2968,0
51.297,9
51.2971,0
51.3025,2
51.3026,0
51.3027,8
51.3028,7
51.3028,1
51.3083,0
51.3137,14
51.3141,2
51.3196,0
51.325,10
51.3251,6
51.3306,5
51.336,2
51.3361,0
51.3415,6
51.3416,0
51.3418,10
51.3418,8
51.3473,6
51.3473,0
51.3528,4
51.3531,0
51.3585,4
51.3586,0
51.3587,2
51.3588,1
51.359,0
51.3644,14
51.3644,12
51.3645,10
51.37,6
51.37,1
51.3755,0
51.3809,9
51.381,3
51.3865,0
51.3919,1
51.3919,0
51.3973,6
51.4091,0
51.4145,7
51.42,5
51.42,4
51.42,0
51.4254,12
51.4255,7
51.4383,6
51.4383,5
51.4483,0
51.465,8
51.4651,1
51.4705,0
51.4923,6
51.4924,1
51.4984,0
51.5038,10
51.5039,9
51.5096,3
51.5151,1
51.5266,0
51.532,7
51.5321,5
51.5376,0
51.543,8
51.5541,0
51.5655,4
51.5709,2
51.5709,0
51.5763,9
51.5764,6
51.5764,4
51.582,0
51.5874,14
51.5875,7
51.5876,1
51.5977,0
51.6031,12
51.6086,3
51.6149,0
51.6203,9
51.6204,6
51.6261,5
51.6315,1
51.6489,0
51.6543,10
51.6544,8
51.6653,3
51.6656,1
51.6806,0
51.686,4
51.6915,0
51.6969,10
51.697,7
51.7148,1
51.7314,0
51.7368,6
51.7423,1
51.7423,0
51.7477,1
51.748,0
51.7589,15
51.7589,14
51.7651,9
51.7654,7
51.7654,6
51.7763,3
51.7818,0
51.7872,2
51.7873,0
51.7927,13
51.8036,6
51.8092,0
51.8146,15
51.8256,7
51.8259,5
51.826,2
51.8367,0
51.8421,7
51.8484,6
51.8485,0
51.8594,2
51.8651,0
51.8705,9
51.8706,6
51.8707,0
51.8761,9
51.8761,7
51.8764,0
51.8818,3
51.8819,0
51.8927,2
51.8928,0
51.8982,15
51.8983,10
51.8983,5
51.8985,1
51.904,0
51.9149,12
51.9149,11
51.915,0
51.9204,11
51.9205,9
51.9259,8
51.926,6
51.926,0
51.9314,8
51.9318,4
51.9373,0
51.9481,15
51.9482,13
51.9537,10
51.9591,8
51.9646,6
51.9646,5
51.9647,0
51.9758,8
51.9759,0
51.9813,14
51.9814,6
51.9815,0
51.9816,3
51.9817,0
51.9873,8
51.9874,2
51.9929,0
51.9983,9
51.9984,5
52.0093,4
52.0148,0
52.0202,4
52.0203,0
52.0257,3
52.0257,0
52.0311,14
52.0315,13
52.037,10
52.0424,6
52.0425,0
52.0479,11
52.048,8
52.0535,6
52.0535,0
52.0589,4
52.059,0
52.0699,2
52.0702,0
52.0756,10
52.0757,0
52.0812,15
52.0813,8
52.0813,6
52.0815,0
52.0816,15
52.0818,7
52.0872,6
52.0872,4
52.0873,0
52.0927,8
52.0928,1
52.0983,0
52.1037,9
52.1038,0
52.1092,3
52.1093,1
52.1202,0
52.1256,5
52.1257,0
52.1311,2
52.1311,0
52.1423,1
52.1423,0
52.1478,1
52.1478,0
52.1589,12
52.159,0
52.1699,1
52.1699,0
52.1753,7
52.1757,0
52.1759,3
52.1759,0
52.1813,4
52.1814,1
52.1816,0
52.1925,6
52.1926,0
52.198,1
52.198,0
52.2034,12
52.2035,8
52.2035,7
52.2144,6
52.2144,5
52.2199,4
52.2254,1
52.2254,0
52.2308,3
52.2309,0
52.2363,8
52.2366,3
52.2421,0
52.2475,2
52.7287,0
52.7584,5
52.7584,0
52.7638,1
52.764,0
52.7698,5
52.7698,4
52.7753,0
52.7807,4
52.7919,1
52.8011,0
52.8065,10
52.812,6
52.8231,0
52.8395,1
52.8455,0
52.8509,9
52.8564,7
52.8618,6
52.8618,5
52.8674,0
52.8728,14
52.8897,7
52.8897,6
52.8952,0
52.9006,6
52.9006,4
52.9008,1
52.9103,0
52.9157,7
52.9158,3
52.9213,0
52.9321,1
52.9668,0
52.9722,1
52.9725,0
52.9779,14
52.978,11
52.9835,7
52.9835,6
52.9836,0
52.9945,4
52.9949,1
53.0003,0
53.0058,13
53.0113,8
53.0113,5
53.0114,1
53.0168,0
53.0171,6
53.033,5
53.0449,1
53.051,0
53.0564,6
53.0749,5
53.1278,2
53.1332,0
53.1441,12
53.1496,11
53.155,10
53.1717,0
53.1719,2
53.1778,0
53.1833,14
53.1943,9
53.2091,5
53.2091,0
53.2093,15
53.2217,10
53.2286,7
53.234,6
53.2341,3
53.2342,0
53.2396,9
53.2397,7
53.2547,6
53.2547,3
53.2606,0
53.266,4
53.2662,0
53.2716,8
53.2775,6
53.2775,5
53.2829,3
53.2883,2
53.2999,1
53.3055,0
53.3109,2
53.311,1
53.311,0
53.3164,5
53.3219,0
53.3273,14
53.3273,11
53.336,3
53.336,0
53.3415,9
53.3415,7
53.347,6
53.347,0
53.3524,10
53.8596,8
53.8672,0
53.8726,10
53.8727,6
53.8787,0
53.8841,11
53.8842,7
53.9023,0
53.9077,15
53.9078,13
53.9078,11
53.9132,9
53.9136,4
53.9136,2
53.9191,0
53.9302,5
53.9302,3
53.9302,2
53.942,0
53.9474,1
53.9631,0
53.9739,4
53.9739,1
53.9849,0
53.9903,15
53.9904,8
54.0016,1
54.0016,0
54.007,1
54.0186,0
54.024,10
54.0295,5
54.0349,4
54.0405,0
54.0459,5
54.0459,4
54.0459,3
54.0514,0
54.0568,2
54.0569,0
54.0623,5
54.0624,3
54.068,0
54.0735,10
54.0848,0
54.0961,5
54.0962,3
54.0962,0
54.1016,3
54.1129,0
54.1183,4
54.124,1
54.1294,0
54.1348,4
54.1349,2
54.1349,0
54.1403,14
54.1457,13
54.1459,12
54.1517,0
54.1572,1
54.1572,0
54.1574,14
54.1575,8
54.1683,0
54.1738,14
54.1961,10
54.202,0
54.2022,11
54.2179,4
54.2179,0
54.2233,15
54.2237,13
54.2344,12
54.2399,7
54.2624,2
54.2692,0
54.2746,15
54.2747,13
54.2747,12
54.2801,10
54.2802,4
54.286,0
54.2914,1
54.2914,0
54.2969,12
54.2969,7
54.2969,6
54.3083,5
54.3084,2
54.3087,0
54.3141,3
54.3141,2
54.3141,1
54.3218,0
54.3272,2
54.3273,0
54.3327,13
54.3394,12
54.3394,10
54.3448,9
54.3448,8
54.3556,5
54.3556,4
54.3611,0
54.3665,12
54.3666,6
54.3667,4
54.3783,2
54.3881,0
54.399,10
54.3991,8
54.4047,6
54.4104,0
54.4158,13
54.4281,12
54.4368,2
54.4423,0
54.4477,13
54.4479,11
54.4534,10
54.4589,6
54.4589,0
54.4644,8
54.4645,6
54.4645,4
54.47,1
54.4758,0
54.4812,10
54.4812,8
54.4813,6
54.4867,2
54.5036,0
54.5145,3
54.5255,0
54.5309,1
54.5312,0
54.5584,10
54.5585,5
54.564,4
54.5695,2
54.5826,0
54.588,14
54.5992,12
54.5992,9
54.6046,8
54.6048,4
54.6103,0
54.616,6
54.616,5
54.616,1
54.6215,0
54.627,14
54.6326,9
54.6382,8
54.6436,6
54.6437,3
54.6437,0
54.6439,7
54.6494,0
54.6496,5
54.66,3
54.6655,0
54.6709,1
54.6709,0
54.6763,13
54.682,12
54.6986,6
54.7042,0
54.7096,10
54.7097,6
54.7098,5
54.7155,4
54.7212,2
54.7213,0
54.7267,2
54.7267,0
54.7321,10
54.7379,6
54.7433,2
54.7433,0
54.7487,14
54.7488,13
54.7543,0
54.7597,4
54.7651,0
54.7705,15
54.776,10
54.776,9
54.7761,0
54.7978,15
54.8033,5
54.8033,3
54.8087,0
54.8141,8
54.8142,6
54.8196,2
54.8199,1
54.8253,0
54.8307,13
54.8365,7
54.8419,0
54.8473,3
54.8474,1
54.8528,0
54.8582,5
54.8637,3
54.8637,0
54.8691,9
54.8745,8
54.8746,0
54.88,9
54.8855,0
54.8909,1
54.8909,0
54.8963,5
54.8965,0
54.9019,11
54.9074,0
54.9128,1
54.9182,0
54.9236,10
54.9239,4
54.9294,0
54.9348,3
54.9349,0
54.9403,15
54.9406,12
54.9461,3
54.9461,0
54.9515,7
54.957,0
54.9624,9
54.9625,8
54.9679,0
54.9733,5
54.9734,4
54.9788,2
54.9788,0
54.9842,4
54.9843,0
54.9897,11
54.9952,0
55.0061,12
55.0062,2
55.0116,0
55.017,12
55.0171,11
55.0225,7
55.0228,0
55.0283,12
55.0338,1
55.0338,0
55.0392,15
55.0449,6
55.0504,1
55.0504,0
55.0558,13
55.0559,5
55.0614,0
55.0722,3
55.0776,0
55.0831,15
55.0885,9
55.0886,5
55.094,0
55.0994,1
55.1048,0
55.1103,12
55.1103,5
55.1158,0
55.1212,2
55.1213,0
55.1321,9
55.1323,8
55.1378,5
55.1378,2
55.1435,1
55.1489,0
55.1543,3
55.1544,0
55.1706,5
55.1707,1
55.1761,0
55.1815,10
55.6832,0
55.6886,6
55.6888,5
55.7253,0
55.7363,6
55.7418,1
55.7528,0
55.7529,15
55.7584,10
55.7587,8
55.7589,1
55.7696,0
55.775,15
55.7869,4
55.7965,0
55.8019,7
55.802,4
55.802,0
55.8074,14
55.8075,10
55.8132,5
55.8187,0
55.8241,13
55.8245,12
55.8246,10
55.8246,5
55.8303,0
55.8412,8
55.8415,3
55.847,0
55.8524,3
55.8581,2
55.8637,0
55.8691,6
55.8692,0
55.8747,5
55.8857,0
55.8858,9
55.897,3
55.9095,2
55.915,0
55.9204,9
55.9205,5
55.9263,1
55.9359,0
55.9413,7
55.9471,1
55.9587,0
55.9588,9
55.9589,2
55.9644,0
55.9701,11
55.9702,8
55.9756,6
55.9757,2
55.9758,0
55.9812,11
55.9813,8
55.9867,7
55.9937,5
55.9992,2
56.0084,0
56.0139,11
56.0304,7
56.036,5
56.036,1
56.0417,0
56.0418,12
56.0419,6
56.042,4
56.0475,0
56.0641,5
56.0644,3
56.0644,0
56.0646,12
56.07,5
56.07,2
56.0755,1
56.0809,0
56.0863,11
56.0864,9
56.0956,0
56.1064,11
56.1119,9
56.1174,8
56.1176,0
56.1177,13
56.1249,9
56.1308,8
56.1309,7
56.1364,6
56.1364,5
56.1418,0
56.1472,4
56.1476,0
56.153,12
56.1585,6
56.1586,0
56.1642,13
56.1643,4
56.1797,0
56.1798,1
56.1852,0
56.1907,14
56.2017,6
56.2072,4
56.2127,3
56.2128,0
56.2242,14
56.2352,7
56.2407,2
56.2407,1
56.2461,0
56.2515,1
56.2518,0
56.2572,1
56.2626,0
56.2791,9
56.2792,7
56.2846,2
56.2847,0
56.2903,15
56.2958,3
56.2958,2
56.3012,1
56.3067,0
56.3121,2
56.3122,0
56.3176,10
56.3231,6
56.335,5
56.3412,1
56.3412,0
56.3414,15
56.3414,14
56.3512,10
56.3515,8
56.3631,5
56.3631,0
56.3685,1
56.3743,0
56.3851,13
56.3852,11
56.3853,9
56.3853,8
56.3917,5
56.3972,0
56.4026,14
56.9094,0
56.9148,11
56.9162,10
56.9163,9
56.9164,2
56.9164,0
56.9218,1
56.9218,0
56.9272,2
56.9273,1
56.9327,0
56.9381,13
56.9382,8
56.9436,2
56.9491,0
56.9545,3
56.9599,0
56.9653,4
56.9707,0
56.9764,9
56.9765,8
56.982,0
56.9874,6
56.9877,0
56.9985,11
56.9986,9
56.9986,6
57.004,5
57.0041,0
57.0095,7
57.015,0
57.0204,9
57.0205,5
57.0205,1
57.0259,0
57.0313,2
57.0314,0
57.0368,11
57.0423,0
57.0477,13
57.0478,12
57.0478,11
57.0532,8
57.0533,0
57.0587,7
57.0642,0
57.0696,5
57.0699,0
57.0807,4
57.0861,0
57.0915,5
57.0919,4
57.0973,2
57.0973,0
57.1027,15
57.1042,11
57.1042,10
57.1152,1
57.1206,0
57.126,13
57.1398,6
57.1398,4
57.1453,1
57.1674,0
57.1728,6
57.1731,3
57.1786,0
57.184,7
57.1841,3
57.1898,0
57.2006,8
57.2006,6
57.206,2
57.2062,0
57.217,1
57.2227,0
57.2281,1
57.2336,0
57.239,8
57.2445,0
57.2499,5
57.262,2
57.2698,0
57.2752,3
57.2755,0
57.281,13
57.2811,10
57.2866,6
57.2867,0
57.2951,4
57.3112,2
57.3169,1
57.3224,0
57.3278,15
57.339,13
57.339,10
57.3444,6
57.3447,0
57.3501,15
57.3558,12
57.3558,11
57.3559,10
57.3559,8
57.3639,4
57.372,0
57.3721,7
57.3722,5
57.3723,0
57.3777,11
57.378,9
57.3834,8
57.3835,7
57.3889,6
57.3889,3
57.3944,0
57.4001,5
57.4002,1
57.4056,0
57.411,11
57.4111,7
57.4166,6
57.4166,2
57.4221,0
57.4275,9
57.4276,7
57.433,6
57.4331,1
57.4385,0
57.4439,4
57.444,0
57.4549,13
57.455,6
57.4608,4
57.4608,1
57.4663,0
57.4717,12
57.4718,10
57.4775,0
57.4829,13
57.4831,5
57.4831,0
57.5002,11
57.5002,7
57.5057,4
57.5059,0
57.5113,15
57.5264,6
57.5264,0
57.5373,1
57.5374,0
57.5428,8
57.5429,7
57.5483,6
57.5539,2
57.5539,0
57.5593,14
57.5703,8
57.5759,0
57.587,14
57.5872,8
57.5872,3
57.5927,0
57.5981,8
57.5982,5
57.5986,4
57.5986,0
57.6163,12
57.6274,8
57.6276,6
57.6276,5
57.6363,1
57.6364,0
57.642,8
57.6421,7
57.6422,4
57.6477,0
57.6531,8
57.6532,7
57.6532,6
57.6533,1
57.6588,0
57.6765,9
57.6766,8
57.682,4
57.6885,0
57.694,4
57.694,3
57.6941,2
57.6941,1
57.6996,0
57.705,15
57.7054,12
57.7108,10
57.7163,9
57.7221,0
57.7275,14
57.733,5
57.7385,0
57.7439,7
57.744,0
57.7495,14
57.7552,4
57.7553,0
57.7609,14
57.7718,12
57.7774,6
57.7774,0
57.7828,12
57.7829,9
57.7864,7
57.7865,0
57.7919,1
57.792,0
57.7974,4
58.3047,0
58.3101,1
58.3102,0
58.3157,4
58.316,0
58.3162,11
58.3216,9
58.3217,0
58.3325,13
58.3379,5
58.3434,0
58.3488,15
58.3489,10
58.3543,7
58.3543,4
58.3543,0
58.3652,8
58.3652,6
58.3707,0
58.3761,2
58.3815,0
58.3924,10
58.3978,3
58.3979,0
58.4033,14
58.4036,10
58.409,3
58.4145,0
58.4199,12
58.4203,5
58.4203,2
58.4257,0
58.4311,8
58.4366,0
58.4475,3
58.4529,0
58.4583,3
58.4638,0
58.4692,15
58.4692,12
58.4693,5
58.4747,0
58.4801,9
58.4802,4
58.4857,0
58.4911,8
58.4912,0
58.4967,15
58.5021,11
58.5024,7
58.5079,0
58.5134,8
58.5135,3
58.5189,0
58.5243,4
58.5247,0
58.5301,11
58.5301,10
58.5356,2
58.5356,1
58.541,0
58.5464,5
58.5465,0
58.552,1
58.552,0
58.5576,15
58.5576,10
58.5631,6
58.5631,0
58.5685,1
58.5686,0
58.5741,5
58.5741,0
58.5797,9
58.5851,4
58.5852,0
58.596,14
58.596,10
58.6015,0
58.6069,9
58.6072,6
58.6141,0
58.6195,15
58.6252,9
58.6361,7
58.6445,0
58.6499,15
58.6499,12
58.6611,3
58.6666,0
58.672,7
58.6774,6
58.6829,5
58.6829,1
58.7121,0
58.7175,8
58.7175,7
58.723,1
58.7324,0
58.7378,1
58.7379,0
58.7433,14
58.7434,12
58.7489,10
58.7598,0
58.7652,15
58.7653,10
58.7707,4
58.7707,2
58.7761,1
58.787,0
58.7871,3
58.7991,0
58.8045,14
58.8045,9
58.8047,7
58.8105,0
58.8159,7
58.8268,6
58.8268,3
58.8268,2
58.8323,0
58.8327,8
58.8382,0
58.8437,8
58.849,4
58.8491,3
58.8545,1
58.8599,0
58.8601,8
58.8815,3
58.8873,0
58.8927,12
58.8931,10
58.8932,3
58.8987,0
58.9041,4
58.9096,0
58.9205,13
58.9208,9
58.9208,6
58.921,0
58.9264,5
58.9265,0
58.9377,8
58.9432,1
58.9486,0
58.954,10
58.9541,5
58.9652,3
58.9707,0
58.9708,9
58.9763,2
58.9817,0
58.9872,12
58.9926,9
58.9926,3
58.9993,0
59.0047,12
59.0047,9
59.0048,7
59.0049,6
59.0157,2
59.016,0
59.0269,3
59.0269,1
59.0326,0
59.0381,15
59.0434,14
59.0435,11
59.049,8
59.049,0
59.0492,9
59.0549,3
59.0658,2
59.0713,0
59.0767,14
59.0821,10
59.0822,6
59.109,4
59.1144,0
59.1198,10
59.1266,6
59.1322,0
59.1547,1
59.1548,0
59.1602,9
59.1602,7
59.1698,6
59.1699,4
59.1754,0
59.1808,10
59.1862,9
59.1863,5
59.1865,1
59.1919,0
59.1973,3
59.1973,1
59.2032,0
59.2086,6
59.214,5
59.214,4
59.225,0
59.2304,10
59.2359,1
59.2417,0
59.2527,10
59.2582,1
59.2636,0
59.269,1
59.2691,0
59.2745,9
59.2807,8
59.2989,4
59.3047,0
59.3101,7
59.3156,4
59.3156,0
59.321,11
59.3213,8
59.3371,7
59.3481,2
59.3484,0
59.3538,9
59.3538,8
59.3593,0
59.3702,6
59.3756,0
59.3758,7
59.3813,0
59.3867,2
59.3867,0
59.3921,4
59.3981,2
59.4079,0
59.4187,11
59.4188,8
59.4259,1
59.4259,0
59.4313,11
59.4314,10
59.4426,4
59.448,0
59.4587,9
59.4588,5
59.4696,0
59.4751,8
59.4751,5
59.4807,1
59.4972,0
59.5026,7
59.5026,4
59.5084,0
59.5192,10
59.5192,7
59.5247,6
59.5303,4
59.5357,0
59.5412,10
59.5472,5
59.5475,2
59.5476,0
59.5749,8
59.5804,1
59.5804,0
59.5913,12
59.5914,10
59.5969,6
59.6035,0
59.609,13
59.6146,6
59.6201,2
59.6201,1
59.6264,0
59.6318,3
59.6321,2
59.6548,1
59.6548,0
59.6602,9
59.6603,7
59.6659,0
59.6767,6
59.6768,5
59.6769,2
59.6769,0
59.6823,12
59.6824,5
59.699,0
59.7044,9
59.7099,2
59.7156,0
59.7211,15
59.7211,14
59.7212,13
59.7269,5
59.7327,2
59.7436,0
59.7437,13
59.7578,8
59.7581,6
59.7707,5
59.7708,0
59.7762,6
59.7877,0
59.8143,3
59.8146,2
59.8147,0
59.8309,6
59.831,2
59.8367,0
59.8421,3
59.8475,0
59.8529,12
59.8809,11
59.8864,7
59.8918,6
59.892,0
59.903,1
59.9084,0
59.9138,14
59.9195,13
59.9364,12
59.9419,8
59.9585,0
59.9639,4
59.9639,2
59.9749,0
59.9803,7
59.9857,0
59.9968,11
59.9969,4
59.9969,2
59.997,0
59.9971,12
60.0028,0
60.0136,10
60.0194,7
60.0248,6
60.0249,0
60.0303,6
60.0303,4
60.0305,0
60.0413,7
60.0416,3
60.0417,2
60.0418,0
60.0472,1
60.0472,0
60.0526,7
60.0527,4
60.0582,0
60.0639,12
60.064,8
60.0695,0
60.0749,7
60.075,1
60.0804,0
60.0858,1
60.0859,0
60.0913,10
60.0967,7
60.0967,4
60.1023,0
60.1024,13
60.1025,12
60.1025,8
60.1082,6
60.1193,5
60.1194,0
60.1248,13
60.1251,11
60.1251,9
60.1445,5
60.1448,4
60.145,1
60.1515,0
60.1569,7
60.157,4
60.1624,0
60.1681,7
60.1799,0
60.1853,6
60.1907,5
60.2018,2
60.2128,0
60.2129,3
60.2183,0
60.2237,14
60.2241,13
60.2243,8
60.2329,2
60.2406,0
60.2515,15
60.2516,5
60.2571,2
60.2626,0
60.2683,2
60.2683,0
60.2737,7
60.2738,0
60.2792,13
60.2793,11
60.2793,8
60.2848,6
60.2849,0
60.2903,15
60.2903,12
60.2904,8
60.2958,6
60.2959,0
60.3068,2
60.3068,0
60.3122,12
60.3123,5
60.3178,3
60.3178,2
60.3233,0
60.3287,3
60.3291,0
60.3345,8
60.3346,3
60.34,0
60.3455,12
60.3457,0
60.3458,1
60.3459,0
60.3569,7
60.357,0
60.3624,14
60.3625,11
60.3679,6
60.3683,0
60.3737,3
60.3737,0
60.3792,4
60.3792,0
60.3847,4
60.3902,0
60.3903,13
60.3905,3
60.3959,1
60.396,0
60.4014,6
60.4014,4
60.4069,0
60.4123,14
60.4124,11
60.4125,3
60.418,0
60.4234,11
60.4234,9
60.4235,5
60.4292,1
60.4292,0
60.4347,13
60.4348,11
60.4457,6
60.4458,0
60.4459,1
60.446,0
60.4514,10
60.4514,8
60.4623,6
60.4624,0
60.4678,6
60.4682,4
60.4736,1
60.4791,0
60.4845,3
60.4846,0
60.49,9
60.49,7
60.4955,6
60.4956,0
60.5064,11
60.5065,7
60.512,6
60.512,4
60.5229,0
60.5283,6
60.5284,2
60.5342,0
60.545,12
60.5451,7
60.5452,0
60.5506,2
60.5506,0
60.5508,2
60.5508,0
60.5562,13
60.5563,9
60.5564,3
60.5619,0
60.5673,2
60.5673,0
60.5727,11
60.5731,4
60.5841,0
60.5895,12
60.5896,4
60.5896,2
60.5951,0
60.6005,3
60.6006,0
60.606,6
60.606,3
60.6061,0
60.6115,5
60.6115,3
60.617,0
60.6224,1
60.6225,0
60.6279,5
60.628,0
60.6391,2
60.6392,0
60.6446,1
60.6501,0
60.6503,5
60.6503,4
60.6558,2
60.6612,0
60.6721,5
60.6725,0
60.6779,11
60.678,3
60.6835,0
60.6889,8
60.689,2
60.6945,0
60.6999,10
60.7,2
60.7055,0
60.7109,6
60.711,0
60.7112,4
60.7165,0
60.7328,3
60.7328,0
60.7383,10
60.7386,9
60.7388,8
60.7504,7
60.7559,3
60.7562,0
60.7726,8
60.773,4
60.7818,0
60.7872,1
60.7873,0
60.7927,10
60.7983,6
60.7984,1
60.8038,0
60.8092,5
60.8093,0
60.8094,15
60.815,10
60.8219,4
60.8273,3
60.8333,2
60.8423,0
60.8477,2
60.8478,0
60.8532,14
60.8587,10
60.859,9
60.8669,0
60.8671,13
60.8725,9
60.8836,4
60.884,0
60.8894,7
60.9058,0
60.9112,4
60.9113,3
60.9168,0
60.9222,10
60.9277,8
60.9277,6
60.9279,4
60.9387,1
60.9388,0
60.9442,12
60.9497,3
60.9551,0
60.9669,5
60.9669,2
60.9777,0
60.9835,14
60.9946,13
61,7
61.0001,4
61.0055,3
61.011,0
61.0164,9
61.0164,5
61.0219,3
61.022,0
61.0274,11
61.0383,6
61.0441,5
61.0441,0
61.0495,7
61.0496,5
61.0496,4
61.0497,0
61.0554,4
61.0666,1
61.0723,0
61.0724,2
61.0778,0
61.0832,12
61.0836,7
61.0836,5
61.0971,4
61.0971,3
61.1045,1
61.1045,0
61.11,2
61.11,0
61.1155,5
61.1213,0
61.1214,14
61.1269,3
61.1324,1
61.1378,0
61.1432,15
61.1433,12
61.149,11
61.1663,9
61.1718,8
61.1774,0
61.1886,4
61.1888,0
61.1942,3
61.1942,0
61.1996,4
61.1997,2
61.2052,0
61.2106,14
61.216,13
61.2218,12
61.2318,11
61.2319,0
61.2374,13
61.2428,8
61.2548,6
61.2549,4
61.2604,2
61.2604,0
61.2606,7
61.266,5
61.266,3
61.2661,0
61.2715,11
61.2715,9
61.2772,0
61.2826,11
61.2828,8
61.2929,3
61.293,0
61.3147,4
61.3202,1
61.3257,0
61.3311,5
61.3312,0
61.3366,7
61.3478,0
61.348,11
61.3481,5
61.3538,4
61.3539,0
61.3594,2
61.3648,0
61.3702,1
61.3759,0
61.3813,4
61.3814,1
61.3814,0
61.3923,4
61.3926,3
61.3928,1
61.3928,0
61.3982,6
61.3983,1
61.4037,0
61.4091,13
61.4201,5
61.4256,2
61.431,1
61.4364,0
61.4419,11
61.4419,9
61.442,0
61.4528,12
61.4589,9
61.4589,8
61.4643,6
61.4644,3
61.4754,0
61.4756,1
61.4756,0
61.481,11
61.4811,5
61.4812,4
61.4884,0
61.4938,2
61.4942,0
61.4996,15
61.4997,11
61.5051,8
61.5051,4
61.5147,0
61.5268,6
61.5269,0
61.5324,7
61.538,3
61.5435,0
61.5491,1
61.5548,0
61.5603,11
61.5656,8
61.5657,5
61.5769,0
61.577,3
61.5824,0
61.5878,2
61.5879,0
61.5933,12
61.599,8
61.6045,6
61.6046,0
61.6047,12
61.6105,10
61.616,7
61.6214,2
61.627,1
61.627,0
61.6324,13
61.6325,7
61.6326,4
61.6326,2
61.6434,1
61.6602,0
61.6656,3
61.6749,0
61.6877,5
61.6878,3
61.6933,0
61.6987,8
61.6991,0
61.7045,4
61.7046,0
61.7102,15
61.7156,14
61.7213,4
61.7321,0
61.7375,9
61.7429,5
61.7485,4
61.7648,3
61.7719,0
61.7773,10
61.7774,7
61.7828,3
61.7831,2
61.7887,0
61.7888,15
61.789,8
61.789,5
61.7966,0
61.8021,9
61.8078,6
61.8189,0
61.8243,12
61.8298,10
61.8298,2
61.852,0
61.8521,14
61.8576,7
61.8636,0
61.8755,15
61.8906,10
61.9018,5
61.9021,1
61.9079,0
61.9133,14
61.9133,12
61.9189,6
61.9189,5
61.919,0
61.9245,1
61.9245,0
61.9354,7
61.9355,2
61.946,0
61.9515,1
61.9577,0
61.9578,10
61.9736,7
61.9846,3
61.9849,2
61.9851,1
61.9905,0
61.9959,1
61.996,0
62.0014,2
62.0119,0
62.0176,14
62.0177,11
62.0286,8
62.0287,2
62.0454,0
62.0508,1
62.0509,0
62.0563,3
62.0618,0
62.0672,10
62.0676,9
62.073,4
62.0798,0
62.0907,9
62.091,5
62.0964,4
62.1026,0
62.1027,10
62.1138,9
62.1192,7
62.1248,0
62.1302,10
62.1302,9
62.1356,7
62.1465,0
62.1628,14
62.1628,10
62.1744,6
62.1745,3
62.1944,2
62.1998,1
62.1999,0
62.2053,8
62.2054,0
62.2108,11
62.2166,6
62.2169,4
62.2224,0
62.2278,11
62.2278,9
62.2332,5
62.2422,4
62.2477,2
62.2477,0
62.2531,15
62.2586,6
62.2641,5
62.2696,4
62.2805,0
62.2859,7
62.2859,6
62.2938,5
62.2993,4
62.2993,0
62.3047,7
62.6927,6
62.8099,0
62.8153,3
62.8153,0
62.8208,6
62.8211,0
62.8265,4
62.8266,0
62.832,6
62.8321,0
62.8375,10
62.8376,7
62.8377,0
62.8431,4
62.8432,0
62.8486,9
62.8486,6
62.8487,0
62.8541,10
62.8542,0
62.8596,6
62.8597,0
62.8651,12
62.8653,3
62.8653,0
62.8707,13
62.8709,0
62.8763,10
62.8764,0
62.8818,12
62.8819,6
62.882,0
62.8874,6
62.8875,0
62.8929,12
62.8929,10
62.893,0
62.8984,13
62.8985,6
62.8986,0
62.904,12
62.9041,1
62.9042,0
62.9096,11
62.9097,0
62.9151,6
62.9152,4
62.9152,0
62.9206,12
62.9208,0
62.9262,1
62.9265,0
62.9319,13
62.932,9
62.9321,0
62.9375,3
62.9376,0
62.943,11
62.943,9
62.9431,0
62.9485,12
62.9486,3
62.9487,0
62.9541,5
62.9542,0
62.9596,12
62.9597,6
62.9597,0
62.9651,2
62.9652,0
62.9706,14
62.9707,8
62.9708,0
62.9762,5
62.9763,0
62.9817,9
62.9817,8
62.9818,0
62.9872,12
62.9873,3
62.9873,0
62.9928,14
62.9929,0
62.9983,6
62.9984,0
63.0038,7
63.0039,0
63.0094,7
63.0095,0
63.0149,9
63.5175,4
63.519,0
63.5244,10
63.5247,9
63.5247,5
63.5302,0
63.5356,14
63.5356,13
63.5413,10
63.5414,0
63.5468,9
63.5469,1
63.547,0
63.5524,10
63.5525,5
63.5525,0
63.558,4
63.558,0
63.5688,7
63.5743,0
63.5905,12
63.5906,4
63.5961,0
63.6015,15
63.6069,11
63.607,4
63.6124,0
63.6178,9
63.6233,5
63.6236,0
63.629,4
63.6291,0
63.6399,8
63.6403,0
63.6457,1
63.6511,0
63.6566,15
63.6621,2
63.6621,0
63.6675,10
63.673,0
63.6784,9
63.6785,5
63.6839,0
63.6894,10
63.6894,9
63.6949,1
63.7003,0
63.7057,7
63.7057,5
63.7112,0
63.7166,15
63.7167,12
63.7167,5
63.7222,0
63.7276,4
63.7279,1
63.7279,0
63.7333,1
63.7333,0
63.7498,15
63.7499,11
63.7499,8
63.7553,7
63.7554,0
63.7608,13
63.7609,7
63.7664,0
63.7772,2
63.7772,0
63.7826,4
63.7827,3
63.7881,0
63.7935,10
63.7937,0
63.8045,4
63.8045,3
63.8045,1
63.8099,0
63.8153,8
63.8154,0
63.8263,14
63.8266,10
63.8266,7
63.832,0
63.8375,1
63.8375,0
63.8429,4
63.8487,1
63.8488,0
63.8542,5
63.8542,3
63.8543,0
63.8597,4
63.8651,3
63.8651,0
63.8705,8
63.8706,0
63.8814,9
63.8815,6
63.8869,0
63.8923,4
63.8978,3
63.8978,0
63.9032,10
63.9086,9
63.9087,0
63.9141,6
63.9196,0
63.925,10
63.9251,5
63.9251,4
63.9305,2
63.9305,0
63.9362,6
63.9363,3
63.9363,1
63.9417,0
63.9471,10
63.9475,2
63.9529,0
63.9583,4
63.9598,3
63.9652,0
63.9706,15
63.9707,14
63.9707,11
63.9761,10
63.9816,7
63.9925,0
63.9979,6
63.998,3
63.998,1
64.0088,0
64.0142,7
64.0302,6
64.0302,2
64.0356,0
64.041,12
64.0413,10
64.0414,7
64.0525,3
64.0591,0
64.0645,10
64.5703,7
64.5852,2
64.5907,0
64.5909,5
64.591,2
64.591,0
64.5964,4
64.5965,2
64.5965,0
64.6127,15
64.6256,6
64.6259,1
64.6313,0
64.6367,13
64.6368,12
64.6422,10
64.6422,9
64.6628,8
64.6686,4
64.674,2
64.6818,0
64.6872,11
64.6873,9
64.6873,5
64.6875,0
64.6929,5
64.693,1
64.6986,0
64.704,9
64.7041,6
64.7095,5
64.7151,1
64.7207,0
64.7261,4
64.7261,0
64.7369,3
64.737,0
64.7485,14
64.7489,9
64.749,8
64.7566,1
64.762,0
64.7674,3
64.7678,0
64.7732,10
64.7733,6
64.7844,1
64.7845,0
64.7901,10
64.7903,8
64.7903,7
64.7958,0
64.8012,2
64.8013,0
64.8068,14
64.8068,10
64.8135,0
64.8136,11
64.8137,9
64.8137,7
64.8191,6
64.8192,0
64.8246,5
64.8246,4
64.8358,0
64.8412,14
64.8414,9
64.8469,1
64.8579,0
64.8633,11
64.869,9
64.88,8
64.8801,1
64.8868,0
64.8922,5
64.8923,0
64.8977,3
64.8978,0
64.898,4
64.9034,3
64.9093,0
64.9255,15
64.9256,10
64.9311,6
64.9311,3
64.9365,0
64.9367,15
64.9462,6
64.9462,3
64.9534,1
64.9589,0
64.9643,14
64.9644,11
64.9756,10
64.9839,0
64.9893,12
64.9894,9
64.9951,0
65.0005,6
65.0006,4
65.0006,2
65.006,1
65.0115,0
65.0169,6
65.017,4
65.0236,2
65.0291,0
65.0345,13
65.0399,11
65.0518,9
65.0518,3
65.0573,0
65.0681,4
65.0682,1
65.0794,0
65.0848,9
65.0849,3
65.0849,1
65.0904,0
65.096,9
65.0961,5
65.107,0
65.1124,1
65.1125,0
65.1179,3
65.1342,0
65.1396,11
65.14,7
65.1567,6
65.1568,0
65.1676,9
65.1679,6
65.1734,3
65.1735,0
65.1789,8
65.1793,7
65.1848,0
65.1902,13
65.1903,9
65.1958,5
65.2013,0
65.2067,2
65.2068,0
65.218,7
65.2237,6
65.2237,2
65.2292,0
65.2346,8
65.2347,6
65.2407,5
65.2463,0
65.2517,9
65.2572,0
65.2626,6
65.2629,4
65.2791,0
65.2848,10
65.2848,9
65.2902,8
65.2969,0
65.3023,5
65.3024,1
65.3122,0
65.323,15
65.3231,9
65.3342,0
65.3396,7
65.3453,6
65.351,0
65.3565,13
65.3566,10
65.362,9
65.3683,0
65.3685,13
65.3738,12
65.3739,7
65.382,6
65.3875,4
65.3875,0
65.3929,13
65.3984,9
65.4069,6
65.4123,4
65.4124,1
65.4178,0
65.4233,3
65.4233,0
65.4235,9
65.4289,2
65.4344,0
65.4345,4
65.4398,2
65.4398,1
65.4399,0
65.4401,3
65.4454,0
65.4508,6
65.4563,4
65.4563,0
65.4564,6
65.4565,4
65.4622,2
65.4679,0
65.4733,5
65.4734,0
65.4789,11
65.4893,6
65.4896,5
65.4956,4
65.5011,0
65.5065,4
65.512,0
65.5121,10
65.5122,9
65.528,2
65.5397,0
65.5451,4
65.5452,0
65.5506,9
65.5564,2
65.5566,0
65.562,15
65.5621,8
65.5679,5
65.5734,1
65.5788,0
65.5789,6
65.579,5
65.5844,1
65.5898,0
65.5956,7
65.5956,5
65.5957,4
65.5957,1
65.6065,0
65.6119,11
65.6119,9
65.6229,4
65.6231,0
65.6233,13
65.645,5
65.6561,0
65.6616,10
65.6616,6
65.6675,0
65.6729,11
65.6732,9
65.6787,0
65.6841,3
65.6841,2
65.6841,0
65.6896,3
65.7053,2
65.7107,0
65.7108,15
65.7109,12
65.7172,9
65.7173,0
65.7227,1
65.7227,0
65.7281,4
65.7283,0
65.7284,15
65.7285,9
65.734,4
65.7342,0
65.7549,10
65.7553,5
65.7608,1
65.7663,0
65.7717,15
65.7718,14
65.7718,13
65.7827,0
65.7882,3
65.7882,1
65.8048,0
65.8102,5
65.8213,0
65.8338,12
65.8393,7
65.8393,0
65.8558,12
65.8561,8
65.8615,7
65.8724,0
65.8778,7
65.8781,6
65.8782,0
65.8783,3
65.8991,0
65.9048,2
65.9048,0
65.9157,10
65.9211,5
65.9266,2
65.9374,0
65.9428,15
65.9429,13
65.9483,7
65.9538,6
65.9538,1
65.9538,0
65.9593,15
65.9596,10
65.9706,6
65.9706,0
65.976,4
65.9761,0
65.9816,8
65.9819,7
65.9874,6
65.9874,2
65.9929,0
65.9983,3
65.9986,0
66.004,15
66.0095,5
66.0095,3
66.0151,0
66.0205,3
66.0206,0
66.0207,9
66.0262,5
66.0262,2
66.0317,0
66.0425,12
66.0427,6
66.0427,1
66.0483,0
66.0591,12
66.0596,2
66.0596,0
66.0704,1
66.0759,0
66.0813,11
66.0816,10
66.0874,3
66.093,1
66.0991,0
66.1045,12
66.11,8
66.1265,2
66.1321,0
66.1375,8
66.1377,0
66.1431,3
66.149,2
66.1545,0
66.1546,5
66.1547,0
66.1601,14
66.1602,13
66.1602,8
66.1603,5
66.1605,4
66.166,0
66.1769,5
66.177,3
66.1825,0
66.188,11
66.1881,6
66.1882,0
66.1883,11
66.1937,9
66.1939,6
66.2035,5
66.2036,0
66.209,9
66.2091,7
66.2145,5
66.2145,1
66.2199,0
66.2428,14
66.2537,5
66.2706,1
66.2707,0
66.2708,4
66.2862,1
66.2862,0
66.2919,6
66.292,1
66.292,0
66.2974,1
66.3149,0
66.3257,6
66.3258,4
66.3258,3
66.3367,0
66.3421,2
66.3422,0
66.3476,4
66.3477,3
66.3477,1
66.3705,0
66.3815,10
66.3873,8
66.3927,5
66.3982,4
66.3983,0
66.4037,8
66.4037,7
66.4038,4
66.4092,0
66.415,10
66.4151,2
66.431,0
66.4311,12
66.4365,9
66.4367,4
66.4425,1
66.4482,0
66.4536,10
66.4537,9
66.4591,2
66.4646,0
66.47,12
66.4703,8
66.4813,7
66.4813,1
66.4869,0
66.4923,3
66.4926,0
66.4981,3
66.4981,1
66.4981,0
66.5035,10
66.5095,5
66.5098,1
66.5152,0
66.5206,7
66.5207,0
66.5262,10
66.5321,8
66.5322,0
66.5324,12
66.5324,9
66.5379,7
66.538,0
66.5434,10
66.5435,8
66.549,6
66.549,2
66.5599,0
66.5653,3
66.5654,2
66.5655,0
66.5709,12
66.5764,4
66.5821,0
66.5875,7
66.5876,5
66.5932,3
66.5934,0
66.6014,15
66.6069,11
66.607,6
66.6161,5
66.6161,3
66.6236,0
66.629,11
66.6291,4
66.6345,2
66.6347,0
66.6401,14
66.6516,10
66.6516,9
66.657,7
66.657,5
66.6626,0
66.6627,3
66.6628,2
66.6741,1
66.6742,0
66.6797,5
66.6797,0
66.6851,11
66.6906,9
66.6907,1
66.6978,0
66.6979,9
66.7033,2
66.7097,0
66.7152,2
66.7296,0
66.73,11
66.7301,7
66.7301,0
66.741,2
66.7411,0
66.7465,3
66.7466,0
66.7467,13
66.7523,3
66.7578,2
66.7648,0
66.7702,14
66.7703,11
66.7703,3
66.7764,0
66.7818,10
66.7819,4
66.793,0
66.7984,14
66.7987,9
66.8319,5
66.8374,0
66.8429,1
66.843,0
66.8432,8
66.8432,7
66.8487,6
66.8487,0
66.8541,12
66.8543,9
66.8543,7
66.8599,0
66.8655,15
66.8713,2
66.8769,0
66.8823,5
66.8936,1
66.8936,0
66.8991,7
66.8993,6
66.9048,0
66.9049,6
66.9104,0
66.9158,2
66.9319,1
66.9373,0
66.9374,6
66.9429,0
66.9483,13
66.9484,11
66.9549,1
66.9604,0
66.9658,7
66.9713,0
66.9822,7
66.9876,0
66.9877,2
66.9994,0
67.0105,8
67.0105,5
67.016,2
67.0221,0
67.0281,11
67.0282,6
67.0282,5
67.0282,3
67.0337,1
67.0391,0
67.0445,2
67.0446,0
67.0608,4
67.0609,0
67.0663,9
67.0718,7
67.083,6
67.083,4
67.083,0
67.0884,13
67.0943,6
67.0997,4
67.1171,0
67.1225,9
67.1228,5
67.1498,2
67.1606,0
67.166,12
67.1772,10
67.1772,7
67.1772,6
67.1827,0
67.1885,8
67.1886,6
67.194,5
67.1995,3
67.2049,1
67.2104,0
67.2158,1
67.2161,0
67.233,3
67.2439,0
67.2493,4
67.2493,3
67.2493,1
67.2549,0
67.2603,14
67.2603,13
67.2658,6
67.2658,3
67.2715,0
67.2769,2
67.2824,0
67.2878,7
67.2879,0
67.2933,6
67.2934,0
67.2938,13
67.2939,8
67.2942,0
67.2996,9
67.305,8
67.3051,2
67.3106,0
67.3107,11
67.3161,9
67.3383,8
67.3492,0
67.3547,11
67.3656,10
67.3717,4
67.3772,3
67.3772,0
67.3826,8
67.3827,0
67.3882,8
67.3938,6
67.3938,4
67.3941,1
67.3995,0
67.4049,15
67.4104,11
67.4107,9
67.4161,8
67.4163,7
67.4273,0
67.4327,13
67.4385,7
67.4385,1
67.4442,0
67.4443,11
67.4533,6
67.4533,5
67.4644,1
67.47,0
67.4754,7
67.4755,5
67.4809,4
67.4809,3
67.4865,0
67.4919,1
67.4919,0
67.4973,6
67.5028,1
67.5028,0
67.5082,10
67.5083,7
67.5137,6
67.5192,0
67.53,4
67.5357,3
67.5466,0
67.552,6
67.5521,0
67.5698,1
67.5698,0
67.5753,2
67.5753,1
67.5754,0
67.589,14
67.5891,8
67.6009,4
67.601,0
67.6064,8
67.6064,7
67.6176,5
67.6231,3
67.6285,2
67.6365,0
67.6419,6
67.642,5
67.6529,1
67.6529,0
67.6585,9
67.6585,8
67.6587,1
67.6587,0
67.6588,2
67.6697,1
67.6752,0
67.6806,11
67.6807,10
67.6808,9
67.6808,5
67.6921,2
67.6975,0
67.703,5
67.7032,1
67.7141,0
67.7142,8
67.7309,6
67.731,2
67.7311,1
67.7313,0
67.7367,2
67.737,0
67.753,9
67.7585,5
67.7643,2
67.7643,0
67.7697,2
67.7698,0
67.7752,12
67.7753,7
67.7753,5
67.7917,0
67.7971,13
67.8028,8
67.8086,6
67.8086,2
67.8142,0
67.825,10
67.8253,7
67.836,0
67.8414,4
67.8417,3
67.8528,0
67.8582,4
67.8583,3
67.8638,1
67.8692,0
67.8746,2
67.8747,0
67.8802,3
67.8856,0
67.8857,2
67.8912,0
67.8967,8
67.908,3
67.908,0
67.9135,2
67.9135,1
67.9189,0
67.9243,9
67.9247,1
67.9247,0
67.9301,12
67.9301,11
67.9355,9
67.9414,7
67.9415,3
67.9475,0
67.9477,3
67.9627,0
67.9628,10
67.9683,4
67.9738,0
67.9792,13
67.9793,11
67.9794,9
67.9794,8
67.9851,2
68.0006,0
68.0061,13
68.0064,10
68.0119,1
68.0249,0
68.025,2
68.0253,0
68.0307,3
68.0307,2
68.0421,1
68.0567,0
68.0624,14
68.0624,12
68.0679,9
68.0791,8
68.0848,2
68.0903,0
68.0958,7
68.0958,2
68.0959,0
68.1125,12
68.1128,11
68.1183,2
68.1295,0
68.1517,8
68.1518,6
68.1518,0
68.1627,1
68.1627,0
68.1681,9
68.1683,0
68.1738,12
68.1738,11
68.1738,8
68.1846,6
68.1847,0
68.1901,4
68.1902,0
68.2011,10
68.2068,8
68.2125,7
68.2237,6
68.2238,3
68.2341,2
68.2402,0
68.2456,6
68.2565,3
68.2621,0
68.2676,15
68.2677,14
68.2731,13
68.2732,10
68.2733,3
68.2796,0
68.2798,4
68.2897,1
68.2897,0
68.2951,11
68.2952,8
68.3009,6
68.3009,4
68.3066,0
68.312,10
68.3124,7
68.3179,6
68.3234,2
68.3305,0
68.3359,8
68.3362,3
68.3534,0
68.3696,3
68.3697,0
68.3968,6
68.3969,5
68.4023,3
68.4078,0
68.4132,2
68.4133,0
68.4187,2
68.4242,0
68.4296,13
68.4296,11
68.4351,7
68.4354,6
68.4408,5
68.4463,0
68.4464,2
68.4465,1
68.4633,0
68.4687,5
68.4688,2
68.4743,0
68.4797,1
68.4799,0
68.4853,2
68.4853,0
68.4907,15
68.4908,13
68.4963,5
68.4963,1
68.5018,0
68.5072,1
68.5162,0
68.5274,13
68.5275,5
68.5604,0
68.5769,9
68.5824,0
68.5878,4
68.5988,3
68.5989,0
68.6043,8
68.6043,7
68.6155,1
68.6215,0
68.6269,2
68.627,0
68.6324,13
68.6379,3
68.6433,1
68.6433,0
68.6488,5
68.6491,2
68.6492,0
68.6546,12
68.6546,8
68.6603,7
68.6686,0
68.6874,6
68.7045,0
68.7099,2
68.7153,1
68.7155,0
68.7209,1
68.721,0
68.7264,3
68.7322,0
68.7376,8
68.7489,3
68.7544,2
68.7715,0
68.7769,8
68.777,3
68.7824,2
68.7991,0
68.8045,10
68.8046,1
68.8102,0
68.8266,15
68.8321,2
68.8375,1
68.8431,0
68.8485,10
68.8488,9
68.8488,2
68.8591,0
68.8645,6
68.8648,4
68.8702,2
68.8811,0
68.8865,7
68.8919,0
68.9081,7
68.9146,6
68.9146,1
68.92,0
68.9255,3
68.9312,0
68.9315,11
68.9315,9
68.948,7
68.9542,4
68.9542,2
68.9597,0
68.9651,4
68.9655,1
68.9709,0
68.9818,12
68.9938,11
68.9938,6
68.9939,3
69.0033,0
69.0087,8
69.0088,5
69.0146,0
69.0148,12
69.0148,8
69.0214,0
69.0328,12
69.0329,8
69.0329,6
69.0401,0
69.0455,2
69.0657,0
69.0712,4
69.0769,1
69.0916,0
69.097,15
69.1081,13
69.1181,9
69.1236,6
69.1237,0
69.1291,14
69.1348,11
69.1403,8
69.1473,1
69.1473,0
69.1582,7
69.1582,5
69.1637,3
69.1748,0
69.1802,2
69.1802,0
69.1856,14
69.1911,5
69.1913,3
69.1967,0
69.1969,14
69.2023,8
69.2082,7
69.2137,6
69.2137,1
69.2138,0
69.2193,13
69.2275,11
69.2275,7
69.2351,0
69.2405,7
69.2523,4
69.2578,2
69.2691,0
69.2745,8
69.2748,7
69.2879,2
69.2937,0
69.2991,14
69.2991,13
69.2992,12
69.2992,9
69.2993,4
69.3051,0
69.3105,14
69.316,4
69.3216,0
69.327,6
69.3271,3
69.3325,0
69.3379,5
69.3382,4
69.3488,2
69.3573,0
69.3686,2
69.3686,0
69.374,5
69.3741,2
69.3742,0
69.3796,9
69.8806,4
69.8818,0
69.8872,11
69.893,2
69.8984,0
69.9038,14
69.9093,0
69.9147,6
69.9201,5
69.9202,0
69.9256,11
69.9257,4
69.9311,0
69.9474,5
69.9474,3
69.9528,0
69.9582,5
69.9583,0
69.9637,14
69.9693,0
69.9801,7
69.9859,0
69.9913,11
69.9917,0
69.9972,3
69.9973,0
70.0027,11
70.0082,5
70.0082,0
70.0136,15
70.0191,7
70.0246,0
70.03,12
70.0355,1
70.0409,0
70.0463,7
70.0464,0
70.0518,8
70.0573,0
70.0681,2
70.0736,0
70.079,9
70.0793,7
70.0847,0
70.0901,12
70.0958,10
70.0959,8
70.1013,7
70.1013,0
70.1067,9
70.1068,3
70.1123,0
70.1339,5
70.134,4
70.1394,2
70.1394,0
70.1448,15
70.1504,0
70.1558,14
70.1558,11
70.1559,6
70.156,1
70.156,0
70.1614,7
70.1615,4
70.1669,0
70.1724,7
70.1725,0
70.1833,2
70.1836,0
70.189,14
70.1891,8
70.1891,6
70.1948,3
70.2003,0
70.2059,7
70.2113,0
70.2167,10
70.2168,6
70.2223,0
70.2334,2
70.2388,0
70.2442,1
70.2442,0
70.2496,12
70.2497,10
70.2609,3
70.2609,2
70.2663,1
70.2718,0
70.2772,14
70.2773,8
70.29,6
70.2956,0
70.301,5
70.3065,0
70.3069,4
70.3071,1
70.3137,0
70.3192,7
70.3246,6
70.3247,0
70.3248,9
70.3358,8
70.3522,7
70.3622,6
70.3622,3
70.3625,0
70.3788,12
70.3789,10
70.3953,7
70.3953,0
70.4008,3
70.4121,0
70.4122,3
70.4178,0
70.4233,15
70.4234,12
70.429,9
70.4346,4
70.4409,2
70.4409,0
70.4411,3
70.4617,1
70.4687,0
70.4742,6
70.4743,0
70.4745,15
70.4745,11
70.4746,8
70.48,6
70.4801,0
70.4855,5
70.4858,1
70.4912,0
70.4966,14
70.4967,10
70.5082,4
70.5336,0
70.539,12
70.539,10
70.5391,9
70.5391,6
70.5447,0
70.5556,1
70.568,0
70.5734,15
70.5898,11
70.5902,8
70.5956,6
70.5956,4
70.6011,0
70.6065,6
70.6069,0
70.6287,8
70.6288,4
70.6342,2
70.64,0
70.6454,6
70.6456,0
70.651,10
70.6569,0
70.6571,10
70.6572,9
70.6572,8
70.6627,6
70.6684,3
70.6848,0
70.6902,12
70.6905,10
70.7048,0
70.7102,6
70.7105,5
70.7235,3
70.7235,1
70.7237,0
70.7291,6
70.7401,3
70.7455,1
70.7511,0
70.7565,13
70.7565,10
70.762,5
70.762,1
70.762,0
70.7786,15
70.7786,10
70.7787,7
70.7841,6
70.7841,5
70.7915,1
70.7916,0
70.797,8
70.7972,6
70.8029,0
70.803,14
70.8087,7
70.8236,0
70.829,6
70.8291,1
70.8346,0
70.8347,10
70.8348,3
70.8349,0
70.8403,2
70.8403,0
70.8405,15
70.8465,11
70.8561,8
70.8615,6
70.8616,1
70.8671,0
70.8836,1
70.8891,0
70.8945,6
70.8947,5
70.9002,4
70.9062,0
70.9116,5
70.912,1
70.9174,0
70.9228,2
70.9229,0
70.9337,11
70.9338,9
70.9338,8
70.9394,2
70.9584,1
70.964,0
70.9694,1
70.9695,0
70.9749,15
70.9806,7
70.9861,6
70.9861,4
70.9916,0
70.997,1
70.9973,0
71.0027,5
71.0028,2
71.0028,1
71.0149,0
71.0206,12
71.0328,11
71.042,10
71.042,8
71.0475,6
71.0475,3
71.0547,2
71.0601,1
71.0601,0
71.0656,7
71.0657,0
71.0711,10
71.0711,9
71.0712,5
71.0767,2
71.0821,0
71.0875,6
71.0876,5
71.093,0
71.0984,4
71.0987,3
71.1278,2
71.142,0
71.1474,7
71.1528,5
71.1584,0
71.1638,1
71.1639,0
71.1693,1
71.1809,0
71.1863,15
71.1918,1
71.1974,0
71.2028,5
71.2031,1
71.2085,0
71.2139,14
71.214,13
71.214,12
71.2197,11
71.2252,7
71.2252,4
71.2252,1
71.2307,0
71.2309,15
71.2309,14
71.2364,6
71.2364,5
71.2425,1
71.248,0
71.2589,2
71.2643,0
71.2645,15
71.2645,14
71.27,13
71.2701,2
71.2756,0
71.281,14
71.281,12
71.2864,11
71.3025,8
71.308,3
71.308,0
71.3134,6
71.3188,5
71.33,0
71.3357,11
71.3523,3
71.364,0
71.8807,7
71.8929,4
71.8987,0
71.9041,12
71.9042,11
71.9155,9
71.921,7
71.9265,6
71.9266,0
71.932,15
71.9433,13
71.9599,12
71.9654,7
71.9654,5
71.9764,1
71.9764,0
71.9818,4
71.9819,0
71.9927,6
71.9928,3
71.9982,0
72.0036,9
72.004,3
72.0041,0
72.0095,15
72.0096,12
72.0154,11
72.021,7
72.0324,0
72.0435,2
72.0436,0
72.0599,15
72.0654,9
72.0654,5
72.0709,4
72.0763,0
72.0817,4
72.0818,0
72.0872,2
72.0926,0
72.0927,12
72.104,8
72.1103,1
72.1324,0
72.1484,15
72.154,12
72.1629,3
72.178,0
72.1834,1
72.1834,0
72.1888,7
72.1943,0
72.2053,15
72.2107,12
72.2162,8
72.2217,3
72.2274,0
72.2328,15
72.2328,14
72.2383,12
72.2383,3
72.244,2
72.2495,0
72.2497,3
72.2549,0
72.2605,4
72.2606,3
72.266,1
72.2718,0
72.2772,5
72.2773,0
72.2827,7
72.2882,4
72.2882,0
72.2995,7
72.2995,6
72.309,5
72.3315,0
72.3424,14
72.3425,5
72.3425,4
72.3535,3
72.359,0
72.3644,5
72.3699,0
72.3701,9
72.3701,7
72.3756,6
72.3756,2
72.3757,0
72.3812,4
72.3813,0
72.3868,3
72.3923,0
72.3977,15
72.3977,13
72.4031,11
72.4137,9
72.4192,5
72.4192,4
72.4301,1
72.4356,0
72.4358,4
72.4359,0
72.4476,13
72.448,5
72.4625,1
72.4682,0
72.4736,7
72.4737,0
72.4792,11
72.4847,9
72.4913,6
72.4913,3
72.4967,0
72.4969,6
72.5201,0
72.5255,9
72.5255,8
72.5256,3
72.531,2
72.5418,0
72.562,1
72.562,0
72.5674,11
72.5675,8
72.5676,6
72.5676,2
72.5795,0
72.5797,6
72.5797,5
72.5852,0
72.596,4
72.5962,1
72.6016,0
72.607,7
72.6125,6
72.6125,0
72.6179,4
72.6233,3
72.6289,0
72.6343,11
72.6347,2
72.6347,0
72.6456,13
72.6456,10
72.6511,8
72.6511,5
72.6514,2
72.6569,0
72.6624,12
72.6678,10
72.6679,1
72.6735,0
72.6789,7
72.6789,6
72.6844,0
72.6953,13
72.6954,7
72.7089,0
72.7198,1
72.7201,0
72.7541,2
72.7596,0
72.765,12
72.7651,4
72.7706,0
72.776,15
72.7761,8
72.7762,6
72.7817,0
72.7871,12
72.7872,8
72.7926,6
72.7926,5
72.7981,3
72.7981,0
72.8035,11
72.8036,5
72.809,4
72.8145,3
72.8203,0
72.8311,13
72.8366,5
72.8421,1
72.8481,0
72.8535,2
72.8592,1
72.8755,0
72.8809,15
72.8864,5
72.8919,4
72.9027,0
72.9081,2
72.9082,0
72.9136,2
72.9137,0
72.9191,15
72.9249,14
72.9304,6
72.9412,3
72.9412,2
72.9416,0
72.9417,2
72.9417,1
72.9533,0
72.9587,4
72.959,2
72.9644,1
72.9645,0
72.9699,5
72.97,1
72.9754,0
72.9863,1
72.9864,0
72.9918,8
72.9918,6
72.9975,5
73.0029,0
73.0083,10
73.0084,2
73.0146,0
73.02,11
73.02,7
73.0257,6
73.0367,0
73.0476,9
73.0479,6
73.0685,2
73.0685,0
73.074,10
73.0805,6
73.0805,2
73.0805,1
73.0859,0
73.0913,10
73.0914,1
73.0968,0
73.1023,11
73.1023,9
73.1136,5
73.1136,3
73.1138,0
73.1192,10
73.1246,9
73.1246,4
73.1355,0
73.1463,7
73.1467,3
73.1467,0
73.1522,2
73.1576,0
73.1578,9
73.1634,8
73.1689,3
73.1744,0
73.1798,15
73.1799,9
73.1887,8
73.1943,5
73.1943,4
73.1998,0
73.2107,3
73.2107,1
73.2108,0
73.2162,7
73.2164,0
73.2218,8
73.2275,6
73.2408,4
73.2463,3
73.2463,1
73.2609,0
73.2663,8
73.2738,3
73.2741,1
73.2741,0
73.2853,9
73.2853,8
73.2853,7
73.3018,5
73.3018,0
73.3073,2
73.3073,0
73.3128,14
73.3183,10
73.3238,6
73.3238,5
73.3239,2
73.3329,0
73.3384,5
73.3438,2
73.3439,0
73.3493,13
73.3567,8
73.3568,4
73.3662,0
73.3664,6
73.3665,1
73.3729,0
73.3786,6
73.3896,0
73.395,8
73.3951,4
73.3951,2
73.4005,1
73.4169,0
73.4223,5
73.4224,1
73.4224,0
73.4437,12
73.4505,6
73.4505,4
73.4559,1
73.4671,0
73.4725,3
73.4781,0
73.489,7
73.489,2
73.4891,0
73.4946,6
73.4946,5
73.5062,2
73.5116,0
73.5118,9
73.521,1
73.5264,0
73.5266,1
73.5376,0
73.5431,11
73.5485,10
73.5603,6
73.5603,1
73.5658,0
73.5659,13
73.5661,3
73.5661,1
73.5661,0
73.5827,14
73.5828,12
73.5883,6
73.5883,4
73.5883,2
73.5939,0
73.5993,8
73.6163,0
73.6217,12
73.6217,11
73.6272,6
73.6443,1
73.6499,0
73.6663,11
73.6717,8
73.6717,3
73.6718,1
73.6775,0
73.6829,9
73.6829,8
73.683,2
73.6884,0
73.6885,5
73.6939,4
73.6939,2
73.6941,0
73.6995,14
73.7049,11
73.7158,7
73.7158,6
73.7158,3
73.7217,2
73.7272,0
73.7326,5
73.7326,3
73.7443,0
73.7497,3
73.7498,0
73.7552,3
73.7552,1
73.7671,0
73.7725,2
73.7783,0
73.7837,15
73.7837,14
73.7891,12
73.7892,8
73.7946,6
73.7947,0
73.8001,13
73.8002,8
73.8057,6
73.8057,0
73.8111,13
73.8112,9
73.8167,6
73.8167,0
73.8276,13
73.8278,0
73.8332,14
73.8332,12
73.8387,6
73.8388,0
73.8442,7
73.8445,5
73.85,4
73.8555,0
73.8609,2
73.861,0
73.8664,14
73.8665,9
73.8665,7
73.8719,6
73.872,1
73.8775,0
73.8829,10
73.8832,4
73.8887,3
73.8887,0
73.8941,3
73.8942,1
73.8997,0
73.9051,7
73.9052,3
73.9106,0
73.916,5
73.9161,2
73.9216,0
73.927,8
73.9271,0
73.9325,7
73.9326,5
73.938,4
73.9381,3
73.9435,0
73.9547,1
73.9547,0
73.9602,8
73.9603,0
73.9657,13
73.9657,11
73.9712,6
73.9713,0
73.9767,14
73.9769,0
73.9823,9
73.9827,0
73.9935,6
73.9936,0
73.999,8
73.9992,0
74.0046,10
74.0047,0
74.0101,8
74.0102,2
74.0102,0
74.0156,4
74.0157,0
74.0211,13
74.0212,5
74.0213,0
74.0267,13
74.0268,1
74.0268,0
74.0323,15
74.0324,0
74.0378,2
74.0379,0
74.0433,5
74.0434,0
74.0488,9
74.0489,4
74.0489,0
74.0543,10
74.0545,0
74.0599,2
74.0599,0
74.0653,5
74.0654,0
74.0708,10
74.0709,3
74.071,0
74.0764,1
74.0764,0
74.0818,13
74.082,3
74.082,0
74.0874,7
74.0878,3
74.0878,0
74.0932,10
74.0933,0
74.0987,11
74.0988,10
74.0989,0
74.1043,10
74.1044,3
74.1044,0
74.1098,2
74.1099,0
74.1153,15
74.1154,6
74.1155,0
74.1209,7
74.121,0
74.1264,2
74.1265,1
74.1265,0
74.1319,8
74.132,0
74.1374,11
74.1375,6
74.1375,0
74.143,3
74.143,0
74.1484,8
74.1485,3
74.1485,0
74.1594,2
74.1595,0
74.1649,9
74.165,3
74.165,0
74.1704,6
74.1705,0
74.1759,9
74.176,4
74.176,0
74.1814,6
74.1815,0
74.1869,9
74.187,5
74.1871,1
74.1871,0
74.1925,1
74.1928,0
74.1982,8
74.1983,0
74.2037,11
74.2038,4
74.2039,0
74.2202,12
74.2203,6
74.2203,0
74.2258,12
74.2259,0
74.2313,13
74.2315,0
74.2369,2
74.2369,1
74.2369,0
74.2423,3
74.2424,0
74.2478,4
74.2479,0
74.2533,2
74.2534,0
74.2588,13
74.2589,0
74.2644,15
74.2644,14
74.2645,0
74.2754,1
74.2754,0
74.2808,3
74.2809,0
74.2863,13
74.2865,3
74.2865,0
74.2919,6
74.2936,4
74.2991,0
74.3045,1
74.3045,0
74.31,7
74.3154,2
74.3155,0
74.3156,6
74.3156,4
74.3211,0
74.3265,11
74.332,0
74.3374,15
74.3429,7
74.343,0
74.3484,6
74.3539,0
74.3593,5
74.3593,1
74.3647,0
74.3702,13
74.3702,7
74.3757,3
74.376,1
74.376,0
74.3814,13
74.3815,8
74.387,0
74.3924,12
74.3927,9
74.3982,0
74.4036,13
74.4091,8
74.4091,0
74.4146,14
74.4147,4
74.4147,0
74.4202,5
74.4202,3
74.4257,0
74.4258,5
74.4312,0
74.4366,15
74.4367,9
74.4422,5
74.4422,0
74.4476,15
74.4531,8
74.4586,0
74.4695,9
74.4696,5
74.4816,2
74.4871,0
74.4873,9
74.4986,6
74.4987,0
74.5041,3
74.5095,0
74.5097,13
74.5097,10
74.5152,7
74.5208,0
74.5262,4
74.5263,2
74.5263,0
74.5534,12
74.5535,7
74.5646,1
74.5646,0
74.5702,7
74.5819,3
74.5903,0
74.5957,3
74.5958,2
74.5958,0
74.6205,14
74.6206,9
74.6262,6
74.6427,3
74.6427,0
74.6481,13
74.6482,10
74.6591,4
74.6648,2
74.6759,0
74.6813,5
74.6922,0
74.6976,3
74.6977,0
74.7031,10
74.7086,6
74.7088,5
74.7089,0
74.709,11
74.7143,7
74.7143,3
74.7235,0
74.7289,13
74.7289,10
74.7344,0
74.7398,14
74.7472,13
74.7472,7
74.7581,4
74.7638,1
74.7692,0
74.7694,4
74.7694,2
74.7695,0
74.7749,4
74.7804,2
74.7858,0
74.786,13
74.7862,11
74.7999,6
74.7999,4
74.8,2
74.8081,0
74.8135,15
74.8245,13
74.8247,12
74.8301,9
74.8301,7
74.8356,5
74.8356,1
74.8356,0
74.841,13
74.8411,8
74.8523,6
74.8524,0
74.8578,7
74.8579,6
74.8894,2
74.8897,0
74.8951,13
74.919,11
74.9191,0
74.9354,13
74.941,10
74.9622,3
74.9624,0
74.9678,5
74.9735,2
74.98,0
74.9854,4
74.9855,2
74.9909,0
74.9963,5
74.9966,4
75.0126,3
75.0345,2
75.04,0
75.0454,7
75.051,6
75.0565,0
75.0619,2
75.0673,0
75.0727,2
75.0784,0
75.0838,15
75.0839,9
75.0841,5
75.0896,0
75.095,7
75.0953,6
75.1127,1
75.1185,0
75.1239,8
75.1241,1
75.1298,0
75.1299,4
75.1408,3
75.141,0
75.1412,13
75.1566,10
75.1629,7
75.1687,3
75.1795,0
75.1797,10
75.1907,3
75.1962,0
75.2016,12
75.2017,9
75.2137,2
75.2237,0
75.2291,14
75.2292,12
75.2293,9
75.2294,0
75.2403,4
75.2403,0
75.2457,5
75.2459,3
75.2459,2
75.2514,0
75.2568,13
75.2625,12
75.2625,11
75.2679,10
75.268,5
75.2849,3
75.2851,0
75.2905,5
75.2905,2
75.2907,0
75.2961,1
75.2964,0
75.2965,15
75.3018,12
75.3018,8
75.3127,2
75.3181,0
75.3238,15
75.3292,13
75.3293,11
75.3348,8
75.3402,5
75.3527,0
75.3581,1
75.3582,0
75.3636,14
75.3637,12
75.3692,11
75.3693,10
75.3748,6
75.3748,0
75.3803,14
75.3806,8
75.3807,3
75.3974,0
75.3976,12
75.3977,11
75.4031,8
75.4086,6
75.4087,2
75.4141,0
75.4195,8
75.4198,6
75.4252,5
75.4416,2
75.4416,0
75.447,7
75.4524,6
75.4525,0
75.4579,8
75.458,4
75.4634,1
75.4804,0
75.492,9
75.4975,7
75.4975,3
75.5032,2
75.5088,0
75.5142,1
75.5142,0
75.5197,9
75.5253,4
75.5256,0
75.531,9
75.5473,0
75.5636,15
75.5636,14
75.5637,7
75.5692,6
75.5692,0
75.5746,13
75.5747,9
75.5748,4
75.5862,2
75.5949,1
75.5949,0
75.6057,9
75.606,5
75.6114,4
75.6169,2
75.6169,0
75.6224,10
75.6356,7
75.641,1
75.6464,0
75.6466,5
75.6519,0
75.6573,8
75.6696,6
75.6696,5
75.6696,2
75.6752,0
75.686,11
75.6915,6
75.6915,0
75.6972,14
75.6973,13
75.7027,12
75.7089,8
75.7092,4
75.7147,0
75.7201,7
75.7203,0
75.7257,6
75.7261,3
75.7333,0
75.7387,6
75.765,4
75.7706,0
75.7814,11
75.7869,9
75.8092,5
75.8095,4
75.8149,0
75.8203,4
75.8204,1
75.8261,0
75.8262,12
75.8346,10
75.8449,6
75.8558,3
75.8558,0
75.8612,14
75.8614,4
75.8669,0
75.8723,1
75.8777,0
75.8832,14
75.8887,3
75.8887,2
75.8941,0
75.8942,9
75.8943,8
75.8998,6
75.8998,0
75.9052,14
75.9107,10
75.911,8
75.9164,7
75.9166,0
75.9279,13
75.9283,7
75.9337,4
75.9338,1
75.9446,0
75.95,6
75.9501,2
75.9555,0
75.9609,6
75.961,4
75.9666,3
75.9723,0
75.9778,2
75.9833,0
75.9835,12
75.9836,10
76.0002,2
76.0004,0
76.0006,9
76.0006,4
76.0007,3
76.0095,0
76.015,4
76.0153,0
76.033,14
76.0334,11
76.0388,6
76.0445,0
76.0554,4
76.0555,0
76.0609,3
76.0664,0
76.0718,6
76.0719,0
76.0882,11
76.0883,2
76.0937,0
76.0991,12
76.0995,10
76.1049,8
76.1109,7
76.1173,3
76.1176,0
76.1231,5
76.1231,3
76.1286,0
76.1287,5
76.1344,0
76.1452,8
76.1453,4
76.1454,0
76.1508,4
76.1562,0
76.1661,13
76.1715,10
76.1716,0
76.177,15
76.1773,9
76.1774,1
76.1829,0
76.183,15
76.1831,13
76.1831,12
76.1885,10
76.1885,6
76.1997,0
76.2052,12
76.2106,9
76.2171,4
76.2171,2
76.2226,0
76.2227,14
76.2397,13
76.2484,11
76.2539,7
76.2593,6
76.2594,0
76.2648,13
76.2649,6
76.2705,0
76.2925,12
76.2926,9
76.2927,6
76.2984,0
76.3038,3
76.3096,0
76.315,9
76.315,8
76.3151,4
76.3208,1
76.3211,0
76.3266,10
76.3374,6
76.3432,0
76.3434,9
76.3435,6
76.3544,0
76.3598,3
76.3598,2
76.3703,0
76.3705,11
76.3816,7
76.3816,0
76.398,4
76.4038,0
76.4092,10
76.4148,0
76.415,3
76.4259,0
76.426,4
76.4317,0
76.4427,4
76.4431,0
76.4432,6
76.4596,0
76.4749,5
76.4862,4
76.4863,0
76.4917,9
76.4918,5
76.4976,0
76.503,14
76.5032,8
76.509,2
76.5199,0
76.5253,10
76.531,9
76.5312,8
76.5366,6
76.5367,0
76.5368,7
76.5423,4
76.5423,3
76.5477,0
76.5534,9
76.5588,6
76.5588,5
76.5647,0
76.5702,9
76.5703,8
76.5703,6
76.5803,2
76.5803,0
76.5857,13
76.5858,9
76.5972,0
76.6083,8
76.6088,3
76.6196,0
76.6308,10
76.6311,8
76.6367,3
76.6423,0
76.6477,14
76.6481,6
76.6535,3
76.659,1
76.659,0
76.6644,1
76.6698,0
76.6752,2
76.6753,0
76.6807,7
76.6873,6
76.6873,5
76.6966,4
76.7021,0
76.7075,6
76.7132,5
76.7132,3
76.7189,0
76.7243,6
76.7297,3
76.7301,0
76.7409,2
76.741,1
76.7464,0
76.7465,3
76.7598,0
76.7652,7
76.7707,0
76.7761,12
76.7816,9
76.7816,5
76.7871,0
76.7925,10
76.7926,7
76.798,6
76.7981,0
76.809,14
76.8091,11
76.8148,8
76.8149,0
76.8205,12
76.8206,7
76.8261,6
76.8261,1
76.8316,0
76.837,13
77.3422,8
77.3436,5
77.3437,0
77.3491,1
77.3491,0
77.3545,12
77.3546,4
77.3548,0
77.3602,15
77.3603,12
77.3603,4
77.366,1
77.3714,0
77.3768,8
77.3769,7
77.3823,3
77.3823,0
77.3934,1
77.3934,0
77.3988,6
77.399,0
77.4044,1
77.4098,0
77.4152,5
77.4153,0
77.4208,12
77.4262,4
77.4316,0
77.4318,9
77.4318,8
77.4373,5
77.4373,3
77.4373,0
77.4427,11
77.4428,5
77.4482,1
77.4485,0
77.4539,5
77.454,0
77.4594,1
77.4651,0
77.4705,1
77.4759,0
77.4814,3
77.4814,0
77.4868,13
77.4924,1
77.4978,0
77.5032,5
77.5032,1
77.5033,0
77.5141,2
77.5141,1
77.5195,0
77.5249,9
77.5303,5
77.5304,3
77.5358,0
77.552,7
77.5524,0
77.5578,10
77.5578,9
77.5632,4
77.5633,0
77.5906,3
77.5907,0
77.5961,13
77.6016,3
77.6016,0
77.607,5
77.6125,0
77.6179,9
77.6179,5
77.6234,0
77.6288,3
77.6288,1
77.6343,0
77.6397,5
77.6451,1
77.6451,0
77.6505,5
77.6506,0
77.656,4
77.6561,0
77.6615,2
77.6616,1
77.6616,0
77.667,4
77.6671,0
77.6725,12
77.6729,0
77.6783,3
77.6784,0
77.6838,7
77.6839,0
77.6893,5
77.6894,0
77.6948,12
77.695,0
77.7004,8
77.7004,4
77.7005,0
77.7059,7
77.706,0
77.7114,5
77.7115,2
77.7115,0
77.7169,10
77.717,0
77.7224,13
77.7225,11
77.7226,0
77.728,8
78.2299,3
78.2314,0
78.2368,7
78.2368,1
78.2423,0
78.2477,8
78.2477,6
78.2478,0
78.2532,2
78.2533,0
78.2534,9
78.2589,0
78.2643,7
78.2644,6
78.2698,3
78.2698,2
78.2701,0
78.281,13
78.2868,2
78.2922,0
78.2976,10
78.3031,4
78.3031,0
78.3085,12
78.314,5
78.3194,0
78.3248,14
78.3303,8
78.3357,2
78.3411,0
78.3466,4
78.3466,3
78.352,0
78.3574,2
78.3628,0
78.3683,2
78.374,0
78.3794,6
78.3795,0
78.3849,4
78.3849,3
78.385,0
78.3904,15
78.3908,8
78.3963,0
78.4017,7
78.4137,6
78.4137,5
78.4191,4
78.4192,0
78.4246,13
78.4246,11
78.4411,7
78.4491,3
78.4555,0
78.4609,11
78.461,10
78.461,9
78.4717,7
78.4829,6
78.4829,0
78.4883,11
78.4887,10
78.4887,3
78.4941,0
78.4943,6
78.4997,5
78.5103,4
78.5104,0
78.5158,14
78.5158,13
78.5323,12
78.5323,10
78.5384,2
78.5384,0
78.5438,12
78.5548,5
78.5548,3
78.5548,2
78.5608,0
78.5662,14
78.5716,11
78.5717,10
78.5773,8
78.5843,3
78.593,0
78.6039,6
78.604,5
78.604,3
78.604,0
78.6094,3
78.6095,0
78.6313,4
78.6314,1
78.6368,0
78.6422,7
78.6423,4
78.6423,2
78.6478,0
78.6532,6
78.6533,2
78.659,0
78.6644,7
78.6645,0
78.67,12
78.67,9
78.6755,6
78.6756,0
78.681,2
78.681,0
78.6864,15
78.6865,12
78.692,8
78.6974,3
78.6978,0
78.7032,9
78.7032,6
78.7033,0
78.7087,7
78.7088,4
78.7143,0
78.7251,3
78.7252,0
78.7306,10
78.7307,2
78.7307,0
78.7361,1
78.7362,0
78.7363,2
78.7364,0
78.7418,14
78.7419,5
78.7419,4
78.7421,0
78.7476,14
78.7476,12
78.7531,6
78.7531,4
78.7532,0
78.7586,9
78.7589,8
78.7589,7
78.7644,6
78.7645,0
78.7699,13
78.77,7
78.77,6
78.7755,1
78.7809,0
78.7918,9
78.7919,0
78.7973,4
78.7977,3
78.8031,0
78.8085,10
78.8087,3
78.8087,1
78.8141,0
78.8195,12
78.8196,8
78.8251,7
78.8305,6
78.8306,3
78.8361,0
78.8469,2
78.847,0
78.8524,5
78.8525,0
78.8579,9
78.858,0
78.8581,5
78.8582,1
78.8584,0
78.8638,4
78.8642,2
78.8642,1
78.8696,0
78.8751,1
78.8751,0
78.8805,8
78.8806,1
78.8806,0
78.8808,7
78.8808,3
78.881,0
78.8865,1
78.8865,0
78.8919,3
78.892,0
78.8974,6
78.8974,5
78.8975,3
78.8975,0
78.9032,12
78.9032,11
78.9032,10
78.9087,6
78.9088,1
78.9142,0
78.9197,7
78.9197,5
78.9252,0
78.9361,1
79.4388,0
79.4564,1
79.4619,0
79.4673,7
79.4673,5
79.4753,0
79.4862,2
79.4863,0
79.4917,9
79.5007,3
79.5008,0
79.5162,9
79.5166,3
79.5224,0
79.5225,2
79.528,0
79.5334,4
79.5388,3
79.5445,0
79.5499,13
79.5499,12
79.561,4
79.561,1
79.5686,0
79.5741,6
79.5741,3
79.5798,0
79.5852,14
79.5907,11
79.5963,10
79.6047,6
79.6047,5
79.6101,0
79.6156,7
79.6159,6
79.6267,4
79.6332,2
79.6387,0
79.6441,13
79.6443,7
79.6499,0
79.6553,5
79.6553,3
79.6608,1
79.6608,0
79.6663,8
79.6664,0
79.6665,7
79.6666,6
79.672,1
79.6775,0
79.6829,11
79.6886,10
79.6995,6
79.6998,5
79.7053,1
79.7053,0
79.7325,6
79.738,0
79.7434,5
79.7435,1
79.7489,0
79.7644,3
79.7698,0
79.7753,4
79.7753,0
79.7916,11
79.7916,8
79.7917,4
79.7971,0
79.8025,8
79.8028,7
79.81,2
79.8219,0
79.8273,4
79.8327,0
79.8381,2
79.8436,0
79.8598,9
79.8599,8
79.8599,7
79.8653,5
79.8653,0
79.8707,8
79.8708,7
79.8762,0
79.8764,8
79.8817,1
79.8874,0
79.8928,4
79.8928,2
79.9042,0
79.9096,4
79.9099,2
79.924,0
79.9297,3
79.9298,0
79.9406,10
79.9407,0
79.9516,4
79.9517,3
79.9518,0
79.9791,8
79.9792,4
79.9946,3
80.0001,0
80.0178,8
80.0179,2
80.0233,0
80.0287,5
80.0291,4
80.0388,0
80.0442,3
80.0442,2
80.0497,0
80.05,13
80.0555,4
80.0613,0
80.0721,3
80.0723,2
80.0777,1
80.0832,0
80.0943,3
80.0944,0
80.0998,11
80.0999,6
80.1,0
80.1054,8
80.1109,0
80.1175,5
80.1228,0
80.1282,10
80.1286,8
80.1394,0
80.1449,5
80.1503,0
80.1674,5
80.1675,1
80.1839,0
80.1893,15
80.1894,8
80.1951,5
80.205,0
80.2105,8
80.2105,6
80.2106,2
80.2107,1
80.2162,0
80.2495,9
80.2553,7
80.2663,0
80.2717,1
80.2718,0
80.2772,6
80.2772,4
80.2772,3
80.2774,0
80.2883,14
80.2997,10
80.2998,0
80.3052,8
80.3234,0
80.3454,3
80.3619,1
80.3619,0
80.3673,7
80.3727,6
80.3728,0
80.3782,6
80.3783,0
80.3837,7
80.3902,6
80.3903,3
80.3958,0
80.4012,6
80.4066,3
80.4067,0
80.4068,10
80.4069,6
80.4124,2
80.4124,0
80.4178,11
80.4181,10
80.4235,5
80.4237,2
80.4372,0
80.4426,8
80.4427,2
80.4427,0
80.4542,14
80.4597,13
80.4652,6
80.4818,0
80.482,2
80.4873,0
80.4927,14
80.4927,12
80.5039,9
80.5208,7
80.5429,2
80.5432,0
80.5486,5
80.5487,0
80.5541,8
80.5542,5
80.5597,0
80.5651,9
80.5653,1
80.5654,0
80.5656,3
80.5656,0
80.5711,4
80.5712,0
80.5713,1
80.5714,0
80.5824,4
80.5825,0
80.5934,6
80.5935,2
80.5989,0
80.6043,6
80.6047,2
80.6047,1
80.6102,0
80.6156,4
80.6157,0
80.6265,2
80.6266,1
80.6266,0
80.6375,11
80.6376,4
80.643,0
80.6487,10
80.6488,4
80.6543,3
80.6597,0
80.6652,11
80.6707,9
80.6707,6
80.6708,0
80.6709,6
80.6762,0
80.6764,3
80.6764,0
80.6818,9
80.6819,7
80.682,0
80.6874,11
80.6875,0
80.6877,2
80.6877,0
80.6931,4
80.6932,1
80.6934,0
80.6988,2
80.6989,0
80.7043,2
80.7046,0
80.71,3
80.7101,0
80.7155,11
80.7155,10
80.7156,0
80.7158,11
80.7159,0
80.7215,15
80.7216,12
80.727,10
80.7325,6
80.7325,4
80.7434,0
80.7491,5
80.7492,4
80.7492,0
80.7546,12
80.7548,3
80.7603,0
80.7657,7
80.7658,0
80.7712,5
80.7712,1
80.7713,0
80.7822,10
80.7877,6
80.7932,0
80.7933,14
80.7934,7
80.8043,6
80.8044,2
80.8101,0
80.8155,10
80.8156,2
80.8211,0
80.8265,7
80.8266,5
80.8266,1
80.8321,0
80.8375,13
80.8376,11
80.843,9
80.843,6
80.8431,5
80.8431,3
80.8434,0
80.8488,4
80.8489,2
80.8544,0
80.8598,6
80.8598,1
80.8599,0
80.8653,15
80.8654,9
80.8708,6
80.8709,2
80.8709,0
80.8763,12
80.8764,8
80.8819,6
80.8819,1
80.8819,0
80.8982,10
80.8983,4
80.9038,0
80.9092,11
80.9096,10
80.9151,6
80.9151,3
80.9206,0
80.926,5
80.926,4
80.9261,0
80.9369,4
80.937,0
80.9424,13
80.9425,11
80.9425,10
80.9479,5
80.9483,0
80.9537,10
81.4599,5
81.4726,0
81.478,7
81.4894,5
81.4894,1
81.4948,0
81.5002,8
81.5003,1
81.5058,0
81.5112,4
81.5113,0
81.5167,15
81.5168,10
81.525,9
81.536,7
81.5417,6
81.5419,0
81.5473,11
81.5473,10
81.5527,8
81.5527,7
81.5582,6
81.5583,0
81.5722,5
81.5723,0
81.5777,12
81.5831,8
81.5886,6
81.6049,4
81.6104,0
81.6158,7
81.6159,4
81.616,0
81.6214,8
81.628,4
81.6441,0
81.6607,14
81.6608,8
81.6608,7
81.6665,4
81.6771,0
81.6825,6
81.6826,5
81.6827,2
81.6993,1
81.7136,0
81.7244,8
81.7245,1
81.7245,0
81.7247,10
81.7299,9
81.73,4
81.7523,0
81.7524,1
81.7525,0
81.7579,11
81.7633,8
81.7697,1
81.7698,0
81.7699,11
81.7699,10
81.7754,9
81.7754,5
81.7809,1
81.7878,0
81.7932,11
81.7933,3
81.7934,2
81.7989,0
81.8043,11
81.8044,8
81.8154,6
81.8208,5
81.83,0
81.8302,2
81.8356,0
81.8357,3
81.8411,0
81.8465,1
81.8466,0
81.852,14
81.8523,12
81.8583,6
81.8638,4
81.8751,2
81.8805,0
81.8859,15
81.8914,4
81.8969,2
81.9073,0
81.9128,6
81.913,1
81.9242,0
81.9243,6
81.9244,0
81.9298,12
81.9299,9
81.9357,0
81.9358,11
81.9359,9
81.9414,6
81.9414,2
81.9469,0
81.9523,4
81.9524,0
81.9578,7
81.9579,0
81.958,4
81.9581,0
81.9635,11
81.9636,8
81.9638,6
81.9638,0
81.9692,1
81.9693,0
82.4851,12
82.4856,6
82.491,0
82.4964,14
82.4966,5
82.5021,3
82.5021,0
82.5076,3
82.5077,0
82.5132,4
82.5224,0
82.5226,5
82.5226,4
82.5405,0
82.5459,4
82.5463,2
82.5517,0
82.5571,10
82.5626,0
82.5627,3
82.5685,0
82.5793,15
82.5794,7
82.5852,0
82.5907,15
82.5907,12
82.6,10
82.6178,6
82.6287,0
82.6341,5
82.6342,3
82.6515,1
82.6625,0
82.6736,7
82.6791,0
82.6792,6
82.7011,0
82.7065,1
82.7122,0
82.7176,7
82.7285,1
82.7378,0
82.7432,2
82.7432,0
82.7599,7
82.7655,6
82.7655,2
82.7709,0
82.7711,4
82.7714,0
82.7768,13
82.7841,10
82.7953,5
82.8042,0
82.8096,6
82.8206,4
82.8208,3
82.8208,1
82.8335,0
82.8389,3
82.8389,1
82.8498,0
82.8552,4
82.8607,0
82.8661,6
82.8662,4
82.8778,0
82.8944,9
82.9001,6
82.9113,0
82.9167,15
82.9222,12
82.933,6
82.9384,5
82.9538,0
82.9703,10
82.9704,4
82.9759,0
82.9813,13
82.9816,9
82.9817,8
82.9817,5
82.9886,1
82.9987,0
83.0041,1
83.0042,0
83.0096,12
83.0096,11
83.0151,5
83.0206,0
83.026,13
83.026,11
83.0315,3
83.0384,0
83.0438,12
83.0438,10
83.0439,9
83.0439,8
83.044,4
83.0494,3
83.0591,0
83.0645,3
83.0755,0
83.0809,14
83.0812,10
83.0866,7
83.093,0
83.0984,12
83.0988,8
83.105,3
83.1105,0
83.1267,2
83.1268,0
83.1322,5
83.1322,4
83.1603,0
83.1657,11
83.1658,9
83.1767,7
83.1876,0
83.193,14
83.1931,8
83.1988,6
83.2155,3
83.2156,0
83.221,9
83.2211,0
83.232,15
83.2321,12
83.2376,8
83.2432,5
83.2432,0
83.2434,8
83.2434,7
83.2436,2
83.2436,1
83.249,0
83.2545,9
83.26,0
83.2601,1
83.2657,0
83.2711,8
83.2712,6
83.2803,2
83.2933,0
83.2987,5
83.2988,0
83.3042,11
83.31,8
83.3208,5
83.3208,0
83.3262,13
83.3263,9
83.3318,6
83.3318,5
83.3372,4
83.3427,0
83.3536,7
83.3537,4
83.3537,2
83.3592,0
83.3646,3
83.3646,0
83.37,13
83.3704,8
83.3759,6
83.3814,0
83.3868,14
83.3869,12
83.3923,9
83.3924,8
83.3978,6
83.3978,5
83.4033,0
83.409,15
83.4091,6
83.4146,2
83.4201,0
83.4255,5
83.4256,0
83.4364,12
83.4366,1
83.442,0
83.4474,7
83.4475,6
83.4475,2
83.453,0
83.4584,5
83.4585,1
83.464,0
83.4694,3
83.4697,0
83.4751,6
83.4752,2
83.4807,0
83.4861,8
83.4862,4
83.4917,0
83.4971,5
83.4971,2
83.5026,0
83.5081,15
83.5137,0
83.5138,9
83.5139,3
83.5194,0
83.5195,13
83.5196,9
83.5251,6
83.5252,0
83.5306,9
83.5307,8
83.5361,6
83.5416,0
83.5418,13
83.5418,11
83.5473,6
83.5474,1
83.5529,0
83.5583,7
83.5583,5
83.5638,0
83.5692,4
83.5693,2
83.575,0
83.5804,4
83.5805,0
83.5859,6
83.586,4
83.586,0
83.5969,4
83.597,0
83.6024,11
83.6024,9
83.6025,6
83.6079,1
83.6082,0
83.6136,2
83.6137,0
83.6191,7
83.6192,3
83.6247,0
83.6301,8
83.6302,0
83.6356,6
83.6357,0
83.6358,12
83.6359,9
83.6361,7
83.6362,0
83.6416,7
83.6417,0
83.6418,15
83.6471,10
83.6471,8
83.6526,6
83.6527,0
83.6581,9
83.6581,6
83.6581,5
83.6636,4
83.6691,0
83.6746,4
83.6749,0
83.675,12
83.6751,2
83.6806,0
83.6861,2
83.6861,0
83.6917,10
83.6918,9
83.6918,2
83.6973,0
83.7027,10
83.7028,5
83.7028,1
83.7083,0
83.7137,10
83.7141,9
83.7195,6
83.725,1
83.7305,0
83.736,1
83.736,0
83.7362,13
83.7363,6
83.7418,0
83.7472,15
83.7473,9
83.7582,6
83.7583,0
83.7637,14
83.7637,10
83.7638,9
83.775,6
83.775,1
83.7805,0
83.7859,10
83.7859,7
83.7914,6
83.7915,0
83.7969,11
83.797,4
83.8025,0
83.8079,1
83.8079,0
83.8133,6
83.8137,0
83.8139,14
83.8139,13
83.8142,0
83.8196,8
83.8197,6
83.8265,0
83.8319,10
83.8373,9
83.8472,1
83.8655,0
83.871,4
83.8764,0
83.8818,13
83.8822,9
83.8931,3
83.8931,1
83.8985,0
83.9039,2
83.9042,0
83.9096,12
83.9097,11
83.9159,6
83.9162,4
83.9272,1
83.9326,0
83.938,4
83.9381,3
83.9435,0
83.9489,12
83.9543,11
83.9598,8
83.9598,6
83.9653,0
83.9707,9
83.9762,2
83.9819,1
83.982,0
83.9983,7
83.9983,6
84.0037,3
84.0038,2
84.0154,1
84.0225,0
84.0279,3
84.0279,1
84.0334,0
84.0443,11
84.0444,6
84.052,5
84.052,0
84.0575,10
84.0576,8
84.0631,7
84.0685,5
84.074,1
84.0794,0
84.0906,6
84.0907,5
84.0961,0
84.1015,14
84.1018,11
84.1073,4
84.1073,0
84.1075,6
84.1129,5
84.124,1
84.1294,0
84.1349,10
84.1403,3
84.1512,1
84.1574,0
84.1576,5
84.1576,3
84.1578,0
84.1632,1
84.1632,0
84.1686,8
84.174,6
84.1796,0
84.185,5
84.1907,4
84.2015,1
84.2071,0
84.2073,1
84.2075,0
84.2184,15
84.2185,14
84.2277,9
84.2331,8
84.2334,1
84.2388,0
84.2513,9
84.2514,1
84.2514,0
84.2622,11
84.2623,4
84.2732,0
84.2786,8
84.2846,0
84.2905,6
84.2959,2
84.3014,1
84.3071,0
84.3125,3
84.3179,1
84.318,0
84.3181,4
84.3181,3
84.3293,1
84.3401,0
84.3455,14
84.3509,8
84.3564,6
84.3564,4
84.3618,3
84.3727,0
84.3781,5
84.39,0
84.3954,11
84.3955,9
84.4009,8
84.4009,7
84.4065,0
84.4119,15
84.4123,8
84.4231,7
84.4286,2
84.4289,1
84.45,0
84.4554,5
84.4555,3
84.4609,0
84.4665,14
84.472,13
84.4775,7
84.4775,2
84.4831,0
84.4885,3
84.4886,0
84.494,11
84.4941,5
84.4944,4
84.4946,1
84.4946,0
84.4947,14
84.4948,11
84.5004,8
84.5004,5
84.5064,3
84.512,0
84.5174,12
84.5175,11
84.5229,8
84.5284,4
84.5338,0
84.5395,11
84.5396,6
84.5397,2
84.5466,0
84.552,15
84.5737,13
84.5796,4
84.585,3
84.5851,0
84.5853,6
84.5907,5
84.6018,0
84.6072,6
84.6127,0
84.6238,5
84.6239,0
84.6293,5
84.6431,4
84.654,0
84.6594,5
84.6648,4
84.6704,0
84.6758,3
84.6758,0
84.6978,5
84.6982,1
84.7036,0
84.7091,10
84.7092,3
84.7092,0
84.7147,10
84.7235,5
84.7314,3
84.7314,0
84.7316,14
84.7316,11
84.7317,9
84.7318,6
84.7318,4
84.7396,0
84.745,13
84.745,12
84.745,11
84.7505,6
84.7506,0
84.7561,8
84.7562,1
84.7564,0
84.7565,1
84.7566,0
84.762,12
84.7621,7
84.7621,0
84.7839,12
84.784,2
84.7895,0
84.7949,10
84.7949,9
84.795,0
84.8004,11
84.8005,5
84.8009,0
84.801,2
84.8011,1
84.8012,0
84.8067,7
84.8067,5
84.8122,0
84.8176,3
84.8177,0
84.8231,10
84.8232,7
84.8232,4
84.8287,0
84.8341,5
84.8342,0
84.8396,9
84.84,4
84.8455,0
84.8509,4
84.8509,0
84.8564,10
84.8564,5
84.8619,4
84.8674,1
84.8728,0
84.8783,10
84.8783,8
84.8784,0
84.8838,12
84.8839,3
84.8841,1
84.8841,0
84.8843,9
84.8844,0
84.8898,14
84.8898,12
84.8953,11
84.9011,4
84.9012,0
84.9066,7
84.9066,3
84.9121,0
84.9175,11
84.9176,9
84.9231,6
84.9231,4
84.9286,1
84.934,0
84.9394,6
84.9398,5
84.9452,3
84.9507,0
84.9561,13
84.9562,5
84.9617,0
84.9726,5
84.9727,0
84.9781,15
84.9782,10
84.9837,6
84.9892,4
84.99,0
84.9954,1
84.9955,0
85.0009,15
85.001,7
85.0013,0
85.0067,6
85.007,0
85.0072,5
85.0072,3
85.0127,2
85.0127,0
85.0181,13
85.0183,4
85.0237,2
85.0238,0
85.0292,9
85.0292,6
85.0456,1
85.0459,0
85.0513,11
85.0514,4
85.0514,0
85.0568,3
85.0569,0
85.0732,11
85.0733,5
85.0788,2
85.0843,0
85.0897,12
85.0898,4
85.0953,0
85.1007,1
85.1007,0
85.1062,14
85.1065,13
85.112,6
85.112,2
85.1175,0
85.1229,9
85.123,8
85.123,5
85.1285,0
85.1339,9
85.134,5
85.1395,0
85.1449,2
85.1453,0
85.1507,13
85.1507,11
85.1562,6
85.1562,3
85.1617,0
85.1671,2
85.1672,0
85.1726,9
85.1727,3
85.1727,2
85.1782,0
85.1836,6
85.1837,0
85.1891,2
85.1891,1
85.1892,0
85.1946,5
85.1946,1
85.2001,0
85.211,15
85.2114,6
85.2116,3
85.2171,0
85.2281,8
85.2282,6
85.2336,4
85.2337,0
85.2445,1
85.2512,0
85.262,12
85.2675,9
85.2675,3
85.2729,0
85.2784,2
85.2839,0
85.284,7
85.2841,4
85.3001,0
85.3055,4
85.3056,0
85.311,15
85.3168,12
85.3169,11
85.3276,8
85.333,6
85.3331,5
85.3506,0
85.3666,8
85.3667,5
85.3721,0
85.3775,2
85.3776,1
85.3776,0
85.383,1
85.383,0
85.3938,2
85.3939,0
85.3993,13
85.4047,11
85.4049,7
85.4222,3
85.4223,0
85.4277,4
85.4331,0
85.4388,14
85.4389,7
85.4443,5
85.4504,0
85.4558,1
85.4562,0
85.4616,12
85.4617,7
85.4671,6
85.4672,0
85.4726,4
85.9837,0
85.9891,7
85.9891,6
85.9892,2
85.9893,0
85.9947,3
86.0057,0
86.0111,7
86.0112,2
86.0112,0
86.0275,1
86.0279,0
86.0333,1
86.0542,0
86.0596,1
86.0597,0
86.0651,9
86.0652,5
86.0711,2
86.0767,0
86.0769,1
86.0823,0
86.0877,9
86.0878,6
86.0932,5
86.0933,2
86.0933,0
86.1041,1
86.1043,0
86.1097,3
86.1097,1
86.1152,0
86.1206,3
86.1207,2
86.1207,0
86.1316,6
86.1426,4
86.1485,0
86.1539,2
86.1542,0
86.1598,11
86.1654,4
86.1654,0
86.1834,13
86.1835,8
86.1978,1
86.1981,0
86.2035,1
86.2089,0
86.2143,5
86.2202,4
86.2202,3
86.2256,2
86.2256,0
86.231,15
86.2311,13
86.2366,0
86.242,14
86.2475,10
86.2476,0
86.2586,3
86.2641,0
86.2695,4
86.2752,0
86.2806,8
86.2807,7
86.2861,0
86.2915,12
86.297,6
86.297,0
86.3025,15
86.308,0
86.3134,9
86.3189,8
86.3189,0
86.3243,3
86.3244,0
86.3299,13
86.33,6
86.3354,0
86.3356,10
86.3356,8
86.3411,0
86.3465,13
86.3466,10
86.3521,0
86.3575,11
86.3578,8
86.3632,0
86.3686,12
86.3688,2
86.3688,0
86.3742,14
86.3746,10
86.3746,7
86.38,0
86.3963,1
86.3963,0
86.4017,8
86.4072,0
86.4126,12
86.4181,3
86.4235,0
86.4289,9
86.4291,0
86.4345,1
86.4399,0
86.4453,11
86.4508,0
86.4616,9
86.4619,1
86.4673,0
86.4728,6
86.4785,4
86.4785,0
86.4839,4
86.4894,0
86.4948,4
86.5002,0
86.5057,12
87.0101,11
87.0102,10
87.0103,6
87.0103,0
87.0157,13
87.0266,11
87.0352,9
87.0407,7
87.0461,5
87.0525,0
87.0579,9
87.058,6
87.0688,4
87.0743,0
87.0797,7
87.0801,0
87.0856,12
87.1018,1
87.1073,0
87.1075,11
87.1129,5
87.1241,0
87.1295,9
87.1296,4
87.135,3
87.1352,0
87.1406,3
87.1462,0
87.1518,5
87.1578,3
87.1633,0
87.1687,9
87.1687,8
87.1745,0
87.1799,14
87.1856,12
87.191,11
87.191,6
87.1971,0
87.2025,10
87.2026,7
87.2027,0
87.2082,8
87.2136,4
87.2137,0
87.2192,12
87.2193,7
87.2247,0
87.2301,1
87.2356,0
87.241,8
87.2411,3
87.2473,2
87.2473,0
87.2582,11
87.2586,4
87.2698,2
87.2812,0
87.2866,6
87.2867,4
87.2921,0
87.2975,12
87.2979,9
87.3033,5
87.3033,4
87.3121,0
87.3175,14
87.3175,12
87.3175,11
87.3177,9
87.3177,8
87.3234,0
87.3288,8
87.3398,3
87.3453,0
87.3561,11
87.3618,2
87.3732,0
87.3786,5
87.3789,0
87.3844,15
87.3959,10
87.4123,5
87.4178,0
87.418,7
87.4181,4
87.4181,3
87.4285,0
87.4339,12
87.434,8
87.4402,6
87.4402,2
87.4456,0
87.451,15
87.4565,5
87.4623,1
87.4677,0
87.4731,14
87.4731,10
87.4732,9
87.4733,0
87.4787,2
87.4788,0
87.4899,8
87.49,2
87.5011,0
87.5065,2
87.5238,0
87.5292,2
87.5347,0
87.5401,13
87.5456,6
87.5514,0
87.5568,12
87.5622,8
87.5623,1
87.568,0
87.5734,12
87.5734,11
87.5734,9
87.5794,7
87.5853,3
87.5962,0
87.6016,9
87.6019,3
87.6152,0
87.6206,1
87.6353,0
87.6407,10
87.6463,6
87.6463,4
87.6463,1
87.6518,0
87.6572,10
87.6573,5
87.6627,3
87.6685,0
87.6739,2
87.674,1
87.674,0
87.6742,9
87.68,4
87.68,1
87.6908,0
87.691,1
87.6912,0
87.6966,7
87.6967,0
87.7075,12
87.7234,8
87.7344,0
87.7398,6
87.7398,4
87.7453,0
87.7623,5
87.7624,4
87.7624,0
87.7678,8
87.7788,0
87.796,6
87.7962,0
87.8016,6
87.8016,2
87.8017,0
87.8018,10
87.8075,9
87.8159,4
87.8215,3
87.8215,0
87.8269,4
87.8323,3
87.8323,2
87.8378,0
87.8432,10
87.8434,8
87.8434,1
87.8543,0
87.8597,8
87.8597,5
87.8712,4
87.8768,2
87.8876,0
87.893,12
87.8934,3
87.8988,1
87.9053,0
87.9055,13
87.9112,10
87.9166,7
87.9166,4
87.9221,0
87.9384,10
87.9384,7
87.9492,6
87.9551,5
87.9551,0
87.966,6
87.9715,0
87.9826,5
87.9827,0
87.9881,13
87.9936,12
87.9991,6
87.9992,0
88.0046,9
88.0049,7
88.0103,6
88.0104,2
88.0161,0
88.0162,12
88.0216,10
88.0218,8
88.0219,4
88.0339,0
88.0393,10
88.0394,2
88.0449,0
88.0503,14
88.0504,8
88.0505,0
88.0668,2
88.0669,0
88.0777,11
88.5796,6
88.5811,0
88.5865,10
88.5867,3
88.5925,0
88.598,11
88.5981,10
88.5981,5
88.6074,0
88.6128,2
88.6129,0
88.6183,8
88.6184,0
88.6293,8
88.6297,1
88.6297,0
88.6351,3
88.6352,0
88.646,11
88.6461,5
88.6462,0
88.6516,9
88.6517,0
88.6518,12
88.6519,8
88.6521,7
88.6521,6
88.6576,0
88.663,1
88.6631,0
88.6685,13
88.6686,10
88.6686,6
88.6741,0
88.6795,12
88.6796,9
88.6796,4
88.6851,0
88.6905,5
88.6909,4
88.6963,2
88.7018,0
88.7072,3
88.7073,0
88.7127,7
88.7128,4
88.7183,0
88.7237,13
88.7238,4
88.7292,0
88.7349,5
88.735,0
88.7404,6
88.7405,2
88.7405,0
88.7569,11
88.757,3
88.7625,0
88.7679,10
88.768,3
88.7789,0
88.7843,1
88.7844,0
88.7898,12
88.7898,10
88.7956,0
88.8011,10
88.8011,6
88.8066,0
88.8121,11
88.8121,10
88.8121,5
88.8177,0
88.8231,3
88.8231,0
88.8285,14
88.8286,7
88.8341,2
88.8344,0
88.8398,3
88.8399,0
88.8453,14
88.8454,11
88.8509,6
88.8509,3
88.8564,0
88.8618,7
88.8618,6
88.8619,0
88.8673,5
88.8674,0
88.8782,3
88.8783,0
88.8837,8
88.8838,0
88.8892,15
88.8893,13
88.8951,5
88.8951,0
88.9006,13
88.9006,10
88.9061,8
88.9116,6
88.9116,0
88.917,6
88.9171,0
88.9226,7
88.9227,2
88.9229,0
88.923,8
88.9231,0
88.9285,5
88.9286,0
88.9288,1
88.9288,0
88.9342,5
88.9346,2
88.94,0
88.9455,4
88.9455,0
88.9509,6
88.951,4
88.9565,0
88.9619,13
88.962,6
88.962,5
88.9784,0
88.9839,9
88.9841,4
88.9951,0
88.9952,15
88.9953,14
88.9953,6
89.0011,1
89.0066,0
89.012,4
89.0121,0
89.0175,2
89.0175,1
89.0175,0
89.0229,1
89.023,0
89.0284,6
89.0285,4
89.034,0
89.0394,6
89.0397,0
89.0452,12
89.0452,10
89.0507,6
89.0507,5
89.0562,0
89.0616,10
89.5336,7
89.5671,2
89.5683,1
89.5737,0
89.5846,3
89.5847,0
89.5955,15
89.5956,7
89.6011,6
89.6066,0
89.6121,12
89.6122,0
89.6124,15
89.6125,12
89.6126,0
89.6127,5
89.6128,0
89.613,15
89.6132,0
89.6133,3
89.6134,0
89.6136,15
89.6137,0
89.6139,6
89.614,5
89.614,0
89.6142,7
89.6143,0
89.6144,6
89.6145,1
89.6145,0
89.6147,5
89.6148,0
89.615,8
89.6151,0
89.6152,6
89.6153,0
89.6155,15
89.6156,2
89.6157,0
89.616,13
89.6162,0
89.6164,1
89.6164,0
89.6166,8
89.6167,0
89.6169,15
89.617,9
89.617,0
89.6174,3
89.6175,0
89.6176,8
89.6177,6
89.6178,0
89.6179,3
89.618,0
89.6234,12
89.6234,11
89.6289,7
89.6289,6
89.6289,5
89.6344,0
89.6453,5
89.6454,1
89.6454,0
89.6567,11
89.6568,8
89.6568,0
89.6623,12
89.6623,10
89.6625,9
89.668,6
89.668,5
89.6735,0
89.6789,12
89.679,3
89.6845,0
89.6899,12
89.69,3
89.6955,0
89.7009,11
89.701,6
89.7065,4
89.7065,0
89.7119,1
89.712,0
89.7174,1
89.7177,0
89.7286,11
89.7287,2
89.7342,0
89.7397,13
89.7398,7
89.7398,4
89.7453,0
89.7454,4
89.7455,0
89.7509,10
89.751,7
89.7564,2
89.7567,0
89.7676,4
89.7677,0
89.7731,13
89.7731,10
89.7786,7
89.7841,6
89.7841,0
89.7896,9
89.7897,3
89.7951,0
89.806,10
89.8061,1
89.8116,0
89.817,6
89.8173,4
89.8228,0
89.8282,4
89.8283,0
89.8337,1
89.8338,0
89.8339,14
89.8341,0
89.8396,3
89.8398,1
89.8398,0
89.8399,14
89.84,10
89.8455,6
89.8455,0
89.8509,5
89.851,0
89.8622,8
89.8623,1
89.8677,0
89.8732,8
89.8732,5
89.8733,0
89.8787,10
89.8788,0
89.8789,7
89.879,5
89.8791,0
89.8846,15
89.8846,12
89.8847,0
89.8902,8
89.8903,5
89.8905,0
89.8906,3
89.8907,0
89.8961,5
89.8962,3
89.9017,0
89.9071,4
89.9071,0
89.9125,10
89.9126,5
89.9181,0
89.9235,15
89.9239,13
89.9294,10
89.9349,6
89.9349,3
89.9349,1
89.9404,0
89.9458,15
89.9459,9
89.9513,8
89.9514,6
89.9514,0
89.9568,9
89.9572,4
89.9681,0
89.9735,12
89.9736,11
89.9736,5
89.9792,0
89.9846,13
89.9846,11
89.9847,5
89.9902,0
89.9956,11
89.9956,9
90.0011,7
90.0066,6
90.0066,0
90.012,7
90.0121,6
90.0121,0
90.023,7
90.0234,6
90.0289,0
90.0343,15
90.0412,14
90.0467,13
90.0577,3
90.0637,2
90.0691,0
90.0693,6
90.0746,4
90.0801,0
90.0855,10
90.0856,9
90.0916,1
90.1082,0
90.1245,2
90.1248,0
90.125,7
90.1359,0
90.1414,3
90.1526,2
90.159,1
90.1702,0
90.181,1
90.181,0
90.1812,7
90.188,6
90.188,4
90.1934,1
90.1934,0
90.2096,4
90.2097,0
90.2205,9
90.2206,2
90.2301,0
90.2355,12
90.2355,10
90.2419,6
90.2473,3
90.253,0
90.2584,5
90.2584,4
90.2585,2
90.2697,1
90.2697,0
90.2751,3
90.2752,0
90.2914,15
90.3192,10
90.325,8
90.3307,3
90.3308,1
90.3371,0
90.3426,3
90.3426,0
90.3538,12
90.3539,2
90.3694,0
90.3751,13
90.3806,6
90.3806,3
90.3917,2
90.4082,1
90.4137,0
90.4191,4
90.4192,3
90.4249,0
90.4303,2
90.4358,0
90.4412,2
90.4412,1
90.4413,0
90.4467,6
90.4468,5
90.4468,4
90.4543,0
90.46,11
90.4692,6
90.4696,0
90.4858,8
90.4859,5
90.4913,0
90.4967,10
90.4968,1
90.5023,0
90.5025,11
90.5079,1
90.5135,0
90.5189,5
90.519,3
90.5357,0
90.5359,9
90.536,8
90.5416,1
90.5524,0
90.5578,14
90.5581,12
90.5691,4
90.5691,3
90.5748,0
90.5802,4
90.5803,1
90.5972,0
90.6026,10
90.6027,5
90.6136,1
90.6191,0
90.6246,12
90.6246,11
90.6246,10
90.6247,9
90.6315,4
90.6373,0
90.6374,14
90.6375,8
90.6463,7
90.6463,6
90.6463,3
90.6519,0
90.6573,8
90.6576,5
90.6807,2
90.7013,0
90.7123,6
90.7123,4
90.718,2
90.7235,0
90.7289,13
90.7289,12
90.7289,11
90.7349,6
90.7407,0
90.7461,13
90.7515,12
90.7573,0
90.7627,15
90.763,12
90.7685,6
90.7685,3
90.7749,2
90.7806,0
90.786,14
90.7861,12
90.7915,9
90.803,7
90.8085,0
90.8139,9
90.814,8
90.814,2
90.8195,0
90.8249,7
90.8251,0
90.8305,7
90.8458,0
90.8512,10
90.8636,1
90.8739,0
90.8793,6
90.885,4
90.885,3
90.8958,0
90.9127,9
90.9182,0
90.9236,2
90.929,0
90.9346,6
90.9401,2
90.9519,1
90.9583,0
90.9694,11
90.9843,10
90.9898,6
90.9898,3
91.0007,0
91.0115,8
91.0116,7
91.0171,6
91.0171,3
91.0229,0
91.0283,3
91.0337,0
91.045,3
91.0452,2
91.0674,0
91.0675,4
91.0678,2
91.0678,1
91.0788,0
91.0842,2
91.0846,1
91.09,0
91.1009,14
91.1064,9
91.1123,6
91.1123,5
91.1178,0
91.1179,8
91.118,2
91.1234,0
91.1288,6
91.1289,2
91.1289,1
91.1398,0
91.1452,1
91.1453,0
91.1507,13
91.1562,2
91.1616,0
91.167,10
91.1674,0
91.1728,10
91.1782,7
91.1783,4
91.1783,2
91.1837,0
91.1891,12
91.1949,2
91.1949,0
91.2003,15
91.2057,13
91.2058,8
91.2112,0
91.2167,12
91.2167,5
91.2222,2
91.2222,0
91.2276,8
91.2277,4
91.2331,0
91.2385,5
91.244,0
91.2494,9
91.2495,7
91.2495,0
91.2549,12
91.255,6
91.2552,0
91.266,5
91.2715,1
91.2718,0
91.2772,6
91.2773,2
91.2773,0
91.2829,7
91.2886,5
91.294,0
91.2994,7
91.2995,0
91.305,9
91.3104,8
91.3105,0
91.3106,12
91.3161,4
91.3215,0
91.3269,6
91.3324,0
91.3378,5
91.3379,0
91.3433,6
91.3434,0
91.3488,5
91.3489,3
91.3489,0
91.3543,8
91.3545,0
91.3707,3
91.3707,0
91.3762,4
91.3765,0
91.3819,6
91.382,5
91.382,4
91.3874,2
91.3874,0
91.3876,8
91.3933,0
91.3987,11
91.899,6
91.9002,0
91.9114,5
91.9115,0
91.9169,4
91.9169,2
91.917,0
91.9224,10
91.9224,6
91.928,0
91.9334,15
91.9335,8
91.9389,6
91.939,3
91.9444,0
91.9499,2
91.9499,0
91.9553,14
91.9554,11
91.9609,10
91.9609,6
91.9609,4
91.9667,0
91.9721,13
91.9722,11
91.9777,6
91.9777,4
91.9777,0
91.9831,7
91.9832,3
91.9887,0
91.9995,2
91.9996,0
92.0108,14
92.0109,8
92.0163,6
92.0163,4
92.0218,0
92.0273,2
92.0274,0
92.0275,1
92.0276,0
92.033,14
92.033,13
92.033,11
92.0385,6
92.0386,0
92.044,15
92.0441,11
92.0496,6
92.0496,0
92.055,6
92.0551,3
92.0606,0
92.066,9
92.0661,6
92.0719,0
92.0773,12
92.0828,7
92.0883,6
92.0883,3
92.0992,1
92.1047,0
92.1049,11
92.105,3
92.105,2
92.1104,0
92.1161,5
92.1162,2
92.1162,1
92.1217,0
92.1271,4
92.1271,2
92.1381,1
92.1381,0
92.1435,12
92.1436,0
92.149,10
92.1491,9
92.1492,0
92.1493,14
92.1494,12
92.1496,7
92.1498,3
92.1552,2
92.1553,0
92.1607,13
92.1608,6
92.1663,5
92.1721,0
92.1722,2
92.1723,0
92.1777,1
92.1777,0
92.1831,11
92.1832,6
92.1887,4
92.1887,0
92.1941,3
92.1942,0
92.1996,15
92.1997,10
92.2052,8
92.2106,3
92.2109,0
92.2164,10
92.2164,5
92.2219,0
92.2274,15
92.2275,7
92.2329,6
92.233,0
92.2384,5
92.2385,0
92.2494,14
92.2494,9
92.2549,6
92.2549,4
92.2604,2
92.2659,0
92.2713,6
92.2714,0
92.2768,4
92.2772,0
92.2826,15
92.2826,13
92.2881,7
92.2881,6
92.2882,0
92.2991,8
92.2992,1
92.2992,0
92.3046,8
92.3047,5
92.3101,1
92.3156,0
92.3213,5
92.3214,0
92.3268,2
92.3268,1
92.3269,0
92.3323,4
92.3323,2
92.3378,1
92.3542,0
92.3596,11
92.3597,8
92.3708,6
92.3765,4
92.382,1
92.382,0
92.3821,12
92.3822,9
92.3876,5
92.3964,4
92.3964,1
92.3967,0
92.4152,10
92.4156,4
92.421,0
92.4264,9
92.4265,4
92.432,0
92.4374,9
92.4428,8
92.443,4
92.4628,0
92.4683,4
92.4683,1
92.4738,0
92.4792,8
92.4795,7
92.4796,6
92.4797,2
92.4932,1
92.5096,0
92.515,11
92.5266,0
92.5267,5
92.5489,0
92.5543,13
92.5545,5
92.5654,4
92.5719,0
92.5721,11
92.5774,7
92.5832,0
92.5886,9
92.5887,6
92.5941,5
92.5996,0
92.6051,14
92.6051,10
92.6106,8
92.6161,6
92.6161,1
92.6216,0
92.6273,2
92.6273,0
92.6327,4
92.6328,0
92.6495,13
92.6496,5
92.6497,3
92.6551,0
92.6605,8
92.6606,4
92.6661,0
92.6715,15
92.6717,6
92.6771,5
92.6772,0
92.6826,11
92.6826,8
92.6884,0
92.6938,5
92.6939,0
92.6993,8
92.6995,0
92.6996,12
92.6997,10
92.6999,1
92.6999,0
92.7108,15
92.7109,2
92.7164,0
92.7276,1
92.7276,0
92.733,4
92.7331,0
92.7385,10
92.7386,3
92.7386,0
92.7495,11
92.7496,1
92.7496,0
92.7551,9
92.7551,4
92.7554,0
92.7608,4
92.7608,0
92.7663,15
92.7664,14
92.7718,10
92.7773,6
92.7774,0
92.7776,7
92.7829,0
92.783,7
92.7831,1
92.7831,0
92.7885,2
92.7889,0
92.7943,9
92.7943,7
92.7945,4
92.8,0
92.8109,11
92.8109,9
92.811,0
92.8219,13
92.822,9
92.822,1
92.8275,0
92.8332,5
92.8333,0
92.8387,5
92.8388,0
92.8442,14
92.8443,9
92.8497,6
92.8498,3
92.8552,2
92.8552,1
92.8607,0
92.8662,9
92.8663,3
92.8663,2
92.8718,0
92.8719,12
92.8773,0
92.8829,2
92.8881,0
92.8883,14
92.8887,3
92.8942,2
92.8996,0
92.905,2
92.9051,0
92.9105,13
92.9106,11
92.9106,6
92.9161,0
92.9215,11
92.9216,9
92.9216,6
92.9271,1
92.9274,0
92.9328,7
92.9328,5
92.9383,0
92.9492,5
92.9493,3
92.9493,0
92.9601,6
92.9602,0
92.9657,9
92.9657,7
92.9658,0
92.9659,15
92.966,7
92.9662,5
92.9717,3
92.9717,0
92.9771,12
92.9772,8
92.9827,6
92.9827,2
92.9827,0
92.9881,13
92.9882,11
92.9939,9
92.9994,8
93.0049,6
93.0049,4
93.0104,1
93.0104,0
93.0158,11
93.0159,8
93.0213,6
93.0214,0
93.0268,12
93.0269,10
93.0323,5
93.0326,2
93.0326,0
93.0381,14
93.0381,10
93.0436,8
93.0491,7
93.0491,6
93.0491,0
93.0545,11
93.0546,9
93.0601,6
93.0655,5
93.071,0
93.0765,2
93.0779,1
93.0834,0
93.0888,15
93.1001,14
93.1063,6
93.1118,0
93.1172,5
93.1233,0
93.1287,7
93.1288,0
93.1342,15
93.1345,12
93.14,10
93.1509,6
93.151,0
93.1564,12
93.1565,9
93.162,6
93.1675,0
93.1783,7
93.1784,1
93.1784,0
93.1838,9
93.1839,2
93.1894,0
93.1948,13
93.1949,8
93.2007,6
93.2007,0
93.2062,6
93.2063,1
93.2117,0
93.2119,1
93.2119,0
93.2173,9
93.2175,0
93.2229,14
93.223,0
93.2232,15
93.2233,12
93.2287,10
93.2342,5
93.2345,3
93.2345,0
93.2347,7
93.2348,0
93.2402,4
93.2402,1
93.2457,0
93.2511,10
93.2512,8
93.2566,6
93.2567,0
93.2621,1
93.2622,0
93.2676,1
93.2676,0
93.2732,4
93.2733,0
93.2787,13
93.2788,8
93.2788,7
93.279,4
93.2845,0
93.2954,5
93.2954,2
93.2954,0
93.3009,10
93.3012,9
93.3067,6
93.3067,1
93.3122,0
93.3176,7
93.3177,3
93.3177,0
93.3231,11
93.3232,8
93.3286,6
93.3287,3
93.3342,0
93.3396,3
93.3451,0
93.3455,11
93.3456,9
93.351,6
93.3565,2
93.362,0
93.3674,6
93.3675,0
93.3729,1
93.373,0
93.3784,11
93.3785,6
93.3839,5
93.3894,0
93.3948,12
93.3949,5
93.4007,0
93.4116,4
93.4117,0
93.4171,13
93.4172,5
93.4227,2
93.4281,0
93.4335,8
93.4337,0
93.4391,6
93.4394,3
93.4449,0
93.4503,9
93.4504,5
93.4504,4
93.4559,0
93.4613,10
93.4614,9
93.4669,6
93.4724,2
93.4778,0
93.478,13
93.478,11
93.4835,8
93.489,6
93.489,0
93.4945,14
93.4945,11
93.5,10
93.5058,0
93.5113,10
93.5113,9
93.5114,3
93.5169,0
93.517,14
93.5171,6
93.5171,5
93.5226,0
93.528,7
93.5281,0
93.5335,15
93.5336,12
93.5391,6
93.5391,2
93.5446,0
93.5503,12
93.5504,8
93.5504,1
93.5559,0
93.5613,5
93.5614,0
93.5668,14
93.5669,11
93.5724,6
93.5778,4
93.5833,0
93.5887,3
93.5888,0
93.5942,13
93.5943,9
93.5943,7
93.5998,6
93.5998,0
93.6052,11
93.6056,8
93.6165,7
93.622,6
93.622,0
93.6274,2
93.6289,0
93.6343,11
93.6344,9
93.6399,6
93.6399,3
93.6453,0
93.651,10
93.6711,9
93.678,6
93.6781,0
93.6835,9
93.6836,2
93.6891,0
93.6945,7
93.7,5
93.7078,4
93.7078,0
93.7132,8
93.7133,5
93.7225,3
93.7281,0
93.7335,4
93.7338,0
93.7393,4
93.7393,3
93.7505,0
93.7559,8
93.756,6
93.756,0
93.7614,11
93.7615,8
93.7618,0
93.7673,4
93.7869,3
93.7925,0
93.7979,1
93.7979,0
93.8033,5
93.8034,2
93.8143,0
93.8197,3
93.8197,0
93.8364,10
93.8418,1
93.8418,0
93.8419,8
93.8473,6
93.8531,5
93.8588,1
93.8644,0
93.8698,3
93.8698,0
93.8754,4
93.8755,1
93.8867,0
93.8921,13
93.8976,5
93.9031,0
93.9139,8
93.9373,7
93.9483,1
93.9649,0
93.9703,7
93.9703,6
93.9813,5
93.9868,3
93.9927,0
93.9981,8
93.9983,0
94.0092,3
94.0092,0
94.0201,2
94.0202,0
94.0256,3
94.0257,1
94.0311,0
94.0365,3
94.0368,0
94.0422,4
94.0423,2
94.0477,0
94.0531,11
94.0588,8
94.0588,5
94.083,3
94.0886,0
94.094,12
94.0941,11
94.1008,8
94.1009,0
94.1063,9
94.1064,7
94.1118,6
94.1119,4
94.1176,2
94.1177,0
94.1231,7
94.1232,5
94.1287,0
94.1341,9
94.1342,5
94.1343,4
94.1433,3
94.1488,1
94.1567,0
94.1621,13
94.1622,12
94.1678,10
94.1732,7
94.1787,6
94.1787,2
94.1788,1
94.1897,0
94.1951,5
94.2006,0
94.2114,5
94.2115,3
94.217,0
94.2224,6
94.2224,3
94.2279,0
94.228,8
94.2281,7
94.2336,0
94.239,3
94.2393,2
94.2519,0
94.2573,4
94.263,0
94.2684,12
94.2738,11
94.274,7
94.2907,2
94.3012,0
94.3066,14
94.312,12
94.3184,3
94.3242,0
94.3296,1
94.3297,0
94.3351,10
94.3352,1
94.3509,0
94.3563,4
94.3675,2
94.373,0
94.3784,13
94.3785,10
94.3844,7
94.3844,5
94.3965,4
94.4108,1
94.4163,0
94.4217,6
94.4218,0
94.4272,1
94.4276,0
94.4384,14
94.4385,10
94.4465,6
94.4468,4
94.4673,0
94.4727,14
94.4728,12
94.4783,6
94.4783,3
94.4837,0
94.4891,2
94.4892,0
94.4946,3
94.4947,1
94.4947,0
94.5055,15
94.5055,13
94.511,0
94.5165,5
94.5219,0
94.5273,2
94.5328,0
94.5382,1
94.5383,0
94.5437,5
94.5437,3
94.5438,1
94.5438,0
94.5492,13
94.5496,2
94.5496,0
94.5604,15
94.5605,10
94.5663,4
94.5663,0
94.5717,1
94.5771,0
94.5825,6
94.588,0
94.5934,5
94.5989,0
94.6043,8
94.6043,7
94.6098,0
94.6206,15
94.6206,14
94.6261,11
94.6262,0
94.6316,11
94.637,4
94.6425,0
94.6479,6
94.6479,4
94.648,0
94.6534,7
94.6537,3
94.6591,0
94.6645,6
94.6646,0
94.6701,3
94.6704,0
94.6706,12
94.676,11
94.6761,0
94.6815,10
94.687,0
94.6924,10
94.6925,0
94.7035,5
94.7089,0
94.7143,2
94.7198,0
94.7252,3
94.7253,0
94.7307,4
94.7361,0
94.7415,13
94.7417,3
94.7471,0
94.7525,8
94.7528,7
94.7528,1
94.7582,0
94.7637,13
94.7638,5
94.7692,4
94.7692,0
94.7746,9
94.7804,0
94.7858,8
94.7859,3
94.7859,0
94.7914,5
94.7968,0
94.7969,9
94.8023,5
94.8024,0
94.8078,13
94.8079,7
94.8133,0
94.8187,10
94.8188,6
94.8243,0
94.8297,4
94.8351,0
94.8405,11
94.8406,3
94.8461,0
94.8515,10
94.8569,9
94.8569,6
94.8573,0
94.8627,4
94.8681,2
94.8681,0
94.8735,6
94.8739,2
94.8793,0
94.8847,3
94.8902,0
94.8956,13
94.8957,8
94.9011,0
94.9065,2
94.9066,1
94.912,0
94.9174,7
94.9175,4
94.9175,3
94.9229,1
94.9229,0
94.9283,11
94.9284,2
94.9338,0
94.9392,15
94.9448,3
94.9448,0
94.9502,13
94.9557,7
94.9611,3
94.9614,2
94.9614,0
94.9722,9
94.9723,6
94.978,0
94.9834,7
94.9849,6
94.9903,0
95.0012,8
95.0013,6
95.0068,0
95.0122,4
95.0123,0
95.0177,13
95.0243,12
95.0351,10
95.0417,3
95.0472,0
95.0526,15
95.0581,9
95.0635,8
95.0744,4
95.0803,0
95.0857,6
95.0858,1
95.0912,0
95.0966,13
95.0966,12
95.102,11
95.113,8
95.1185,6
95.1185,0
95.1239,7
95.1294,4
95.1294,3
95.1296,2
95.1351,0
95.1405,4
95.1406,1
95.1463,0
95.1517,13
95.1518,12
95.1519,9
95.152,2
95.1574,0
95.1628,13
95.1632,4
95.1687,2
95.1799,0
95.1854,15
95.1854,13
95.1855,9
95.1855,8
95.1961,3
95.2016,0
95.207,13
95.2071,6
95.2184,5
95.2238,4
95.2239,0
95.2293,10
95.2293,6
95.2349,0
95.2403,8
95.2404,5
95.2461,2
95.2462,0
95.2517,9
95.2571,7
95.2571,3
95.2571,1
95.2625,0
95.2627,11
95.2627,10
95.2791,4
95.2792,1
95.2847,0
95.2904,15
95.2959,10
95.2959,8
95.3013,1
95.3089,0
95.3143,10
95.3198,6
95.3306,0
95.3361,5
95.3361,1
95.3416,0
95.347,4
95.3474,1
95.3474,0
95.3528,10
95.3529,7
95.3588,3
95.3588,0
95.3642,1
95.3643,0
95.3697,11
95.37,7
95.3754,6
95.3755,0
95.3809,15
95.381,13
95.3867,10
95.3987,7
95.4096,2
95.4096,0
95.4151,13
95.4205,10
95.4314,0
95.4442,11
95.4618,10
95.4618,8
95.4672,7
95.4672,1
95.4672,0
95.4674,2
95.4727,0
95.4781,5
95.4784,0
95.4838,12
95.484,8
95.484,7
95.4894,2
95.4897,0
95.4951,3
95.4952,0
95.5006,13
95.5007,5
95.5008,4
95.5117,0
95.5171,13
95.528,9
95.5335,8
95.539,6
95.5445,1
95.5543,0
95.5598,4
95.5598,2
95.5655,0
95.5709,14
95.5711,12
95.5767,10
95.5768,0
95.5822,7
95.5876,5
95.5937,4
95.5993,0
95.6047,11
95.6048,9
95.6103,8
95.6157,7
95.6157,4
95.6159,1
95.6222,0
95.6276,12
95.6277,8
95.628,6
95.628,0
95.6334,13
95.6389,6
95.6485,1
95.6547,0
95.6602,11
95.6718,8
95.6776,5
95.6833,0
95.6835,8
95.689,2
95.7001,0
95.7058,4
95.7112,0
95.7166,12
95.7167,6
95.7167,5
95.7221,4
95.7331,0
95.7385,3
95.7385,0
95.744,7
95.7441,3
95.7496,1
95.7592,0
95.7648,6
95.7649,3
95.7721,1
95.7776,0
95.783,11
95.7833,6
95.7889,0
95.7943,3
95.7946,2
95.7947,1
95.8004,0
95.8058,10
95.8059,9
95.8168,7
95.8276,0
95.8278,13
95.8398,3
95.8452,2
95.8618,0
95.8672,5
95.8809,1
95.8812,0
95.8866,1
95.8979,0
95.9033,1
95.9033,0
95.9154,8
95.9155,5
95.9156,0
95.9213,2
95.9267,0
95.9269,1
95.9269,0
95.9431,1
95.9432,0
95.9486,1
95.9487,0
95.9489,11
95.9546,5
95.9603,2
95.9695,0
95.9697,5
95.9698,4
95.9698,0
95.9752,1
95.9753,0
95.9807,8
95.981,4
95.981,3
95.9872,0
95.9927,15
95.9928,12
95.9928,6
95.9986,4
95.9988,1
95.9988,0
96.0042,7
96.0137,6
96.0138,0
96.0193,4
96.0247,2
96.0249,0
96.0359,15
96.0359,11
96.0425,1
96.0425,0
96.0479,5
96.048,1
96.059,0
96.0644,10
96.0647,9
96.0702,7
96.0702,6
96.0703,5
96.0704,3
96.0758,2
96.0817,0
96.0926,1
96.0929,0
96.0983,11
96.0984,7
96.1041,6
96.1095,2
96.1152,0
96.1206,10
96.1207,6
96.1262,4
96.1317,0
96.1371,2
96.1372,0
96.1593,14
96.1709,4
96.1817,2
96.1894,0
96.1952,3
96.1952,2
96.1952,0
96.2192,10
96.2193,3
96.2247,2
96.2301,0
96.2303,12
96.2479,10
96.2535,0
96.2589,11
96.259,5
96.2646,3
96.2646,2
96.2703,1
96.2803,0
96.2857,2
96.2857,1
96.2916,0
96.297,11
96.3025,4
96.3025,2
96.309,0
96.3144,14
96.3145,13
96.3145,11
96.32,6
96.32,4
96.3201,0
96.3256,15
96.3257,13
96.3312,6
96.3312,5
96.3367,0
96.3368,1
96.3422,0
96.3755,4
96.3756,1
96.3756,0
96.3865,3
96.3866,0
96.392,5
96.3923,4
96.3978,0
96.398,10
96.4032,4
96.4033,3
96.4034,0
96.4035,6
96.4036,4
96.4214,3
96.4214,0
96.4268,5
96.4323,0
96.4377,5
96.4431,1
96.4585,0
96.4639,6
96.4776,5
96.4776,4
96.4831,2
96.4831,0
96.4885,3
96.4939,2
96.5003,0
96.5057,1
96.5057,0
96.5111,2
96.5226,1
96.5292,0
96.5346,11
96.5401,10
96.5401,4
96.5459,0
96.546,10
96.5515,4
96.5662,1
96.5662,0
96.5716,5
96.5717,3
96.5774,1
96.5776,0
96.583,5
96.5943,4
96.5943,1
96.6051,0
96.6105,15
96.6106,11
96.6163,7
96.6217,2
96.6294,0
96.6296,14
96.6296,13
96.6441,5
96.6496,0
96.655,15
96.6551,13
96.6552,11
96.6615,0
96.6724,8
96.6724,6
96.6726,0
96.678,7
96.6838,6
96.6839,3
96.6939,0
96.6993,1
96.6996,0
96.7106,5
96.7107,0
96.7161,15
96.7219,2
96.7274,0
96.7328,4
96.7383,0
96.7437,2
96.755,0
96.7604,11
96.7658,9
96.7714,2
96.7769,0
96.7823,10
96.7827,8
96.7827,2
96.7828,0
96.7883,10
96.7938,2
96.7995,0
96.8161,12
96.8219,6
96.8221,5
96.8339,0
96.834,3
96.8437,0
96.8491,1
96.8491,0
96.8493,12
96.8548,6
96.8603,1
96.8712,0
96.8713,14
96.8714,8
96.8878,2
96.8879,0
96.8933,12
96.8933,11
96.8988,7
96.8988,4
96.9042,3
96.9098,0
96.9152,8
96.9152,5
96.9266,0
96.9267,2
96.9322,0
96.9432,3
96.9432,0
96.9486,11
96.9541,10
96.9599,4
96.9655,3
96.971,0
96.9872,12
96.9875,9
96.9876,6
96.9951,3
97.0005,1
97.0005,0
97.0059,4
97.0062,2
97.0062,0
97.0225,9
97.0228,6
97.0324,0
97.0378,11
97.0378,10
97.0503,6
97.0612,2
97.0612,1
97.072,0
97.0774,4
97.0775,2
97.0829,1
97.094,0
97.0994,10
97.0994,8
97.1049,0
97.1103,9
97.1106,8
97.116,6
97.1161,4
97.1215,1
97.1326,0
97.138,8
97.1498,6
97.1498,4
97.15,2
97.1554,1
97.1554,0
97.1608,12
97.1609,5
97.1769,3
97.1769,1
97.1826,0
97.1935,9
97.1993,2
97.1993,0
97.2047,5
97.2102,3
97.2274,0
97.2331,6
97.2332,0
97.2386,4
97.2387,2
97.2495,1
97.255,0
97.2604,15
97.2659,8
97.2661,7
97.2715,1
97.277,0
97.2824,4
97.2825,0
97.2879,7
97.288,6
97.2992,4
97.3159,3
97.3289,0
97.3343,11
97.3347,5
97.3406,0
97.346,3
97.346,0
97.3515,9
97.3569,6
97.3677,5
97.3743,4
97.3743,0
97.3745,6
97.3798,5
97.3869,0
97.3979,2
97.3982,1
97.4115,0
97.4169,3
97.4172,0
97.4281,1
97.4282,0
97.4336,10
97.4393,5
97.4393,4
97.4448,0
97.4502,14
97.4503,11
97.4504,10
97.4669,6
97.478,1
97.478,0
97.4835,10
97.4889,9
97.4944,1
97.4998,0
97.4999,12
97.5,9
97.5109,6
97.5109,3
97.5109,2
97.5171,1
97.5361,0
97.5415,9
97.547,4
97.547,0
97.5524,5
97.5525,1
97.564,0
97.5694,8
97.5804,1
97.6031,0
97.6085,9
97.6086,7
97.6199,3
97.6202,0
97.6256,6
97.6311,3
97.6312,0
97.6366,1
97.6423,0
97.6477,9
97.6477,8
97.6477,7
97.6531,6
97.6756,2
97.7037,0
97.7091,5
97.7147,4
97.7202,0
97.7256,15
97.7257,11
97.7312,6
97.7395,4
97.7472,2
97.7527,0
97.7636,8
97.7637,2
97.7692,0
97.7747,15
97.78,14
97.7801,12
97.7912,9
97.8057,2
97.8187,0
97.8241,15
97.8299,14
97.8354,13
97.8354,12
97.8355,3
97.8469,0
97.847,9
97.8533,4
97.8534,0
97.8588,5
97.8588,4
97.8642,1
97.8644,0
97.8698,11
97.8753,8
97.8809,0
97.8863,14
97.8864,11
97.8921,0
97.8976,15
97.8977,13
97.9047,0
97.9049,4
97.9103,3
97.9157,2
97.9351,0
97.9405,14
97.9406,11
97.9407,6
97.9463,1
97.9466,0
97.952,9
97.9521,7
97.9632,6
97.9633,3
97.9741,0
97.9795,7
97.9796,0
97.985,4
97.9904,3
97.9972,0
98.0026,15
98.0084,9
98.0148,1
98.0203,0
98.0257,1
98.0258,0
98.0312,7
98.0314,6
98.0369,2
98.0369,0
98.0423,14
98.0424,11
98.0573,6
98.0632,0
98.0686,7
98.0687,5
98.0757,0
98.0811,3
98.0958,0
98.1121,9
98.1175,0
98.1229,10
98.123,9
98.1285,2
98.1398,0
98.14,7
98.1514,5
98.1569,0
98.1623,14
98.1728,12
98.1783,7
98.1892,0
98.1946,14
98.2126,6
98.218,3
98.229,0
98.2344,11
98.2347,10
98.2537,7
98.2621,3
98.2729,0
98.2783,12
98.2784,10
98.2838,8
98.2893,7
98.2953,0
98.3007,9
98.3062,1
98.3177,0
98.3231,10
98.3286,1
98.3341,0
98.3395,15
98.3398,14
98.3481,4
98.3481,3
98.3541,0
98.3595,3
98.3595,2
98.3596,1
98.3704,0
98.3759,10
98.3839,6
98.384,4
98.384,3
98.3906,1
98.3979,0
98.4033,6
98.4034,2
98.4034,1
98.4113,0
98.4168,10
98.4225,9
98.4226,0
98.428,4
98.4392,0
98.4397,1
98.445,0
98.4559,15
98.4726,12
98.4726,11
98.478,10
98.489,9
98.4946,3
98.5,0
98.5054,4
98.5054,2
98.5137,0
98.5191,9
98.5192,6
98.5246,0
98.5301,4
98.5444,1
98.5498,0
98.5553,4
98.561,2
98.5718,0
98.5772,2
98.5826,0
98.5997,6
98.5998,0
98.6052,4
98.6191,2
98.6191,0
98.6245,8
98.6249,4
98.6249,3
98.6304,2
98.6359,0
98.6468,2
98.6471,0
98.6525,15
98.6526,8
98.658,6
98.6646,0
98.67,9
98.6701,5
98.6702,0
98.6704,1
98.6758,0
98.6812,5
98.6813,1
98.6936,0
98.699,11
98.6991,10
98.7046,6
98.7101,2
98.7214,0
98.7268,11
98.7322,10
98.7377,7
98.7432,6
98.7432,4
98.7432,2
98.7489,0
98.7691,5
98.7745,0
98.7799,12
98.7855,8
98.7909,5
98.7911,3
98.7966,0
98.802,11
98.8022,5
98.8022,3
98.813,0
98.8184,14
98.8185,4
98.8296,0
98.8351,5
98.8352,3
98.8352,0
98.8461,4
98.8461,1
98.8518,0
98.8572,11
98.8575,9
98.8629,6
98.863,0
98.8684,11
98.8755,6
98.8758,5
98.8849,4
98.8849,1
98.8904,0
98.8958,7
98.8959,3
98.896,0
98.9014,11
98.9126,0
98.918,14
98.9256,10
98.9311,8
98.9421,0
98.9476,7
98.9536,0
98.9537,8
98.959,7
98.9592,6
98.9646,0
98.9648,5
98.9705,4
98.976,1
98.9846,0
98.99,3
98.9901,0
98.9903,1
98.9977,0
99.0031,5
99.0031,4
99.014,0
99.0195,14
99.0252,10
99.0306,9
99.0308,6
99.0395,5
99.0395,0
99.0503,6
99.0565,2
99.0696,0
99.075,5
99.0807,0
99.0915,1
99.097,0
99.1138,7
99.1193,1
99.1281,0
99.1335,9
99.1336,6
99.1392,3
99.1449,1
99.1503,0
99.1558,3
99.156,0
99.1561,7
99.1616,6
99.1618,2
99.1672,0
99.1726,10
99.1727,9
99.1727,7
99.1782,2
99.1785,0
99.1839,1
99.1839,0
99.1894,3
99.208,0
99.2081,5
99.2136,0
99.219,5
99.219,3
99.2246,1
99.2301,0
99.2356,9
99.2418,3
99.2473,1
99.2528,0
99.2582,11
99.2585,7
99.2585,6
99.2641,0
99.2696,2
99.2696,1
99.2697,0
99.2751,9
99.2754,8
99.2833,2
99.2889,0
99.2943,10
99.2943,7
99.2945,3
99.3109,0
99.3163,13
99.3163,12
99.322,11
99.3274,8
99.3275,1
99.3275,0
99.3384,9
99.3384,7
99.3386,0
99.344,5
99.3444,2
99.3527,0
99.3529,4
99.3529,1
99.3585,0
99.3639,4
99.3641,2
99.37,0
99.3754,10
99.3755,2
99.3756,0
99.381,12
99.3813,11
99.3869,8
99.387,5
99.3925,0
99.398,5
99.4034,2
99.4034,0
99.4092,11
99.4093,0
99.415,1
99.4202,0
99.4257,4
99.4257,2
99.4329,0
99.4383,6
99.4385,4
99.4442,3
99.453,0
99.4585,12
99.4643,9
99.4697,4
99.4752,3
99.4752,0
99.4973,5
99.4974,1
99.4974,0
99.5137,3
99.5137,1
99.5191,0
99.5245,14
99.5246,7
99.5357,0
99.5411,6
99.5468,1
99.5576,0
99.5632,7
99.5633,6
99.5745,5
99.5856,0
99.5964,2
99.5965,1
99.5965,0
99.5966,4
99.602,1
99.6075,0
99.6129,14
100.121,7
100.122,0
100.127,4
100.127,2
100.144,0
100.149,3
100.149,0
100.155,13
100.16,12
100.171,6
100.177,3
100.182,2
100.199,0
100.199,1
100.21,0
100.221,13
100.221,11
100.221,9
100.221,3
100.221,0
100.226,4
100.226,2
100.232,0
100.232,15
100.232,13
100.243,11
100.248,6
100.248,5
100.254,4
100.26,0
100.265,13
100.265,6
100.271,0
100.276,8
100.276,0
100.277,5
100.282,2
100.288,1
100.293,0
100.294,7
100.305,5
100.31,3
100.31,0
100.316,13
100.316,9
100.316,8
100.327,7
100.337,0
100.342,6
100.348,5
100.348,0
100.364,14
100.364,12
100.37,7
100.375,6
100.375,4
100.381,0
100.386,3
100.387,0
100.392,14
100.906,8
100.907,7
100.907,0
100.921,9
100.921,0
100.927,5
100.927,4
100.933,0
100.938,14
100.938,13
100.944,6
100.955,4
100.977,0
100.983,15
100.983,10
100.988,7
101.013,2
101.019,0
101.025,9
101.025,5
101.036,0
101.041,4
101.041,0
101.052,14
101.052,10
101.063,4
101.068,3
101.068,2
101.079,0
101.079,2
101.085,0
101.09,15
101.09,14
101.091,11
101.104,7
101.104,6
101.121,4
101.13,2
101.135,0
101.148,13
101.148,9
101.153,7
101.153,6
101.153,0
101.159,1
101.164,0
101.164,12
101.164,11
101.17,3
101.18,1
101.185,0
101.191,14
101.191,8
101.191,7
101.191,6
101.202,0
101.207,5
101.207,2
101.213,0
101.218,13
101.218,11
101.218,5
101.224,2
101.23,1
101.23,0
101.236,14
101.236,13
101.236,12
101.241,10
101.258,6
101.258,3
101.275,0
101.28,4
101.28,3
101.291,0
101.291,15
101.292,13
101.302,6
101.308,5
101.314,2
101.319,1
101.336,0
101.342,14
101.342,9
101.369,8
101.375,5
101.386,0
101.391,4
101.397,2
101.397,1
101.402,0
101.408,9
101.408,3
101.414,2
101.425,1
101.426,0
101.431,15
101.44,10
101.446,7
101.446,6
101.451,0
101.457,9
101.457,7
101.457,5
101.462,0
101.468,8
101.468,6
101.474,4
101.479,1
101.479,0
101.485,11
101.485,10
101.497,0
101.502,5
101.507,0
101.508,5
101.508,4
101.514,2
101.519,0
101.524,6
101.53,1
101.557,0
101.563,1
101.563,0
101.568,3
101.569,0
101.569,10
101.58,9
101.59,8
101.595,5
101.601,2
101.607,0
101.612,4
101.618,0
101.623,14
101.623,12
101.629,7
101.635,4
101.651,0
101.657,8
101.667,7
101.668,0
101.679,1
101.679,0
101.685,7
101.685,4
101.701,0
101.712,14
101.712,11
101.718,10
101.723,8
101.728,4
101.734,0
101.74,10
101.745,6
101.751,1
101.751,0
101.757,14
101.757,13
101.762,8
101.762,2
101.768,0
101.768,1
101.768,0
101.774,5
101.774,0
101.774,14
101.779,13
101.785,7
101.794,0
101.806,2
101.806,0
101.855,10
101.855,9
101.911,3
101.917,0
101.918,7
101.918,5
101.924,3
101.929,0
101.945,9
101.945,6
101.95,0
101.956,12
101.961,11
101.961,4
101.967,2
101.972,0
101.978,13
101.978,11
101.983,5
101.989,0
101.994,9
102,8
102.006,2
102.017,1
102.024,0
102.029,14
102.03,10
102.046,5
102.046,1
102.055,0
102.06,7
102.06,5
102.073,0
102.079,1
102.084,0
102.084,1
102.084,0
102.09,14
102.095,8
102.106,0
102.112,5
102.123,0
102.128,13
102.129,12
102.143,11
102.143,4
102.156,2
102.156,0
102.167,10
102.167,7
102.176,6
102.176,2
102.176,0
102.181,8
102.187,6
102.187,0
102.192,10
102.203,9
102.214,6
102.225,0
102.23,11
102.231,9
102.248,1
102.256,0
102.261,7
102.261,2
102.272,0
102.288,3
102.288,2
102.288,0
102.299,10
102.305,6
102.311,5
102.316,2
102.322,0
102.327,3
102.333,0
102.338,10
102.344,7
102.349,2
102.349,0
102.355,14
102.355,12
102.369,8
102.38,6
102.38,2
102.402,1
102.413,0
102.418,6
102.418,4
102.434,0
102.44,11
102.44,8
102.446,6
102.451,0
102.468,3
102.468,0
102.473,10
102.479,6
102.491,4
102.496,0
102.509,11
102.51,8
102.516,5
102.521,0
102.527,1
102.527,0
102.532,11
102.533,7
102.541,5
102.557,0
102.574,11
102.579,7
102.585,6
102.585,3
102.59,0
102.595,9
102.596,2
102.604,0
102.626,10
102.626,0
102.632,15
102.641,5
102.651,3
102.651,0
102.651,9
102.657,8
102.668,6
102.676,5
102.682,0
102.693,1
102.705,0
102.71,6
102.716,2
102.726,0
102.732,13
102.732,5
102.737,3
102.743,0
102.749,11
102.76,8
102.76,5
102.765,1
102.776,0
102.79,3
102.79,0
102.795,14
102.801,8
102.812,0
102.817,2
102.817,0
102.822,5
102.828,2
102.833,0
102.839,14
102.844,10
102.845,8
102.856,6
102.856,5
102.862,2
102.871,0
102.876,1
102.876,0
102.882,2
102.895,0
102.901,15
102.901,14
102.901,8
102.906,7
102.918,5
102.924,3
102.929,0
102.935,15
102.94,6
102.951,0
102.957,9
102.967,4
102.967,0
102.972,6
102.978,0
102.978,8
102.978,5
102.994,0
103,6
103,2
103,0
103.005,8
103.011,7
103.011,1
103.016,0
103.016,3
103.028,0
103.049,4
103.049,0
103.055,13
103.061,11
103.072,7
103.083,6
103.083,5
103.094,0
103.1,7
103.105,4
103.111,1
103.116,0
103.121,15
103.121,13
103.133,8
103.133,7
103.139,5
103.139,1
103.15,0
103.155,2
103.172,1
103.183,0
103.193,15
103.211,9
103.211,8
103.216,7
103.216,2
103.224,0
103.23,12
103.23,11
103.241,0
103.246,13
103.246,8
103.252,6
103.252,5
103.263,3
103.269,0
103.275,11
103.275,8
103.281,4
103.286,0
103.292,15
103.292,7
103.297,6
103.297,5
103.303,0
103.314,9
103.314,8
103.321,7
103.326,2
103.332,0
103.337,10
103.343,7
103.354,3
103.365,1
103.365,0
103.37,13
103.378,8
103.378,7
103.383,1
103.389,0
103.394,4
103.394,0
103.405,8
103.405,7
103.405,6
103.413,4
103.418,0
103.424,10
103.93,0
103.936,15
103.936,8
103.936,0
103.941,12
103.941,2
103.941,0
103.947,7
103.947,0
103.952,15
103.952,10
103.952,0
103.958,6
103.958,0
103.963,13
103.963,0
103.969,5
103.969,3
103.969,0
103.974,15
103.975,1
103.975,0
103.985,1
103.985,0
103.991,9
103.991,0
103.997,3
103.997,0
104.002,1
104.002,0
104.008,3
104.008,0
104.013,15
104.013,6
104.013,0
104.019,1
104.019,0
104.024,11
104.024,4
104.024,0
104.03,1
104.03,0
104.035,4
104.035,0
104.041,2
104.041,0
104.046,11
104.548,6
104.549,3
104.549,0
104.56,10
104.56,0
104.566,9
104.566,8
104.571,6
104.571,0
104.577,5
104.577,0
104.577,9
104.577,8
104.577,1
104.578,0
104.583,11
104.583,3
104.589,1
104.594,0
104.6,13
104.6,7
104.605,2
104.606,0
104.611,1
104.611,0
104.611,6
104.611,3
104.617,0
104.622,7
104.622,0
104.623,6
104.623,3
104.628,0
104.639,1
104.639,0
104.65,7
104.65,0
104.661,14
104.661,11
104.667,8
104.667,0
104.678,2
104.678,0
104.689,4
104.689,0
104.694,14
104.694,12
104.7,10
104.705,5
104.705,0
104.711,8
104.711,7
104.711,5
104.716,0
104.722,8
104.727,6
104.727,2
104.733,1
104.738,0
104.738,3
104.738,0
104.749,12
104.749,10
104.755,7
104.76,6
104.76,3
104.766,1
104.772,0
104.777,4
104.777,0
104.782,6
104.783,3
104.788,1
104.788,0
104.793,11
104.794,5
104.799,4
104.804,2
104.804,0
104.81,4
104.81,0
104.816,4
104.816,1
104.821,0
104.827,6
104.827,0
104.832,8
104.832,6
104.849,1
104.849,0
104.854,7
104.854,3
104.86,0
104.865,11
104.865,9
104.865,4
104.871,1
104.871,0
104.882,11
104.882,0
104.887,14
104.887,9
104.888,1
104.888,0
104.888,8
104.888,2
104.893,0
104.899,13
104.899,11
104.904,6
104.904,0
104.91,6
104.915,1
104.916,0
104.916,5
104.916,1
104.921,0
104.932,12
104.932,0
104.938,3
104.938,2
104.938,0
104.954,13
104.954,5
104.954,4
104.96,0
104.971,5
104.971,0
104.976,15
104.978,14
104.983,13
104.988,10
104.988,0
104.994,7
104.994,5
105.002,0
105.018,9
105.024,1
105.029,0
105.035,2
105.035,1
105.035,0
105.04,15
105.054,14
105.054,10
105.06,9
105.07,0
105.075,15
105.081,12
105.092,5
105.115,2
105.12,0
105.12,15
105.126,7
105.135,1
105.14,0
105.146,3
105.146,0
105.151,3
105.151,0
105.157,12
105.157,3
105.162,2
105.162,0
105.162,8
105.168,5
105.175,0
105.181,14
105.181,13
105.197,9
105.208,0
105.214,1
105.214,0
105.219,14
105.219,11
105.225,9
105.236,8
105.236,6
105.241,0
105.247,15
105.247,13
105.252,9
105.258,3
105.267,0
105.272,4
105.278,0
105.289,2
105.289,0
105.295,6
105.3,4
105.311,1
105.311,0
105.317,6
105.317,4
105.33,2
105.346,0
105.352,12
105.352,3
105.357,0
105.368,3
105.379,0
105.401,13
105.402,11
105.407,6
105.413,2
105.413,0
105.418,1
105.418,0
105.424,2
105.424,1
105.429,0
105.435,7
105.435,5
105.435,0
105.451,11
105.451,9
105.458,7
105.458,0
105.463,9
105.463,4
105.464,2
105.475,0
105.485,1
105.491,0
105.502,9
105.502,7
105.507,3
105.507,1
105.507,0
105.52,15
105.52,14
105.526,10
105.531,5
105.531,4
105.543,0
105.543,5
105.549,2
105.56,0
105.573,11
105.573,8
105.573,5
105.573,0
105.579,11
105.603,5
105.603,0
105.608,6
105.608,4
105.614,3
105.614,0
105.619,8
105.625,7
105.625,5
105.636,2
105.645,1
105.651,0
105.656,3
105.656,0
105.662,15
105.667,6
105.675,5
105.681,2
105.692,1
105.697,0
105.697,5
105.703,2
105.712,1
105.717,0
105.723,10
105.723,3
105.728,1
105.729,0
105.729,9
105.729,6
105.736,0
105.742,2
105.752,1
105.758,0
105.758,13
105.763,4
105.774,0
105.78,6
105.785,0
105.802,8
105.802,6
105.802,3
105.813,0
105.814,3
105.814,0
105.819,15
105.825,14
105.825,13
105.825,3
105.83,1
105.83,0
105.841,13
105.841,12
105.847,7
105.847,0
105.852,8
105.858,6
105.858,4
105.858,0
105.863,15
105.863,12
105.869,10
105.869,0
105.874,1
105.88,0
105.885,13
105.885,8
105.891,0
105.896,14
105.901,0
105.907,6
105.912,2
105.912,0
105.918,8
105.918,0
105.923,10
105.929,4
105.929,0
105.934,3
105.935,2
105.94,0
105.946,12
105.951,6
105.956,4
105.956,0
105.962,7
105.962,6
105.967,0
105.973,13
105.973,12
105.978,3
105.978,0
105.984,1
105.984,0
105.989,13
105.989,12
105.995,7
105.995,0
105.995,4
106,0
106.006,15
106.006,7
106.006,4
106.011,0
106.017,11
106.017,10
106.022,8
106.022,0
106.028,12
106.028,8
106.033,0
106.039,10
106.039,6
106.045,0
106.05,2
106.05,0
106.056,10
106.061,6
106.061,4
106.066,0
106.072,8
106.072,6
106.077,0
106.088,11
106.088,4
106.094,0
106.105,4
106.11,0
106.126,14
106.127,12
106.127,10
106.132,9
106.132,0
106.132,13
106.138,7
106.138,4
106.143,0
106.149,13
106.149,3
106.154,0
106.16,2
106.165,0
106.171,9
106.171,7
106.171,0
106.176,5
106.182,0
106.187,11
106.187,5
106.192,0
106.198,15
106.198,7
106.203,0
106.214,10
106.22,0
106.225,14
106.225,9
106.231,0
106.236,14
106.236,8
106.242,1
106.242,0
106.248,2
106.253,1
106.253,0
106.258,2
106.259,0
106.269,3
106.269,0
106.275,2
106.28,0
106.286,7
106.286,1
106.291,0
106.297,13
106.297,8
106.302,0
106.308,8
106.815,5
106.815,1
106.825,0
106.83,10
106.83,3
106.836,0
106.841,1
106.842,0
106.847,9
106.847,8
106.853,1
106.853,0
106.858,2
106.859,1
106.864,0
106.869,4
106.869,0
106.88,1
106.88,0
106.886,2
106.891,0
106.891,10
106.891,4
106.897,0
106.902,2
106.908,0
106.913,13
106.913,12
106.924,10
106.924,6
106.93,2
106.935,0
106.94,5
106.941,0
106.946,10
106.946,9
106.964,6
106.974,0
106.979,11
106.986,10
106.992,8
107.002,1
107.014,0
107.019,14
107.025,5
107.036,0
107.041,9
107.041,7
107.046,6
107.047,5
107.057,0
107.068,11
107.068,9
107.068,6
107.068,0
107.074,13
107.097,6
107.103,3
107.103,0
107.108,4
107.108,3
107.114,0
107.114,2
107.119,0
107.125,8
107.125,7
107.13,0
107.141,4
107.142,1
107.142,0
107.147,7
107.159,4
107.159,0
107.164,6
107.165,5
107.173,1
107.178,0
107.184,14
107.184,11
107.184,4
107.202,0
107.208,6
107.213,0
107.224,2
107.225,1
107.23,0
107.23,12
107.236,11
107.241,5
107.241,2
107.247,1
107.253,0
107.258,4
107.258,3
107.265,0
107.27,15
107.27,9
107.276,8
107.276,6
107.276,1
107.276,0
107.281,10
107.298,4
107.304,0
107.309,15
107.309,12
107.333,6
107.345,3
107.35,2
107.356,1
107.361,0
107.367,5
107.367,0
107.373,13
107.384,12
107.4,6
107.407,0
107.412,13
107.413,7
107.424,6
107.424,5
107.424,0
107.424,9
107.424,6
107.43,1
107.43,0
107.441,6
107.446,5
107.446,1
107.452,0
107.457,7
107.457,0
107.463,10
107.474,9
107.49,6
107.49,2
107.496,0
107.501,11
107.512,2
107.518,0
107.523,10
107.523,7
107.54,6
107.54,0
107.551,4
107.556,1
107.562,0
107.567,8
107.567,2
107.573,0
107.578,3
107.578,1
107.588,0
107.593,15
107.593,12
107.593,7
107.599,0
107.604,14
107.604,8
107.609,2
107.609,1
107.617,0
107.618,7
107.623,0
107.628,13
107.628,7
107.651,0
107.657,12
107.657,8
107.662,5
107.668,0
107.673,3
107.685,0
107.691,8
107.691,5
107.703,4
107.709,2
107.709,0
107.714,1
107.714,0
107.72,14
107.72,9
107.726,6
107.726,0
107.746,10
107.751,1
107.757,0
107.762,12
107.773,9
107.779,7
107.79,0
107.796,9
107.801,5
107.807,4
107.818,0
107.823,3
107.823,0
107.829,13
107.829,12
107.834,9
107.834,2
107.845,1
107.845,0
107.851,15
107.862,14
107.868,10
107.868,6
107.873,0
107.879,1
107.879,0
107.884,9
107.884,7
107.901,0
107.906,11
107.911,10
107.922,5
107.929,0
107.935,3
107.94,2
107.94,1
107.94,0
107.946,8
107.951,7
107.951,4
107.957,0
107.963,3
107.978,0
107.984,10
107.984,7
107.984,6
107.995,2
107.995,0
108,7
108,2
108.006,0
108.011,9
108.012,7
108.012,3
108.017,0
108.023,1
108.023,0
108.028,4
108.028,3
108.028,0
108.034,15
108.034,8
108.041,6
108.062,3
108.067,0
108.073,13
108.078,12
108.095,7
108.1,4
108.106,1
108.117,0
108.117,3
108.122,2
108.133,1
108.138,0
108.144,1
108.15,0
108.155,13
108.155,10
108.166,6
108.166,3
108.172,0
108.177,10
108.178,9
108.178,8
108.183,6
108.183,0
108.188,12
108.189,7
108.194,3
108.202,0
108.208,8
108.208,4
108.208,2
108.213,0
108.219,10
108.219,8
108.219,0
108.224,10
108.23,9
108.23,6
108.23,0
108.23,14
108.235,11
108.235,7
108.241,6
108.241,2
108.247,0
108.258,1
108.258,0
108.263,10
108.277,9
108.291,5
108.297,0
108.307,7
108.313,4
108.313,3
108.313,2
108.323,0
108.329,2
108.34,0
108.345,9
108.345,2
108.345,0
108.351,6
108.356,5
108.362,2
108.374,0
108.379,14
108.38,12
108.38,7
108.385,2
108.39,0
108.396,9
108.396,7
108.402,4
108.402,0
108.429,5
108.435,0
108.44,4
108.44,1
108.447,0
108.452,1
108.458,0
108.463,10
108.463,7
108.469,6
108.469,4
108.469,0
108.474,2
108.474,0
108.48,1
108.48,0
108.485,8
108.485,5
108.506,0
108.512,12
108.517,11
108.517,6
108.523,1
108.523,0
108.528,9
108.534,6
108.534,5
108.539,0
108.545,6
108.545,3
108.552,0
108.557,12
108.558,4
108.563,0
108.563,6
108.563,3
108.572,1
108.58,0
108.585,12
108.591,0
108.596,3
108.597,0
108.597,13
108.605,8
108.617,0
108.622,8
108.622,2
108.628,1
108.633,0
108.649,9
108.655,8
108.662,0
108.667,3
108.668,0
108.673,1
108.696,0
108.701,12
108.701,7
108.719,5
108.729,0
108.734,10
108.734,6
108.742,0
108.747,8
108.753,0
108.758,13
108.758,8
108.758,7
108.767,6
108.767,3
108.772,1
108.772,0
108.772,5
108.778,0
108.783,10
108.783,4
108.799,0
108.804,6
108.804,4
108.804,3
108.821,1
108.826,0
108.832,8
108.832,4
108.837,3
108.843,2
108.848,0
108.853,3
108.854,0
108.859,2
108.859,0
108.87,5
108.876,0
108.876,4
108.876,0
108.881,3
108.881,0
108.887,2
108.887,0
108.892,4
108.892,0
108.898,13
108.898,9
108.903,4
108.904,1
108.909,0
108.915,13
108.915,12
108.915,7
108.926,6
108.926,0
108.931,2
108.931,0
108.931,8
108.937,0
108.942,2
108.942,0
108.948,11
108.948,7
108.948,0
108.953,10
108.953,7
108.953,1
108.959,0
108.964,5
108.964,0
108.97,1
108.97,0
108.981,1
108.981,0
108.986,14
108.987,9
108.992,6
108.998,3
109.003,2
109.008,0
109.014,11
109.014,0
109.02,2
109.02,0
109.025,8
109.025,0
109.025,2
109.025,0
109.031,5
109.031,1
109.031,0
109.036,14
109.036,11
109.037,0
109.042,12
109.048,6
109.048,1
109.053,0
109.053,1
109.053,0
109.059,15
109.059,8
109.064,6
109.064,5
109.07,0
109.076,2
109.076,1
109.076,0
109.081,9
109.081,1
109.087,0
109.092,15
109.092,3
109.098,0
109.103,9
109.103,6
109.109,1
109.109,0
109.114,9
109.114,0
109.12,13
109.12,10
109.125,6
109.125,0
109.131,15
109.131,10
109.136,8
109.142,6
109.142,0
109.153,4
109.153,1
109.158,0
109.164,12
109.164,9
109.169,6
109.169,1
109.175,0
109.181,8
109.181,5
109.186,2
109.186,1
109.192,0
109.197,12
109.197,11
109.203,6
109.208,1
109.208,0
109.214,12
109.214,10
109.219,6
109.219,0
109.23,12
109.236,10
109.241,6
109.241,2
109.247,0
109.247,15
109.252,0
109.253,11
109.253,10
109.258,6
109.258,1
109.264,0
109.269,13
109.269,10
109.269,6
109.275,2
109.275,0
109.28,15
109.28,7
109.286,6
109.291,0
109.297,4
109.297,0
109.302,8
109.302,6
109.308,4
109.314,2
109.314,0
109.319,7
109.319,3
109.325,0
109.33,6
109.342,0
109.348,2
109.353,1
109.358,0
109.364,3
109.364,0
109.369,9
109.376,0
109.398,10
109.398,3
109.403,0
109.416,10
109.422,4
109.427,0
109.433,8
109.433,4
109.433,0
109.461,10
109.461,6
109.466,0
109.467,10
109.467,9
109.472,7
109.478,0
109.483,15
109.483,14
109.499,10
109.5,7
109.506,0
109.511,5
109.511,0
109.522,9
109.528,8
109.528,0
109.528,9
109.543,6
109.543,2
109.548,0
109.554,1
109.554,0
109.57,6
109.57,0
109.581,12
109.587,8
109.598,0
109.603,9
109.604,7
109.611,5
109.611,3
109.616,0
109.622,10
109.622,6
109.628,0
109.639,3
109.644,0
109.649,12
109.65,8
109.655,5
109.655,1
109.665,0
109.67,13
109.675,10
109.682,9
109.687,0
109.693,6
109.693,0
109.704,6
109.704,1
109.71,0
109.715,15
109.735,8
109.74,0
109.746,10
109.751,6
109.751,5
109.759,4
109.765,0
109.77,15
109.77,11
109.776,8
109.781,6
109.781,3
109.787,0
109.792,12
109.792,10
109.798,0
109.803,5
109.803,2
109.809,0
109.814,11
109.82,0
109.825,7
109.831,6
109.831,0
109.836,1
109.842,0
109.847,4
109.847,0
109.853,10
109.858,3
109.858,0
109.864,8
109.869,7
109.869,0
109.875,9
109.88,0
109.885,4
109.886,2
109.891,0
109.896,7
109.896,6
109.896,1
109.902,0
109.907,4
109.908,0
109.913,7
109.913,5
109.918,1
109.918,0
109.924,7
109.924,0
109.929,13
109.935,11
109.935,0
109.941,14
109.941,7
109.941,6
109.941,0
109.946,10
109.946,4
109.952,0
109.957,9
109.963,1
109.968,0
109.973,13
109.979,6
109.984,0
109.99,13
109.99,8
109.995,0
