10.0005,15
10.0013,11
10.0026,10
10.1128,5
10.1183,2
10.1183,0
10.1238,23
10.1299,21
10.13,14
10.1355,6
10.1412,2
10.1467,0
10.1631,8
10.1637,0
10.1693,6
10.1746,5
10.1746,2
10.1855,0
10.1857,1
10.1965,0
10.202,7
10.2076,5
10.2076,0
10.2189,12
10.2242,5
10.2242,3
10.2244,2
10.2356,0
10.2412,9
10.2413,6
10.2527,5
10.2527,3
10.2582,0
10.2636,8
10.2691,6
10.2745,5
10.2745,4
10.2803,3
10.2804,0
10.2806,5
10.2806,3
10.3027,0
10.3292,6
10.3408,5
10.3409,0
10.341,4
10.3411,0
10.3466,13
10.3466,7
10.3469,0
10.3471,11
10.3529,0
10.3585,8
10.3601,5
10.3601,0
10.4004,2
10.4057,0
10.4111,10
10.4112,6
10.4112,0
10.4167,6
10.4227,5
10.4227,0
10.4282,3
10.4282,0
10.4324,4
10.4338,0
10.4339,8
10.4393,2
10.4395,0
10.4436,6
10.4437,0
10.4491,14
10.4507,5
10.4508,0
10.4562,7
10.4563,0
10.4619,4
10.4633,3
10.4634,0
10.4688,6
10.4689,0
10.4691,10
10.4745,0
10.48,12
10.4801,1
10.4856,0
10.4857,1
10.4965,0
10.502,15
10.5022,0
10.5024,11
10.5189,5
10.5298,0
10.541,14
10.5465,6
10.5466,0
10.552,5
10.5521,4
10.5522,0
10.5523,13
10.5525,0
10.5581,8
10.5582,0
10.5637,3
10.564,1
10.5695,0
10.5696,10
10.5697,6
10.5697,0
10.5752,1
10.5753,0
10.5754,1
10.5755,0
10.5809,10
10.581,0
10.5864,14
10.5865,7
10.5866,0
10.592,8
10.5924,4
10.5929,3
10.5978,0
10.598,12
10.598,10
10.5982,0
10.6036,4
10.6038,0
10.6092,2
10.6092,0
10.6146,9
10.6147,5
10.6148,0
10.6202,8
10.6203,0
10.6204,4
10.6205,0
10.6259,14
10.626,6
10.6271,0
10.6272,8
10.6272,7
10.6273,0
10.6327,1
10.6328,0
10.6382,3
10.6428,0
10.643,6
10.6433,2
10.6487,1
10.6488,0
10.6489,13
10.6542,12
10.66,11
10.66,2
10.6602,0
10.6604,2
10.6657,0
10.6711,5
10.6712,0
10.6714,9
10.6715,5
10.6716,2
10.677,0
10.6772,11
10.6825,1
10.688,0
10.6881,7
10.6882,6
10.694,0
10.6994,7
10.6995,0
10.7049,3
10.7049,1
10.7104,0
10.7159,13
10.7163,4
10.7218,0
10.7274,11
10.7327,7
10.7383,5
10.7386,0
10.744,3
10.7441,2
10.7444,0
10.7445,2
10.75,0
10.7502,1
10.7502,0
10.7556,15
10.7559,13
10.7614,10
10.7669,5
10.7669,3
10.7723,0
10.7725,13
10.7778,11
10.7888,9
10.789,6
10.789,2
10.7948,0
10.8002,15
10.8003,14
10.806,9
10.8062,8
10.8172,5
10.8174,0
10.8175,3
10.8176,2
10.8231,1
10.8285,0
10.834,11
10.8395,9
10.8509,5
10.8571,3
10.8626,2
10.8626,1
10.8681,0
10.8683,1
10.8683,0
10.8801,12
10.8802,10
10.8857,5
10.8969,1
10.9024,0
10.9025,15
10.9026,12
10.9026,10
10.9191,7
10.9246,5
10.9248,4
10.9303,2
10.9305,0
10.9359,3
10.9361,0
10.9415,13
10.9584,12
10.9693,10
10.997,7
11.0194,5
11.0194,2
11.0252,0
11.0254,12
11.0254,9
11.1786,6
11.1788,3
11.1899,2
11.1954,1
11.2009,0
11.2256,8
11.2429,7
11.2598,6
11.26,5
11.2714,0
11.2715,15
11.2716,11
11.283,7
11.2833,2
11.3234,0
11.329,9
11.3291,6
11.3291,5
11.3623,0
11.5052,5
11.5053,2
11.5459,1
11.5514,0
11.5568,2
11.5852,0
11.5906,15
11.5966,14
11.6076,10
11.6076,7
11.624,5
11.624,4
11.6294,3
11.6408,0
11.6462,1
11.6463,0
11.6517,8
11.6518,7
11.6521,6
11.6521,4
11.6817,3
11.6818,2
11.682,0
11.6967,13
11.7021,12
11.7023,9
11.7024,7
11.7078,5
11.7078,4
11.7135,0
11.7136,11
11.7192,9
11.7196,3
11.725,1
11.7252,0
11.7307,12
11.7307,11
11.731,9
11.7311,1
11.7367,0
11.7368,12
11.7425,9
11.7426,8
11.7481,6
11.7536,5
11.759,4
11.7645,1
11.7756,0
11.781,13
11.7816,12
11.7819,6
11.7873,5
11.7873,2
11.8621,1
11.8623,0
11.8678,3
11.9724,2
11.9894,0
11.9895,4
11.9896,0
11.9952,5
11.9973,3
12.0028,1
12.0086,0
12.014,1
12.0141,0
12.0195,12
12.0259,11
12.0313,9
12.0315,8
12.0318,2
12.0429,0
12.0483,13
12.0484,9
12.0486,5
12.0544,2
12.0546,1
12.0603,0
12.0657,8
12.0657,7
12.0659,3
12.0774,0
12.0828,5
12.0828,2
12.0829,1
12.0888,0
12.1,13
12.1,10
12.1057,7
12.1059,6
12.1114,5
12.1114,2
12.1225,0
12.1279,12
12.1282,11
12.1392,10
12.145,9
12.1452,6
12.1506,5
12.1507,1
12.1564,0
12.1672,1
12.1673,0
12.1782,8
12.195,7
12.1952,4
12.2174,2
12.2369,1
12.2371,0
12.2534,8
12.2535,7
12.3206,5
12.3206,4
12.3208,3
12.365,0
12.3704,13
12.3992,9
12.4386,4
12.4441,0
12.4549,10
12.4553,9
12.461,7
12.4664,5
12.4665,2
12.5243,0
12.5363,8
12.5366,5
12.5421,3
12.5475,0
12.5529,7
12.5538,0
12.5592,5
12.5592,3
12.5647,0
12.5701,8
12.5705,6
12.5705,4
12.5761,0
12.5815,7
12.5816,5
12.5871,2
12.5871,1
12.5873,0
12.5927,11
12.5927,10
12.5928,0
12.5982,9
12.5986,0
12.6042,10
12.6043,8
12.6097,6
12.6097,5
12.6098,0
12.6152,9
12.6153,0
12.6207,2
12.6208,0
12.6316,13
12.6318,1
12.6318,0
12.6372,5
12.6376,0
12.643,4
12.6431,0
12.6485,13
12.6486,6
12.6488,1
12.6543,0
12.6597,10
12.6598,3
12.6598,0
12.6652,2
12.6653,0
12.6707,15
12.6708,14
12.6763,9
12.6763,5
12.6763,0
12.6817,1
12.6818,0
12.6872,4
12.6873,2
12.6875,0
12.6929,8
12.693,0
12.6984,5
12.6985,1
12.7042,0
12.7096,15
12.7097,8
12.7152,5
12.7152,0
12.7206,11
12.7207,4
12.7208,0
12.7262,8
12.7265,5
12.7265,4
12.732,0
12.7374,5
12.7375,0
12.743,4
12.7487,0
12.7489,14
12.749,7
12.749,0
12.7544,6
12.7545,0
12.76,4
12.7601,0
12.7602,6
12.7603,0
12.7657,12
12.7658,10
12.7658,9
12.7713,5
12.7713,0
12.7767,4
12.7768,0
12.7822,2
12.7823,0
12.7877,2
12.7877,1
12.7879,0
12.7933,11
12.7937,10
12.7992,5
12.7992,1
12.7993,0
12.8047,11
12.8048,0
12.8103,11
12.8105,6
12.8105,0
12.8107,9
12.8108,0
12.8162,9
12.8162,7
12.8163,0
12.8217,2
12.8218,0
12.8272,15
12.8273,10
12.8328,5
12.8328,0
12.8382,12
12.8383,7
12.8384,0
12.8438,7
12.8442,0
12.8496,1
12.8496,0
12.855,10
12.8551,4
12.8552,0
12.8606,7
12.8608,0
12.861,14
12.8611,6
12.8665,5
12.8666,0
12.872,14
12.8721,5
12.8723,3
12.8778,0
12.8832,4
12.8834,0
12.8889,3
12.8891,0
12.8893,15
12.8894,7
12.8895,3
12.9007,0
12.9061,8
12.9066,5
12.9067,1
12.9069,0
12.9123,10
12.9123,9
12.9125,8
12.9125,7
12.9411,1
12.9577,0
12.9632,6
12.9636,0
12.9745,12
12.9751,6
12.9751,3
12.9751,1
12.9755,0
12.9756,8
12.981,7
12.9871,4
12.9873,0
12.9927,14
12.9983,8
12.9983,7
13.0038,5
13.0038,0
13.0039,6
13.0096,0
13.0151,5
13.0152,0
13.0209,4
13.021,0
13.0211,5
13.0212,0
13.0266,4
13.0268,0
13.0435,12
13.0437,0
13.0438,1
13.0439,0
13.0607,1
13.0607,0
13.0608,12
13.0609,10
13.0609,6
13.0613,2
13.0615,0
13.0669,4
13.067,0
13.0671,9
13.0673,8
13.0673,7
13.0673,0
13.0728,12
13.0729,9
13.0729,0
13.0731,5
13.0732,0
13.0786,9
13.0787,5
13.0787,0
13.0788,7
13.0789,5
13.0791,0
13.0846,3
13.0957,0
13.0958,5
13.107,4
13.1127,3
13.1292,0
13.1347,8
13.1756,6
13.1757,5
13.176,0
13.1761,11
13.2302,10
13.2303,5
13.2305,4
13.242,3
13.242,1
13.242,0
13.2699,10
13.27,9
13.2814,6
13.2869,1
13.287,0
13.2871,15
13.2872,4
13.2873,0
13.2927,2
13.3305,0
13.3359,13
13.3545,12
13.3757,8
13.3759,5
13.382,0
13.3821,14
13.3822,10
13.3822,4
13.3879,0
13.3933,13
13.3936,12
13.3937,2
13.3939,0
13.3993,10
13.3994,5
13.4146,4
13.422,0
13.4274,13
13.4278,4
13.4278,0
13.4332,6
13.4333,0
13.4387,6
13.4388,2
13.4388,0
13.4442,5
13.4443,0
13.4553,11
13.4611,4
13.4611,1
13.4613,0
13.4614,10
13.4616,0
13.467,11
13.467,9
13.4671,0
13.4725,5
13.4726,0
13.4781,2
13.4782,0
13.4836,1
13.4836,0
13.4892,2
13.4892,0
13.4946,12
13.4947,9
13.4952,0
13.5006,9
13.5006,7
13.5116,5
13.5116,0
13.517,10
13.5171,9
13.5225,5
13.5225,4
13.5226,0
13.528,3
13.5283,0
13.5338,15
13.5339,8
13.534,0
13.5342,9
13.5343,0
13.5397,14
13.5397,13
13.5398,8
13.5399,6
13.5454,5
13.5454,0
13.5508,2
13.5509,0
13.5563,15
13.5564,10
13.5565,0
13.562,1
13.5623,0
13.5677,12
13.608,10
13.6081,8
13.6082,4
13.6371,2
13.6371,0
13.6425,6
13.6469,5
13.6469,3
13.6724,0
13.6778,15
13.7074,6
13.7075,0
13.7129,6
13.7532,5
13.7535,0
13.7589,1
13.7596,0
13.765,1
13.7782,0
13.8117,1
13.8126,0
13.818,10
13.8235,4
13.8236,3
13.8237,0
13.8291,2
13.8297,0
13.8351,13
13.8352,10
13.8411,6
13.8413,3
13.8415,2
13.8417,0
13.8471,10
13.8507,5
13.8523,3
13.8562,2
13.8578,0
13.8632,6
13.8633,5
13.8633,2
13.8691,0
13.8745,10
13.8783,4
13.8805,0
13.8859,8
13.8894,6
13.8913,4
13.8913,2
13.8916,0
13.897,9
13.8973,5
13.8973,3
13.8975,2
13.9087,1
13.9142,0
13.9196,12
13.9365,7
13.9366,5
13.9424,0
13.9478,2
14.0088,0
14.0197,14
14.0256,8
14.0366,5
14.0366,0
14.0475,13
14.0531,5
14.0531,1
14.059,0
14.0754,6
14.0758,1
14.076,0
14.0814,7
14.087,2
14.087,0
14.0924,10
14.0926,0
14.098,7
14.0983,1
14.1038,0
14.1092,6
14.1147,5
14.1147,0
14.1149,2
14.1149,0
14.1258,14
14.1262,5
14.1263,2
14.1265,0
14.1266,15
14.1267,8
14.1322,5
14.1322,0
14.1376,2
14.1377,0
14.1378,4
14.1379,3
14.1434,0
14.1488,3
14.1488,2
14.1543,0
14.1597,3
14.1598,0
14.1652,15
14.1652,11
14.1707,8
14.182,0
14.1874,10
14.1875,4
14.1876,2
14.1878,0
14.1932,3
14.1932,0
14.1986,5
14.1987,1
14.2042,0
14.2096,15
14.2097,11
14.2152,5
14.2152,4
14.2206,1
14.2206,0
14.226,6
14.2264,5
14.2318,4
14.2319,0
14.2373,8
14.2429,2
14.2429,0
14.2483,1
14.254,0
14.2542,9
14.2595,6
14.2595,5
14.2595,1
14.2597,0
14.2652,8
14.2656,3
14.271,1
14.2769,0
14.2825,15
14.2826,13
14.2828,10
14.2883,3
14.2883,0
14.2885,6
14.2885,5
14.2887,0
14.2941,14
14.2942,8
14.2943,5
14.2943,2
14.2998,0
14.3053,11
14.3055,0
14.3109,7
14.311,0
14.3165,4
14.3165,0
14.3167,10
14.3168,0
14.3223,4
14.328,3
14.3334,1
14.3389,0
14.339,7
14.3391,2
14.3446,0
14.35,15
14.3501,9
14.3556,5
14.3556,0
14.3611,9
14.3666,8
14.372,5
14.3721,2
14.3775,0
14.3777,13
14.3777,11
14.3836,0
14.3944,7
14.3945,4
14.4,0
14.4054,2
14.4054,0
14.4163,9
14.4164,2
14.4218,0
14.4272,3
14.4273,0
14.4385,9
14.4386,4
14.4386,0
14.4495,10
14.4496,0
14.455,13
14.4552,0
14.4606,9
14.4606,8
14.4607,0
14.4662,12
14.4662,10
14.4664,7
14.4665,0
14.4721,4
14.4721,0
14.4775,5
14.4776,1
14.4776,0
14.483,3
14.4834,0
14.4888,8
14.4889,0
14.4891,12
14.4892,0
14.4946,5
14.4947,0
14.5002,11
14.5002,9
14.5004,7
14.5059,5
14.5059,0
14.5061,1
14.5061,0
14.5115,11
14.5116,3
14.5117,0
14.5118,2
14.5119,0
14.5173,11
14.5173,8
14.5228,5
14.5228,1
14.5229,0
14.5283,10
14.5284,0
14.5285,9
14.5286,2
14.5287,0
14.5341,14
14.5344,11
14.5345,4
14.5347,0
14.5349,11
14.535,4
14.5404,2
14.5404,0
14.5458,10
14.546,0
14.5516,13
14.5518,0
14.5519,13
14.552,8
14.5521,0
14.5632,4
14.5633,0
14.5634,3
14.5635,0
14.5689,5
14.569,0
14.5691,3
14.5692,0
14.5746,6
14.5747,0
14.5748,15
14.575,0
14.5804,8
14.5805,0
14.5807,12
14.5808,2
14.5808,0
14.5863,13
14.5867,0
14.5869,14
14.587,8
14.587,0
14.5924,13
14.5926,3
14.5926,0
14.5927,3
14.5928,0
14.5982,2
14.5983,0
14.5984,3
14.5985,0
14.5986,6
14.5987,1
14.5987,0
14.6042,5
14.6043,0
14.61,10
14.6101,0
14.6102,1
14.6103,0
14.6157,13
14.6157,12
14.6158,0
14.616,6
14.6161,1
14.6163,0
14.6217,8
14.6217,7
14.6218,0
14.6219,13
14.6221,0
14.6276,2
14.6388,0
14.6389,12
14.6443,9
14.6723,6
14.6832,5
14.6832,2
14.6834,0
14.6889,12
14.6945,7
14.7054,6
14.7109,5
14.7109,2
14.7275,0
14.7276,8
14.7392,7
14.7503,5
14.7504,0
14.7558,5
14.7618,0
14.762,1
14.7672,0
14.7674,15
14.7675,4
14.7675,0
14.7733,4
14.7733,0
14.7735,15
14.7737,0
14.7791,5
14.7842,0
14.7843,5
14.7844,4
14.7846,2
14.7903,0
14.8012,8
14.8013,0
14.8068,2
14.8122,0
14.8125,14
14.8127,3
14.8184,1
14.824,0
14.8349,6
14.8417,5
14.8418,0
14.8473,12
14.8478,3
14.8481,0
14.8482,2
14.8483,0
14.8537,6
14.8538,0
14.8542,3
14.8542,0
14.8596,13
14.863,10
14.863,9
14.8633,7
14.8709,5
14.871,0
14.882,6
14.8821,4
14.8821,3
14.8876,0
14.893,5
14.899,0
14.9102,11
14.9103,1
14.9103,0
14.9158,4
14.9212,3
14.9267,0
14.9268,7
14.9322,6
14.9377,5
14.9379,0
14.9434,10
14.9436,9
14.949,7
14.9545,5
14.9545,0
14.9547,14
14.9606,13
14.9714,7
14.9717,6
14.9771,5
14.9771,2
14.9826,0
14.9828,15
14.9828,14
14.9829,0
14.9831,11
14.9832,7
14.9834,2
14.9834,0
14.9889,8
14.9947,5
15.0002,0
15.0003,5
15.0004,0
15.0059,6
15.0113,5
15.0116,0
15.0117,1
15.0118,0
15.0172,10
15.0227,6
15.0229,0
15.0234,13
15.0289,9
15.0291,3
15.0407,0
15.0409,7
15.0409,2
15.041,0
15.0464,15
15.0564,9
15.0566,8
15.0621,6
15.0621,0
15.0684,10
15.0741,1
15.0796,0
15.085,14
15.085,12
15.0852,11
15.1023,10
15.1078,5
15.1078,4
15.108,0
15.1134,13
15.1135,10
15.1135,9
15.1244,5
15.1355,4
15.1358,2
15.1415,1
15.1415,0
15.1469,7
15.1531,5
15.1531,3
15.1531,0
15.1585,13
15.1749,12
15.1922,11
15.1924,3
15.2088,0
15.2142,13
15.2142,12
15.2254,11
15.2364,8
15.2473,7
15.2645,5
15.2704,3
15.2758,2
15.2758,0
15.2812,10
15.2822,8
15.2877,4
15.2988,2
15.3098,0
15.3155,1
15.332,0
15.3374,7
15.3376,2
15.3431,1
15.3486,0
15.354,12
15.3651,5
15.3652,3
15.3708,2
15.371,0
15.3876,1
15.3877,0
15.3931,3
15.3932,0
15.3986,15
15.3987,10
15.3989,7
15.3989,0
15.4043,1
15.4047,0
15.4101,13
15.4101,11
15.4103,10
15.416,6
15.4161,4
15.4161,2
15.4215,0
15.4269,1
15.427,0
15.4326,1
15.4326,0
15.4381,12
15.4436,7
15.454,5
15.454,3
15.4542,0
15.4544,12
15.4545,4
15.4548,3
15.4653,0
15.4707,11
15.4708,10
15.471,5
15.4711,0
15.4765,2
15.482,1
15.4822,0
15.4823,5
15.4824,4
15.4931,2
15.4932,0
15.4987,1
15.4987,0
15.5041,10
15.5045,7
15.5045,2
15.51,0
15.5154,2
15.5155,0
15.5209,5
15.5209,4
15.5209,0
15.5264,7
15.5266,0
15.5268,11
15.5269,1
15.5269,0
15.5378,11
15.5379,0
15.5436,12
15.5437,1
15.5437,0
15.5439,5
15.544,0
15.5441,7
15.5442,0
15.5444,5
15.5445,4
15.5445,0
15.5447,13
15.5448,0
15.545,5
15.5451,0
15.5452,11
15.5454,0
15.5455,6
15.5456,0
15.5458,12
15.5459,0
15.5461,9
15.5462,0
15.5464,3
15.5465,0
15.5466,11
15.5467,9
15.5468,0
15.5469,9
15.5471,0
15.5472,12
15.5474,0
15.5475,8
15.5476,3
15.5477,0
15.5478,2
15.5479,0
15.548,4
15.5481,0
15.5483,11
15.5484,5
15.5484,0
15.5486,7
15.5487,0
15.5489,4
15.5489,0
15.5491,11
15.5492,0
15.5546,9
15.5547,4
15.5605,0
15.5659,12
15.5659,10
15.566,0
15.5714,13
15.5716,5
15.5716,0
15.5771,3
15.5772,0
15.5774,15
15.5775,3
15.583,0
15.5884,7
15.5885,0
15.594,12
15.5941,0
15.5943,6
15.5944,1
15.5944,0
15.6052,13
15.6054,0
15.6109,7
15.6112,0
15.6114,13
15.6116,1
15.6116,0
15.6117,1
15.6118,0
15.6122,15
15.6123,3
15.6123,0
15.6125,4
15.6126,0
15.6127,15
15.6129,6
15.6129,0
15.6131,7
15.6132,0
15.6134,7
15.6134,4
15.6135,0
15.6136,11
15.6138,0
15.6139,15
15.614,13
15.6141,0
15.6143,10
15.6144,5
15.6144,0
15.6146,1
15.6146,0
15.6148,15
15.6149,4
15.615,0
15.6151,10
15.6153,0
15.6154,2
15.6155,0
15.6156,15
15.6158,0
15.616,6
15.616,4
15.6161,0
15.6162,13
15.6165,7
15.622,6
15.622,0
15.6222,11
15.6223,0
15.6277,14
15.6278,13
15.628,8
15.6335,6
15.6335,0
15.6389,4
15.639,1
15.6392,0
15.6446,3
15.6446,1
15.6446,0
15.6501,7
15.6501,3
15.6556,0
15.661,7
15.6615,6
15.6673,5
15.6906,4
15.6961,0
15.7015,10
15.7016,3
15.7016,2
15.7073,0
15.7127,4
15.7183,0
15.7237,12
15.7239,10
15.7295,0
15.7349,10
15.7408,7
15.7464,4
15.9245,3
15.9375,2
15.9438,0
15.9492,9
15.9492,8
15.9495,1
15.9495,0
15.9549,14
15.9549,13
15.9551,11
15.9607,10
15.9665,9
15.9665,3
15.9777,2
15.9779,1
15.9779,0
15.9999,13
15.9999,12
15.9999,11
16.0057,8
16.0175,5
16.0229,4
16.0284,0
16.0338,14
16.0396,12
16.2042,11
16.2044,8
16.2101,1
16.2156,0
16.221,10
16.2213,8
16.2379,7
16.2434,5
16.2435,2
16.4045,0
16.4099,1
16.41,0
16.4154,10
16.4219,9
16.4219,6
16.4221,0
16.4275,1
16.4436,0
16.4551,11
16.4552,5
16.4611,2
16.4666,0
16.4774,1
16.4887,0
16.4941,14
16.4942,11
16.4997,5
16.5107,4
16.5216,0
16.527,3
16.5271,1
16.5673,0
16.5727,10
16.5728,8
16.5783,6
16.6517,3
16.6797,0
16.7026,7
16.7027,3
16.7027,0
16.714,5
16.714,1
16.725,0
16.7305,6
16.7307,0
16.7309,12
16.7309,11
16.7309,9
16.7368,6
16.7423,5
16.7423,4
16.7425,1
16.7425,0
16.7479,3
16.748,0
16.7534,13
16.7538,12
16.7647,0
16.7701,13
16.7703,0
16.7757,14
16.7758,11
16.7758,6
16.7815,0
16.7869,7
16.7873,1
16.7928,0
16.7982,4
16.7983,2
16.8039,1
16.8094,0
16.8148,2
16.8148,1
16.8148,0
16.8202,8
16.8206,6
16.8208,3
16.8263,0
16.8317,13
16.8318,0
16.832,13
16.8322,0
16.8323,4
16.8324,0
16.8378,8
16.8382,0
16.8436,5
16.8437,0
16.8491,14
16.8492,4
16.8493,0
16.8547,10
16.8548,4
16.8551,3
16.8606,2
16.8723,0
16.8777,10
16.8779,6
16.8779,0
16.8834,10
16.8836,9
16.8836,8
16.9051,5
16.9162,2
16.9274,0
16.9275,8
16.9387,0
16.9441,12
16.9442,4
16.9445,0
16.9499,15
16.95,13
16.9503,9
16.9503,4
16.9504,0
16.9558,4
16.9558,3
16.9616,0
17.012,4
17.0168,0
17.0222,6
17.0228,0
17.0282,3
17.0338,1
17.034,0
17.0394,9
17.0395,6
17.0508,5
17.0621,0
17.0675,15
17.0676,9
17.0786,8
17.0841,7
17.0895,6
17.095,5
17.095,0
17.1007,14
17.101,11
17.1068,8
17.1123,7
17.1237,5
17.1237,2
17.1411,0
17.1465,3
17.1628,0
17.1682,5
17.1682,0
17.1737,9
17.1737,8
17.174,1
17.174,0
17.1794,3
17.1794,2
17.1849,0
17.1903,5
17.1904,0
17.1958,13
17.1962,0
17.2017,6
17.2017,5
17.2019,0
17.2188,3
17.2189,0
17.2243,7
17.2244,2
17.2299,0
17.2413,5
17.2415,4
17.2415,3
17.247,0
17.2533,13
17.2533,10
17.2535,8
17.2592,5
17.2649,0
17.276,15
17.2761,14
17.2816,8
17.2874,2
17.2929,1
17.2931,0
17.2985,6
17.2989,0
17.3043,13
17.3043,11
17.3043,9
17.3045,7
17.3048,0
17.3161,2
17.3161,0
17.3216,9
17.3216,8
17.3271,5
17.3271,0
17.338,4
17.338,3
17.3435,0
17.3489,13
17.3492,11
17.3547,9
17.355,6
17.3604,5
17.3605,0
17.3659,9
17.3665,8
17.3719,5
17.3774,3
17.3774,1
17.3942,0
17.3996,8
17.4052,4
17.4054,0
17.4108,4
17.4111,3
17.4167,1
17.4167,0
17.4221,7
17.4222,0
17.4276,13
17.4276,12
17.4335,10
17.4335,9
17.4338,5
17.4392,0
17.4447,8
17.4504,4
17.4613,0
17.4672,5
17.4673,0
17.4727,14
17.4727,13
17.4729,12
17.4784,10
17.4786,9
17.4786,4
17.4895,3
17.495,1
17.4952,0
17.5006,8
17.5007,4
17.5065,0
17.5119,6
17.5123,0
17.5177,13
17.5232,12
17.5287,5
17.5287,0
17.5398,9
17.5399,1
17.5455,0
17.5509,10
17.551,8
17.5512,0
17.5623,15
17.5624,10
17.5625,0
17.5679,9
17.5683,6
17.5749,4
17.5751,3
17.5864,0
17.5919,15
17.5925,10
17.5927,9
17.5927,4
17.5929,3
17.5929,1
17.5979,0
17.6042,10
17.6043,8
17.6153,2
17.6364,0
17.6418,15
17.6529,8
17.6531,6
17.6531,4
17.6602,3
17.6604,0
17.6658,13
17.6659,5
17.6923,4
17.6924,0
17.6978,13
17.6978,12
17.7091,11
17.7423,6
17.7425,4
17.748,0
17.7534,14
17.7535,13
17.7592,9
17.7592,8
17.7594,7
17.7595,4
17.7711,2
17.7986,0
17.804,9
17.8041,0
17.8153,7
17.8155,6
17.8272,5
17.8272,1
17.8328,0
17.8329,5
17.833,1
17.8332,0
17.8386,4
17.8387,3
17.8444,0
17.85,13
17.8501,7
17.8501,4
17.8503,3
17.8503,0
17.8557,4
17.8558,2
17.856,0
17.8614,6
17.8675,3
17.873,1
17.8843,0
17.8897,1
17.9124,0
17.918,15
17.9349,14
17.935,11
17.9352,9
17.9354,6
17.9408,5
17.9409,3
17.9577,0
17.9631,3
17.9743,0
17.9774,2
17.9775,0
17.9829,8
17.9829,6
17.9884,5
17.9886,1
17.9886,0
17.9998,4
18.0057,1
18.0285,0
18.0396,6
18.0397,2
18.0399,0
18.0453,11
18.0454,7
18.0509,5
18.0509,4
18.0511,3
18.0565,2
18.0658,1
18.0658,0
18.0712,11
18.0713,5
18.0715,0
18.0769,8
18.0769,6
18.0772,1
18.0772,0
18.0826,2
18.0891,0
18.0892,7
18.0893,4
18.0894,0
18.0948,3
18.0948,0
18.095,5
18.0951,0
18.1005,2
18.1005,0
18.1061,14
18.1067,12
18.1068,0
18.1069,14
18.107,13
18.1073,3
18.1073,1
18.1286,0
18.134,8
18.1341,2
18.1341,0
18.1343,14
18.145,13
18.1451,8
18.1521,5
18.163,0
18.1684,6
18.1691,0
18.1692,15
18.1693,9
18.1694,0
18.1748,15
18.1798,12
18.1798,11
18.1799,0
18.18,9
18.1801,0
18.1855,8
18.1904,0
18.1905,11
18.1906,8
18.1908,4
18.1908,2
18.1963,1
18.1965,0
18.2074,9
18.2129,6
18.213,2
18.2133,0
18.2134,15
18.2136,0
18.2192,14
18.2193,4
18.2587,0
18.2589,2
18.2641,0
18.2643,11
18.2706,9
18.2709,0
18.2763,12
18.2764,6
18.2764,2
18.2819,0
18.2874,9
18.2922,5
18.2922,4
18.2986,0
18.2987,4
18.3041,0
18.3095,8
18.3206,5
18.3261,4
18.3263,0
18.3264,6
18.3375,2
18.3375,1
18.3377,0
18.3432,6
18.3484,0
18.3486,2
18.3539,0
18.3601,8
18.3654,5
18.3654,4
18.371,3
18.3939,0
18.394,2
18.4048,1
18.4105,0
18.416,1
18.4548,0
18.4659,4
18.4891,0
18.4946,4
18.5514,0
18.5515,11
18.5517,0
18.5571,7
18.5571,5
18.5572,0
18.5633,14
18.5635,3
18.5635,0
18.5689,4
18.569,0
18.5744,9
18.5745,2
18.5745,0
18.58,12
18.5804,0
18.5806,15
18.5807,10
18.5808,0
18.5809,14
18.5811,6
18.5811,0
18.5813,6
18.5814,0
18.5815,7
18.5816,2
18.5816,0
18.5818,14
18.582,0
18.5821,8
18.5822,0
18.5824,7
18.5825,0
18.5829,11
18.583,0
18.5832,2
18.5833,0
18.5834,1
18.5835,0
18.5836,12
18.5838,0
18.5839,13
18.584,7
18.5841,0
18.5843,8
18.5844,0
18.5846,7
18.5846,6
18.5847,0
18.585,12
18.5852,1
18.5852,0
18.5853,2
18.5854,0
18.5855,7
18.5856,0
18.5911,14
18.5911,9
18.5912,0
18.5967,5
18.5969,0
18.597,15
18.5971,11
18.5972,4
18.5973,1
18.5973,0
18.6027,5
18.6028,0
18.6082,4
18.6083,0
18.6137,13
18.6139,0
18.6193,10
18.6194,5
18.6194,0
18.6248,6
18.6249,0
18.6303,7
18.6304,4
18.6304,0
18.6358,7
18.636,0
18.6414,8
18.6414,5
18.6415,0
18.6469,12
18.647,0
18.6524,2
18.6525,0
18.6579,14
18.6581,2
18.6581,0
18.6638,5
18.6638,0
18.6642,13
18.6643,0
18.6698,1
18.6698,0
18.6752,12
18.6754,0
18.6808,5
18.6811,0
18.692,8
18.6921,4
18.6921,0
18.6975,11
18.6977,0
18.7031,10
18.7033,0
18.7089,4
18.7089,0
18.7143,11
18.7144,9
18.7147,0
18.7201,7
18.7202,0
18.7204,1
18.7204,0
18.7258,7
18.7259,3
18.7259,0
18.7313,4
18.7314,0
18.7368,1
18.7369,0
18.7423,14
18.7423,12
18.7424,4
18.7427,2
18.7427,0
18.7482,11
18.7482,6
18.7537,5
18.7537,0
18.7592,4
18.7593,0
18.7594,13
18.7595,4
18.7596,0
18.765,14
18.7651,1
18.7652,0
18.7706,4
18.7707,0
18.7815,13
18.782,0
18.7874,7
18.7875,0
18.7877,9
18.7878,5
18.7878,0
18.788,14
18.7881,0
18.7883,1
18.7884,0
18.7885,6
18.7886,0
18.7888,13
18.7889,6
18.7889,0
18.7891,2
18.7892,0
18.7893,14
18.7894,6
18.7895,0
18.7897,12
18.7898,0
18.79,10
18.7901,0
18.7903,13
18.7904,6
18.7904,0
18.7906,5
18.7907,0
18.7909,10
18.7909,4
18.791,0
18.7911,8
18.7913,0
18.7914,6
18.7915,2
18.7915,0
18.7917,5
18.7918,0
18.7919,7
18.792,0
18.7922,6
18.7923,0
18.7925,13
18.7926,0
18.7928,13
18.793,0
18.7931,6
18.7932,3
18.7932,0
18.7934,10
18.7935,0
18.7989,2
18.799,0
18.8044,10
18.8045,0
18.8099,14
18.81,13
18.8102,6
18.8102,0
18.8157,3
18.8158,0
18.8159,4
18.816,2
18.816,0
18.8214,8
18.8372,5
18.8372,1
18.8431,0
18.8544,15
18.8545,14
18.8655,9
18.8658,6
18.8873,0
18.8928,13
18.8928,11
18.8928,7
18.8931,4
18.8931,0
18.9094,6
18.9101,5
18.9156,3
18.9215,1
18.9271,0
18.9325,3
18.9326,0
18.9434,11
18.9438,10
18.9665,3
18.9829,2
18.9887,0
18.9941,4
18.9942,0
19.0051,12
19.0107,5
19.0107,3
19.0108,0
19.0162,8
19.0163,4
19.0165,0
19.0219,4
19.0219,3
19.0274,0
19.0328,15
19.0329,9
19.0453,4
19.0454,0
19.0508,2
19.0508,0
19.0562,10
19.0757,5
19.0757,0
19.0811,5
19.0812,4
19.0868,0
19.0979,13
19.1089,9
19.1199,6
19.1255,5
19.1256,4
19.1313,1
19.1368,0
19.1422,3
19.1425,1
19.1425,0
19.1479,2
19.148,0
19.1591,7
19.1592,6
19.1594,0
19.1648,8
19.1649,3
19.1704,1
19.1704,0
19.1758,11
19.1814,8
19.1868,6
19.2044,5
19.2044,0
19.2099,4
19.2214,3
19.2214,0
19.2268,3
19.2326,1
19.2326,0
19.238,4
19.2381,0
19.2435,4
19.2439,0
19.2493,10
19.2493,8
19.2496,0
19.255,6
19.2551,4
19.2605,0
19.266,5
19.266,0
19.2715,1
19.2715,0
19.2771,5
19.2772,0
19.2826,9
19.2827,3
19.2881,0
19.2936,12
19.2939,10
19.2939,7
19.3053,5
19.3053,2
19.3055,0
19.311,2
19.3111,0
19.3112,11
19.3113,10
19.3115,9
19.3115,0
19.3171,7
19.3172,0
19.3226,7
19.3227,4
19.3282,0
19.3336,12
19.3337,5
19.3338,0
19.3392,9
19.3393,0
19.3447,5
19.3448,0
19.3502,2
19.3503,0
19.3557,8
19.356,3
19.3562,0
19.3616,14
19.3617,7
19.3618,0
19.3672,8
19.3673,0
19.3727,6
19.3728,0
19.3782,7
19.3783,0
19.3892,2
19.3893,0
19.3947,7
19.3948,1
19.3948,0
19.395,9
19.3951,0
19.3953,13
19.3953,11
19.3957,0
19.3959,8
19.3959,7
19.396,0
19.3962,14
19.3963,3
19.3963,0
19.3965,8
19.3966,0
19.3968,10
19.3969,4
19.3969,2
19.3971,0
19.3973,13
19.3974,6
19.4028,5
19.4029,0
19.4084,4
19.4085,0
19.4139,12
19.414,8
19.4195,5
19.4195,3
19.4195,0
19.4249,3
19.425,0
19.4304,11
19.4305,5
19.436,0
19.4414,4
19.4415,1
19.4472,0
19.4526,3
19.4527,0
19.4581,11
19.4582,5
19.4582,2
19.4637,0
19.4691,6
19.4692,0
19.48,10
19.4802,0
19.4856,5
19.4856,2
19.4911,0
19.502,4
19.5023,2
19.5023,0
19.5078,12
19.5132,11
19.5187,5
19.5187,4
19.5188,1
19.5189,0
19.519,8
19.5191,7
19.5246,5
19.5246,0
19.5247,7
19.5248,0
19.5303,15
19.5303,12
19.5358,5
19.5359,0
19.5413,4
19.5468,0
19.5526,4
19.5527,0
19.5582,11
19.5583,0
19.5587,9
19.5587,8
19.5589,6
19.5644,5
19.5644,0
19.5645,9
19.5647,0
19.5701,1
19.5701,0
19.5755,3
19.5756,0
19.581,15
19.5811,7
19.5866,5
19.5866,0
19.592,4
19.5921,2
19.5976,0
19.603,14
19.6033,8
19.6088,5
19.6088,4
19.6089,0
19.6143,10
19.6144,3
19.6198,0
19.6307,1
19.6307,0
19.6362,9
19.6362,3
19.6417,0
19.6471,3
19.6472,0
19.6526,4
19.653,0
19.6584,4
19.6585,0
19.6587,7
19.6587,6
19.6589,4
19.6644,0
19.6699,11
19.6701,9
19.6755,6
19.681,5
19.681,1
19.6865,0
19.6866,13
19.6867,4
19.6922,3
19.6922,1
19.6977,0
19.7031,15
19.7034,14
19.7034,11
19.7089,5
19.709,0
19.7144,6
19.7145,2
19.7199,0
19.7253,1
19.7254,0
19.7308,11
19.7309,6
19.7309,2
19.7364,0
19.7418,5
19.7419,0
19.7527,11
19.7586,7
19.7641,5
19.7643,2
19.7697,1
19.7698,0
19.7752,6
19.8035,5
19.8035,0
19.8147,14
19.8147,13
19.8202,8
19.8202,5
19.8203,0
19.8366,14
19.978,10
20.1223,6
20.1225,0
20.128,7
20.1966,5
20.1966,0
20.202,2
20.213,0
20.2469,12
20.2526,5
20.2526,2
20.2695,0
20.275,6
20.3082,5
20.3082,3
20.3257,1
20.326,0
20.3261,6
20.3318,0
20.3372,14
20.3377,8
20.3431,7
20.3432,4
20.3432,1
20.3486,0
20.354,4
20.3541,0
20.3595,14
20.3712,13
20.3712,10
20.3769,5
20.377,2
20.3824,1
20.3883,0
20.3938,2
20.3938,0
20.3992,5
20.3993,0
20.4047,6
20.4048,4
20.405,0
20.4104,6
20.4105,4
20.4159,0
20.4271,7
20.4272,0
20.4326,13
20.4327,9
20.4382,5
20.4382,0
20.4436,7
20.4437,6
20.4439,0
20.4548,7
20.4548,4
20.4774,0
20.4828,3
20.4946,0
20.5,3
20.5001,1
20.5003,0
20.5112,11
20.5112,9
20.5116,4
20.5116,1
20.5174,0
20.5349,5
20.535,0
20.5404,2
20.5406,0
20.5516,11
20.5517,7
20.5519,6
20.5575,2
20.5577,0
20.5631,3
20.5632,0
20.6305,3
20.6365,0
20.7341,15
20.7342,13
20.7342,10
20.7513,7
20.7858,2
20.7862,0
20.7916,8
20.8031,6
20.8031,5
20.8032,2
20.8034,0
20.8088,5
20.8143,4
20.8365,2
20.8368,1
20.8368,0
20.8422,12
20.8906,11
20.8908,4
20.8908,3
20.9013,0
20.9067,7
20.9069,4
20.9128,3
20.9238,0
20.9292,7
20.9293,0
21.0128,11
21.0129,5
21.0186,0
21.024,1
21.0297,0
21.0409,5
21.1434,4
21.1434,2
21.1689,0
21.1743,3
21.1744,1
21.1804,0
21.1858,5
21.1859,0
21.2083,7
21.2083,3
21.2085,0
21.2139,8
21.2142,4
21.2199,0
21.2253,15
21.2254,5
21.2256,0
21.253,12
21.2532,9
21.2535,8
21.2647,6
21.2648,4
21.2649,2
21.2755,0
21.2809,13
21.281,5
21.2813,0
21.2867,8
21.2868,3
21.2869,0
21.2923,4
21.2927,0
21.3039,9
21.304,1
21.304,0
21.3095,3
21.3095,2
21.315,0
21.3204,9
21.3261,3
21.3261,2
21.3261,0
21.3317,9
21.3318,5
21.338,3
21.3435,0
21.3492,1
21.3492,0
21.3546,10
21.3547,8
21.3548,0
21.3602,14
21.3606,5
21.3607,0
21.3661,15
21.3662,14
21.3771,12
21.3772,5
21.3772,0
21.3826,1
21.3827,0
21.3935,11
21.3936,6
21.3937,5
21.3938,4
21.3997,0
21.4051,6
21.4113,5
21.4113,1
21.4113,0
21.4115,4
21.4115,0
21.4169,11
21.4429,7
21.4544,6
21.4546,3
21.4548,0
21.4603,5
21.4717,4
21.4891,0
21.4893,12
21.4894,4
21.5124,3
21.5178,0
21.5232,7
21.5349,0
21.5351,6
21.5352,0
21.5406,6
21.5406,2
21.5408,1
21.5408,0
21.5521,8
21.5522,3
21.5579,0
21.5633,10
21.5634,9
21.569,5
21.5745,2
21.5745,0
21.5746,15
21.5747,7
21.5805,0
21.586,6
21.586,3
21.6245,1
21.6247,0
21.6248,8
21.6302,5
21.6302,1
21.6304,0
21.6359,10
21.636,7
21.636,1
21.636,0
21.6362,11
21.6416,5
21.6416,4
21.6416,0
21.6471,14
21.6474,10
21.6583,5
21.6584,0
21.6585,9
21.6642,5
21.6642,4
21.6644,0
21.6699,14
21.6754,9
21.6754,5
21.6809,0
21.6811,3
21.6864,1
21.6866,0
21.6921,5
21.6922,4
21.6922,0
21.6923,13
21.6977,8
21.698,0
21.7034,12
21.709,5
21.709,1
21.7145,0
21.7146,4
21.72,0
21.7255,3
21.7365,0
21.7366,9
21.7807,5
21.7807,3
21.8031,0
21.8181,6
21.8239,5
21.8241,0
21.8243,1
21.8243,0
21.8297,8
21.8299,6
21.8412,4
21.8412,1
21.8467,0
21.8521,12
21.8527,10
21.8554,4
21.8636,0
21.869,13
21.8696,8
21.8805,6
21.8806,1
21.8922,0
21.8923,5
21.8924,0
21.8978,13
21.898,0
21.9091,2
21.9092,0
21.9146,12
21.9146,8
21.9147,4
21.9201,2
21.9204,1
21.9204,0
21.9259,14
21.926,4
21.9261,0
21.9262,9
21.9263,0
21.9317,3
21.9318,0
21.9372,9
21.9373,0
21.9428,12
21.9428,7
21.9483,5
21.9484,0
21.9538,7
21.9539,4
21.9539,2
21.9597,0
21.9598,1
21.9598,0
21.9653,2
21.9653,0
21.9708,14
21.9708,13
21.9763,8
21.9763,5
21.9764,0
21.9766,9
21.9767,0
21.9768,6
21.9769,0
21.9771,13
21.9772,1
21.9773,0
21.9774,2
21.9775,0
21.9777,13
21.9778,0
21.978,7
21.9781,0
21.9782,9
21.9784,0
21.9785,7
21.9786,0
21.9788,5
21.9789,0
21.9791,2
21.9791,0
21.9793,4
21.9794,0
21.9795,6
21.9796,0
21.9798,5
21.9799,0
21.9802,6
21.9803,0
21.9805,8
21.9806,0
21.9808,6
21.9809,0
21.981,11
21.9812,1
21.9812,0
21.9813,6
21.9814,0
21.9816,2
21.9817,0
21.9818,3
21.9819,0
21.9873,3
21.9873,1
21.9874,0
21.9928,3
21.9928,0
21.9982,10
21.9986,2
22.0041,0
22.0095,2
22.0096,0
22.0204,12
22.0208,5
22.0208,0
22.0263,5
22.0263,0
22.0318,12
22.0319,9
22.0374,5
22.0374,0
22.0375,4
22.0376,0
22.043,10
22.0431,5
22.0486,0
22.0541,11
22.0598,10
22.0652,5
22.0653,1
22.0653,0
22.0654,1
22.0655,0
22.0709,10
22.071,0
22.0764,1
22.0765,0
22.0819,12
22.0823,5
22.0823,0
22.0877,8
22.0878,7
22.0933,5
22.0933,0
22.0987,15
22.0988,14
22.1042,13
22.1045,0
22.11,11
22.1102,9
22.1157,5
22.1157,1
22.1215,0
22.1216,14
22.1217,12
22.1271,7
22.1272,5
22.1272,3
22.1327,0
22.1381,14
22.1384,8
22.1439,5
22.144,0
22.1495,8
22.1496,6
22.1552,0
22.1606,5
22.1609,3
22.1664,0
22.1718,14
22.1719,11
22.1878,5
22.1878,0
22.1932,2
22.1933,0
22.2046,3
22.2155,0
22.2159,3
22.216,0
22.2214,4
22.2214,2
22.2322,0
22.2376,6
22.238,0
22.2434,8
22.2435,0
22.2601,15
22.2601,11
22.2659,9
22.2714,8
22.2878,6
22.2878,4
22.2988,0
22.3042,2
22.3043,0
22.3098,2
22.3151,0
22.3153,1
22.3156,0
22.3264,9
22.3268,2
22.3323,0
22.3377,12
22.3378,8
22.3379,0
22.3433,7
22.3436,5
22.349,2
22.3599,0
22.3653,8
22.3656,7
22.3711,5
22.3832,3
22.3941,2
22.3985,0
22.4039,3
22.404,0
22.4094,9
22.4095,0
22.4149,14
22.4151,0
22.4205,13
22.4206,10
22.4207,0
22.4261,1
22.4261,0
22.4315,12
22.4316,9
22.4317,0
22.4371,4
22.4372,0
22.4426,11
22.4426,10
22.4427,0
22.4481,8
22.4482,1
22.4483,0
22.4591,13
22.4593,0
22.4647,1
22.4647,0
22.4701,14
22.4705,12
22.4706,0
22.476,14
22.4761,8
22.4762,0
22.4816,6
22.4817,0
22.4871,8
22.4875,0
22.4929,3
22.493,0
22.4932,12
22.4933,2
22.4933,0
22.4987,10
22.4988,0
22.5043,7
22.5044,0
22.5046,5
22.5047,0
22.5048,1
22.5049,0
22.505,13
22.5051,4
22.5053,0
22.5107,9
22.5108,0
22.5162,13
22.5164,0
22.5218,14
22.5221,11
22.5276,5
22.5277,1
22.5277,0
22.5331,2
22.5332,0
22.5386,5
22.5387,1
22.5387,0
22.5389,3
22.5389,0
22.5391,4
22.5392,0
22.5446,1
22.5446,0
22.55,11
22.5501,8
22.5502,1
22.5503,0
22.5557,5
22.5557,3
22.5612,0
22.5666,9
22.5667,0
22.5721,6
22.5725,3
22.5779,2
22.578,0
22.5834,2
22.5834,0
22.5888,3
22.5889,0
22.5944,1
22.5944,0
22.5946,12
22.5947,0
22.5949,6
22.595,5
22.595,0
22.5952,15
22.5953,2
22.5954,0
22.5955,4
22.5956,0
22.5958,14
22.5959,3
22.5959,0
22.5961,6
22.5962,0
22.5964,6
22.5964,0
22.5966,14
22.5968,0
22.5969,8
22.597,5
22.5971,0
22.5972,2
22.5973,0
22.5974,4
22.5975,0
22.5977,7
22.5978,3
22.5978,0
22.598,13
22.5981,0
22.5983,3
22.5984,0
22.5985,5
22.5986,0
22.5988,2
22.5988,0
22.599,1
22.599,0
22.5992,13
22.5993,12
22.5994,0
22.5995,2
22.5996,0
22.5998,13
22.5998,11
22.5999,0
22.6001,11
22.6002,3
22.6002,0
22.6004,13
22.6005,0
22.6007,14
22.6009,0
22.601,4
22.6011,0
22.6013,5
22.6014,0
22.6015,11
22.6017,0
22.6071,14
22.6072,2
22.6073,0
22.613,1
22.6131,0
22.6132,2
22.6133,0
22.6187,2
22.6187,0
22.6241,10
22.6245,7
22.6245,4
22.63,0
22.6355,1
22.6356,0
22.6358,8
22.6359,0
22.6361,6
22.6362,0
22.6363,10
22.6365,0
22.6366,13
22.6368,0
22.6369,12
22.637,9
22.6371,0
22.6373,3
22.6373,0
22.6375,12
22.6376,7
22.6376,0
22.6378,10
22.6379,0
22.6381,13
22.6383,0
22.6384,11
22.6385,6
22.6386,0
22.6387,10
22.6389,0
22.639,8
22.6391,0
22.6393,3
22.6394,0
22.6395,5
22.6396,0
22.6398,13
22.64,0
22.6401,4
22.6402,0
22.6404,3
22.6404,0
22.6406,9
22.6407,0
22.6409,13
22.6409,11
22.641,0
22.6412,1
22.6413,0
22.6414,13
22.6415,9
22.6416,0
22.6417,11
22.6419,0
22.6473,8
22.6474,0
22.6476,9
22.6477,7
22.6477,0
22.648,6
22.648,3
22.6481,0
22.6535,10
22.6536,2
22.6537,0
22.6538,3
22.6539,0
22.654,1
22.6541,0
22.6595,11
22.6596,2
22.6596,0
22.6652,13
22.6652,9
22.6653,0
22.6707,5
22.6708,0
22.6762,4
22.6766,0
22.682,7
22.6821,4
22.6821,0
22.6875,13
22.6876,10
22.6878,0
22.6987,4
22.6988,0
22.7042,1
22.7042,0
22.7096,15
22.7104,12
22.7105,3
22.7105,0
22.7214,5
22.7214,0
22.7268,13
22.7269,10
22.727,2
22.7271,1
22.7271,0
22.7325,8
22.7326,5
22.7329,0
22.7384,9
22.7386,4
22.7389,0
22.7391,14
22.7391,11
22.7446,5
22.7447,2
22.7501,0
22.761,12
22.7613,10
22.7615,5
22.767,4
22.7725,0
22.7836,13
22.7837,10
22.7895,0
22.7949,10
22.795,7
22.8004,5
22.8005,0
22.8059,4
22.8059,3
22.8114,0
22.8168,6
22.8169,0
22.8223,4
22.8227,2
22.8281,0
22.8336,14
22.8391,9
22.8446,7
22.85,5
22.8501,0
22.8555,10
22.8556,7
22.861,5
22.8611,1
22.8665,0
22.8719,15
22.872,13
22.8777,10
22.8832,5
22.8832,3
22.8887,0
22.8941,12
22.8945,5
22.9,3
22.9,1
22.9055,0
22.9109,3
22.9109,0
22.9163,2
22.9164,0
22.9382,6
22.9382,0
22.9437,7
22.9437,5
22.9438,0
22.9492,9
22.9493,0
22.9547,8
22.9548,0
22.9604,6
22.9605,0
22.9659,12
22.966,11
22.966,9
22.9715,5
22.9715,0
22.9769,3
22.9891,0
22.9946,4
22.9949,0
23.0005,7
23.0005,5
23.0006,2
23.0008,0
23.0062,12
23.0062,8
23.0117,5
23.0117,1
23.0118,0
23.0172,4
23.0172,0
23.1118,15
23.1119,14
23.1173,13
23.1228,12
23.1283,5
23.1283,1
23.1341,0
23.1395,5
23.1395,0
23.1504,3
23.1505,0
23.1559,1
23.1559,0
23.1613,4
23.1614,0
23.1668,8
23.1669,7
23.1723,5
23.1778,0
23.1832,3
23.1836,2
23.1953,0
23.2007,12
23.2008,6
23.2063,5
23.2063,1
23.2063,0
23.2117,1
23.2118,0
23.2172,8
23.2172,7
23.2227,5
23.2227,0
23.2336,7
23.2337,0
23.2391,11
23.2395,9
23.2449,5
23.2449,4
23.2504,0
23.2558,7
23.2559,1
23.2614,0
23.2722,15
23.2726,11
23.2836,5
23.2837,0
23.2891,2
23.2895,0
23.2896,15
23.2897,13
23.2897,7
23.2901,6
23.2901,5
23.2903,0
23.2957,15
23.2958,14
23.3127,8
23.3239,7
23.3294,5
23.3348,0
23.3403,14
23.3406,13
23.3461,9
23.3573,8
23.3574,5
23.3574,2
23.3628,0
23.3683,7
23.3685,6
23.3739,5
23.374,0
23.3741,8
23.3742,6
23.3742,0
23.3796,12
23.3797,4
23.3799,0
23.3853,12
23.3912,2
23.3912,0
23.3913,6
23.3914,0
23.3969,8
23.397,5
23.397,0
23.3971,7
23.3972,0
23.4027,4
23.4027,0
23.4081,10
23.4083,0
23.4137,14
23.4138,8
23.4139,0
23.4193,8
23.4193,2
23.4197,0
23.4251,11
23.4252,3
23.4252,0
23.4306,11
23.4307,9
23.4362,5
23.4362,0
23.4416,7
23.4417,0
23.4471,8
23.4472,1
23.4472,0
23.4526,10
23.4528,0
23.4582,8
23.4583,5
23.4583,0
23.464,1
23.464,0
23.4694,4
23.4695,2
23.4695,0
23.4749,6
23.475,0
23.4804,14
23.4805,8
23.4806,0
23.486,1
23.486,0
23.4914,7
23.4918,0
23.4972,5
23.4973,0
23.5027,1
23.5028,0
23.5082,5
23.5083,0
23.5137,8
23.5138,4
23.5138,0
23.5192,13
23.5194,0
23.5248,7
23.5249,0
23.5303,8
23.5304,0
23.5358,7
23.5359,0
23.5413,15
23.5414,9
23.5415,1
23.5416,0
23.547,6
23.5471,0
23.5525,15
23.5526,6
23.5527,0
23.5581,5
23.5582,0
23.5636,15
23.5637,12
23.5638,0
23.5692,4
23.5693,0
23.5747,15
23.5758,11
23.5762,0
23.5816,12
23.5816,10
23.5931,1
23.6044,0
23.6098,15
23.6108,14
23.611,12
23.611,5
23.622,2
23.622,0
23.6274,4
23.6275,3
23.6329,1
23.6384,0
23.6438,5
23.6439,3
23.6439,0
23.6493,2
23.6494,0
23.6548,5
23.655,4
23.6663,3
23.6718,0
23.6772,7
23.6773,4
23.6835,2
23.6835,0
23.6889,3
23.689,1
23.6945,0
23.6999,4
23.7229,1
23.7229,0
23.7283,8
23.7346,6
23.7349,2
23.7405,0
23.7514,3
23.7572,2
23.7578,0
23.7632,8
23.7633,1
23.7687,0
23.7741,13
23.7747,12
23.7802,11
23.7857,5
23.7912,0
23.7967,15
23.7967,11
23.7969,9
23.797,4
23.8027,3
23.8082,0
23.8084,3
23.8084,0
23.8193,3
23.8193,2
23.8248,1
23.8248,0
23.8304,3
23.8304,0
23.8358,4
23.8359,0
23.8468,1
23.8468,0
23.8522,7
23.8526,1
23.8581,0
23.8635,13
23.8638,3
23.8638,2
23.864,0
23.8642,8
23.8643,0
23.8754,9
23.8755,3
23.8813,0
23.8867,15
23.8868,9
23.8869,5
23.8871,1
23.8925,0
23.898,8
23.9038,2
23.9093,0
23.9094,8
23.9095,0
23.9151,9
23.9152,0
23.9206,5
23.9207,2
23.9317,0
23.9371,14
23.9372,8
23.9601,5
23.9601,3
23.9601,0
23.9938,6
23.9939,4
23.9994,1
24.0338,0
24.0392,3
24.0393,0
24.045,14
24.0451,9
24.0451,7
24.0453,4
24.0567,0
24.0684,2
24.0685,0
24.0743,4
24.0744,3
24.0798,2
24.0912,0
24.1134,14
24.1135,7
24.119,5
24.119,1
24.1245,0
24.1354,3
24.1358,0
24.1412,14
24.1413,0
24.1467,15
24.1468,12
24.1468,11
24.147,10
24.1693,9
24.1748,8
24.2606,7
24.2669,5
24.2835,0
24.2889,2
24.289,0
24.2944,1
24.2945,0
24.2999,2
24.2999,0
24.3055,10
24.3055,9
24.3114,8
24.3116,5
24.317,4
24.334,2
24.3395,1
24.3395,0
24.3449,9
24.3504,0
24.3613,1
24.3614,0
24.3668,4
24.3671,0
24.3725,10
24.3726,8
24.395,0
24.4058,3
24.4059,0
24.4113,6
24.4118,3
24.4119,1
24.4232,0
24.4395,3
24.4451,2
24.4451,0
24.4505,14
24.4506,8
24.4561,5
24.4561,2
24.4564,0
24.4673,4
24.4673,1
24.4674,0
24.4728,7
24.4731,2
24.4786,0
24.4841,1
24.4843,0
24.4844,15
24.4845,13
24.49,10
24.4901,0
24.4955,15
24.4957,0
24.5011,3
24.5015,1
24.5126,0
24.518,10
24.5185,0
24.5239,3
24.5239,0
24.5293,9
24.5294,8
24.5294,5
24.5349,0
24.5403,8
24.5404,1
24.5404,0
24.5513,5
24.5514,4
24.5569,0
24.5623,6
24.5624,0
24.5679,12
24.5679,11
24.568,0
24.5734,13
24.5735,7
24.5736,0
24.579,9
24.5791,0
24.5845,5
24.5846,0
24.59,12
24.5903,11
24.5961,8
24.6015,7
24.6016,5
24.6016,0
24.6071,11
24.6071,7
24.6072,0
24.6074,3
24.6074,0
24.6183,9
24.6187,0
24.6241,8
24.6242,6
24.6242,0
24.6296,14
24.6298,2
24.6298,0
24.6406,1
24.6407,0
24.6461,13
24.6462,11
24.6516,9
24.6571,5
24.6571,0
24.6625,9
24.6627,1
24.6627,0
24.6681,12
24.6682,0
24.6736,14
24.6737,9
24.6741,4
24.6741,0
24.6796,4
24.6796,0
24.6798,9
24.6798,6
24.6799,0
24.6853,4
24.6854,0
24.6963,1
24.6963,0
24.7017,15
24.7019,0
24.7073,5
24.7074,0
24.7128,10
24.7129,0
24.7183,15
24.7185,0
24.7239,11
24.7243,1
24.7243,0
24.7298,2
24.7298,0
24.7352,3
24.7353,0
24.7407,6
24.7408,2
24.7408,0
24.7462,13
24.7464,0
24.7518,15
24.752,0
24.7574,4
24.7574,3
24.7629,0
24.7683,4
24.7684,0
24.7738,14
24.7742,0
24.7796,5
24.7797,0
24.7851,6
24.7852,0
24.7906,15
24.7907,14
24.7908,0
24.7962,8
24.7963,5
24.7963,0
24.8018,6
24.8019,0
24.8021,8
24.8022,0
24.8023,12
24.8025,4
24.8025,0
24.8026,15
24.8028,0
24.8082,1
24.8083,0
24.8191,11
24.8193,0
24.8247,1
24.8251,0
24.8252,6
24.8253,4
24.8253,0
24.8307,9
24.8308,0
24.8362,8
24.8363,7
24.8364,0
24.8418,8
24.8419,0
24.8473,6
24.8474,0
24.8528,12
24.8529,2
24.8529,0
24.8584,2
24.8584,0
24.8638,12
24.8639,2
24.864,0
24.8694,1
24.8694,0
24.8748,6
24.8749,0
24.8803,6
24.8807,5
24.8862,0
24.897,10
24.8972,0
24.9026,4
24.9026,2
24.9027,0
24.9081,15
24.9082,2
24.9083,0
24.9138,6
24.9139,0
24.9193,4
24.9193,0
24.9247,11
24.9249,0
24.9303,8
24.9307,2
24.9307,0
24.9361,11
24.9362,0
24.9416,1
24.9417,0
24.9471,11
24.9473,0
24.9527,3
24.9527,0
24.9581,8
24.9583,0
24.9637,13
24.9638,7
24.9638,0
24.9692,15
24.9694,5
24.9694,0
24.9749,5
24.975,0
24.9751,6
24.9752,4
24.9752,0
24.9807,14
24.9809,6
24.981,0
24.9811,13
24.9813,0
24.9867,7
24.9868,0
24.9922,3
24.9983,0
25.0037,8
25.015,5
25.0153,0
25.0207,1
25.0548,0
25.0602,4
25.0641,1
25.0643,0
25.0697,11
25.1189,10
25.1806,8
25.2536,7
25.2539,4
25.2648,2
25.276,1
25.3433,0
25.3606,14
25.3668,11
25.3895,9
25.4064,3
25.4181,0
25.4292,13
25.4641,12
25.4641,11
25.4699,10
25.4754,8
25.4868,1
25.4934,0
25.6007,11
25.6201,9
25.6201,7
25.6903,5
25.702,2
25.768,0
25.7734,7
25.7735,5
25.7953,4
25.7955,3
25.8362,1
25.8693,0
25.8747,12
25.8748,11
25.8803,7
25.9504,3
25.9506,2
25.9674,0
25.9728,14
25.9788,11
25.9789,6
25.9906,0
25.996,4
25.9961,0
26.0015,6
26.002,5
26.0075,0
26.013,7
26.0189,5
26.0189,0
26.0243,1
26.0244,0
26.03,9
26.0301,7
26.0356,3
26.0357,0
26.0411,14
26.0412,5
26.0414,2
26.0528,1
26.0582,0
26.0636,10
26.0637,8
26.0984,5
26.0984,3
26.1149,1
26.1318,0
26.1372,13
26.1373,10
26.1375,9
26.1545,5
26.1601,0
26.1658,3
26.1659,1
26.1713,0
26.1767,14
26.1824,3
26.1824,0
26.1878,5
26.1879,3
26.1881,0
26.1935,5
26.1938,0
26.194,9
26.194,6
26.1943,0
26.1997,8
26.1997,7
26.1998,0
26.2052,13
26.2053,7
26.2056,5
26.2111,4
26.2165,0
26.222,7
26.2334,5
26.2392,2
26.2449,0
26.2451,7
26.2451,4
26.2508,1
26.262,0
26.2674,14
26.2676,0
26.273,5
26.2733,0
26.2735,7
26.2735,6
26.2843,5
26.2843,0
26.2898,11
26.2899,0
26.2901,7
26.2902,0
26.3011,3
26.3012,0
26.3013,6
26.3014,0
26.3068,11
26.3069,0
26.3123,9
26.3124,3
26.3125,0
26.3179,12
26.318,5
26.3181,0
26.3182,6
26.3183,0
26.3237,12
26.3238,5
26.3239,3
26.3293,0
26.3348,6
26.3348,0
26.3403,14
26.3404,0
26.3458,10
26.3459,7
26.3459,1
26.3461,0
26.3515,2
26.3522,0
26.3576,11
26.3577,6
26.3577,4
26.3579,3
26.3658,0
26.3712,9
26.3714,8
26.3769,5
26.3769,4
26.377,0
26.3771,4
26.3772,0
26.3774,5
26.3775,0
26.3776,4
26.3777,3
26.3777,0
26.3779,11
26.378,0
26.3782,7
26.3782,5
26.3783,0
26.3784,14
26.3786,0
26.3788,13
26.3789,0
26.3793,9
26.3793,8
26.3794,0
26.3796,5
26.3797,0
26.3798,12
26.3799,9
26.38,0
26.3804,15
26.3807,6
26.3807,0
26.3809,11
26.381,5
26.3865,2
26.3865,0
26.3866,12
26.3867,4
26.3922,0
26.3976,11
26.3977,5
26.4032,0
26.4087,1
26.4088,0
26.4144,15
26.4148,0
26.4205,12
26.4206,8
26.4262,4
26.4319,1
26.4374,0
26.4375,2
26.4376,0
26.443,12
26.4431,10
26.4432,9
26.454,7
26.4595,0
26.465,10
26.4654,8
26.4657,0
26.4658,5
26.4704,0
26.4759,9
26.476,0
26.4814,2
26.4868,0
26.4869,3
26.487,2
26.4872,0
26.4926,6
26.4927,0
26.5036,6
26.5038,4
26.5095,0
26.5096,3
26.5097,0
26.5151,12
26.5155,9
26.5157,3
26.5212,0
26.5267,9
26.5268,5
26.527,3
26.527,0
26.5272,14
26.5273,8
26.5328,0
26.5382,4
26.5437,0
26.5439,15
26.5439,14
26.5442,8
26.5496,6
26.5497,2
26.5499,0
26.5553,15
26.5554,7
26.5609,6
26.5609,0
26.5664,7
26.5667,5
26.5669,0
26.5673,1
26.5673,0
26.5677,5
26.5677,1
26.5678,0
26.5679,7
26.568,3
26.5682,0
26.5684,14
26.5685,4
26.5685,2
26.5687,0
26.5689,6
26.569,0
26.5691,6
26.5694,0
26.5697,3
26.5698,1
26.5698,0
26.57,13
26.57,11
26.5703,2
26.5705,0
26.5706,14
26.5707,8
26.5708,4
26.571,0
26.5712,9
26.5712,5
26.5715,0
26.5716,9
26.5719,7
26.5719,3
26.5721,0
26.5723,11
26.5724,2
26.5781,0
26.5783,15
26.5784,8
26.5838,6
26.5839,0
26.5893,3
26.5894,0
26.5948,12
26.5948,9
26.5949,0
26.6004,3
26.6005,2
26.6005,0
26.6006,5
26.6007,0
26.6063,9
26.6064,0
26.6174,12
26.6176,9
26.6231,8
26.6288,5
26.7032,3
26.7375,2
26.7654,1
26.8275,0
26.8334,12
26.8335,1
26.839,0
26.8444,4
26.8668,1
26.8728,0
26.8729,8
26.873,7
26.873,4
26.8732,3
26.879,0
26.8844,14
26.8905,11
26.9195,9
26.9308,5
26.9758,3
26.9814,2
26.987,1
27.0214,0
27.0268,13
27.0269,10
27.0609,9
27.0835,7
27.0891,5
27.0891,4
27.1221,0
27.1392,14
27.1395,13
27.1563,12
27.162,9
27.1675,8
27.1898,5
27.2348,3
27.2405,1
27.2521,0
27.2575,14
27.2576,8
27.2579,7
27.2581,3
27.2635,2
27.269,0
27.2744,3
27.2745,0
27.2799,12
27.28,6
27.2967,3
27.3024,2
27.3024,0
27.3078,4
27.3079,1
27.308,0
27.3135,1
27.3138,0
27.3246,2
27.3247,1
27.3416,0
27.347,6
27.3473,4
27.3696,0
27.375,11
27.3751,6
27.3805,5
27.4194,1
27.4305,0
27.436,11
27.4363,8
27.4533,6
27.498,5
27.5157,3
27.5159,0
27.5213,2
27.5214,0
27.5268,6
27.5439,5
27.5496,1
27.5717,0
27.5887,9
27.589,8
27.6333,7
27.6442,3
27.65,2
27.6669,0
27.6723,4
27.6724,3
27.6778,2
27.689,0
27.6944,1
27.6948,0
27.7002,12
27.7003,4
27.7005,3
27.706,0
27.7114,15
27.7115,8
27.7169,6
27.7227,3
27.7227,2
27.7282,1
27.7284,0
27.7338,5
27.7339,0
27.7393,5
27.7394,2
27.7451,1
27.7505,0
27.7729,14
27.7734,12
27.7789,10
27.7901,7
27.7904,0
27.7905,15
27.7906,12
27.7964,8
27.7966,5
27.8021,0
27.8075,4
27.8076,3
27.8078,2
27.8134,0
27.8242,5
27.8243,2
27.8243,0
27.8297,9
27.8298,7
27.83,5
27.8355,0
27.8409,3
27.841,0
27.8464,12
27.8467,10
27.8469,8
27.8524,5
27.8524,2
27.8583,0
27.8639,2
27.8639,0
27.8693,14
27.8694,9
27.8749,5
27.8749,2
27.8862,0
27.8916,3
27.8916,1
27.8977,0
27.9086,11
27.9087,8
27.9147,6
27.9148,5
27.9202,0
27.9256,12
27.9257,4
27.926,0
27.9314,3
27.9314,1
27.937,0
27.9424,4
27.9425,0
27.9479,1
27.9482,0
27.9537,9
27.9537,8
27.9598,3
27.9598,1
28.0466,0
28.052,6
28.0524,3
28.0636,0
28.069,11
28.0691,6
28.0693,4
28.0694,0
28.0802,4
28.0803,3
28.0912,0
28.0966,3
28.0966,2
28.1024,0
28.1078,2
28.1078,1
28.1133,0
28.1241,2
28.1242,0
28.1296,15
28.1297,11
28.1297,8
28.141,5
28.141,0
28.1576,9
28.1577,6
28.1579,2
28.1579,0
28.1633,2
28.1637,1
28.1691,0
28.1745,11
28.1746,8
28.1748,6
28.1803,5
28.1803,0
28.1857,4
28.1858,3
28.1858,1
28.1912,0
28.1966,13
28.1967,11
28.2025,2
28.208,0
28.2134,3
28.2134,2
28.2134,0
28.2188,8
28.219,0
28.2244,12
28.2244,11
28.2255,5
28.2257,0
28.2422,4
28.2423,3
28.2477,0
28.2532,12
28.2589,10
28.2761,6
28.2933,5
28.2934,0
28.2935,1
28.2936,0
28.299,1
28.299,0
28.3044,6
28.3048,0
28.3102,7
28.3269,5
28.3269,4
28.3269,1
28.3271,0
28.3546,2
28.4453,0
28.4507,15
28.5083,9
28.5083,4
28.5195,3
28.5422,2
28.5646,1
28.5703,0
28.5926,9
28.6156,7
28.6213,4
28.6268,3
28.6322,0
28.6376,7
28.6431,4
28.6492,0
28.6546,7
28.6721,4
28.6764,1
28.6764,0
28.6818,7
28.6939,3
28.6993,1
28.7048,0
28.7102,2
28.7262,0
28.7426,7
28.7716,2
28.7826,1
28.7831,0
28.7885,1
28.8056,0
28.811,8
28.811,5
28.8112,2
28.8171,0
28.8338,2
28.8394,0
28.8448,8
28.8613,5
28.8613,3
28.8671,0
28.8951,13
28.9066,10
28.9291,9
28.9346,5
28.9346,4
28.9455,2
28.9567,0
28.9568,13
28.9621,12
28.9623,10
28.9678,6
28.968,0
28.9907,9
28.9907,8
28.9908,3
28.9965,0
29.002,6
29.002,1
29.0075,0
29.0129,7
29.013,6
29.013,5
29.0294,3
29.0296,2
29.0351,0
29.0462,7
29.0463,5
29.0463,2
29.0517,0
29.0736,6
29.0737,0
29.0794,5
29.0794,2
29.0852,0
29.0906,7
29.0907,6
29.0909,0
29.0963,15
29.0964,6
29.1074,0
29.1128,9
29.1138,7
29.114,3
29.114,1
29.1195,0
29.1249,4
29.1251,0
29.1362,15
29.1367,0
29.1421,6
29.153,5
29.153,2
29.1585,0
29.1639,5
29.1695,2
29.1749,0
29.1803,9
29.1808,4
29.1975,2
29.1977,0
29.2031,2
29.2034,0
29.2036,2
29.2092,0
29.2146,15
29.2204,12
29.2206,11
29.2816,9
29.287,7
29.2873,0
29.2927,12
29.342,5
29.3421,4
29.3694,1
29.3749,0
29.3803,14
29.4151,12
29.4153,4
29.4255,2
29.4255,0
29.4309,10
29.4431,9
29.4705,5
29.4705,3
29.4877,2
29.5504,0
29.5558,5
29.5559,4
29.5618,0
29.5963,5
29.5964,0
29.6018,9
29.6069,5
29.6069,0
29.6075,6
29.6082,0
29.6084,4
29.6084,1
29.6086,0
29.6088,3
29.6088,1
29.6088,0
29.609,5
29.6093,0
29.6094,3
29.6095,0
29.6097,5
29.6097,4
29.6099,0
29.6101,10
29.6101,9
29.6102,1
29.6104,0
29.6106,6
29.6106,3
29.6108,0
29.611,6
29.6111,3
29.6111,0
29.6115,7
29.6117,0
29.6121,7
29.6122,2
29.6126,0
29.6128,1
29.6128,0
29.6182,6
29.6241,5
29.6241,0
29.6243,5
29.6243,3
29.6298,2
29.6352,0
29.6407,10
29.6518,6
29.6519,5
29.6576,0
29.6578,12
29.6632,11
29.6633,5
29.6633,0
29.6635,14
29.6688,6
29.669,3
29.6801,1
29.6857,0
29.6859,15
29.6859,12
29.6917,8
29.7029,1
29.7084,0
29.7138,15
29.7146,14
29.7148,13
29.7148,10
29.7203,5
29.7204,0
29.7205,5
29.7206,3
29.726,2
29.726,0
29.7314,2
29.7315,0
29.7369,5
29.737,0
29.7425,12
29.7428,9
29.7483,5
29.7483,0
29.7485,4
29.7486,0
29.7488,5
29.7488,2
29.7488,0
29.749,5
29.7491,0
29.7493,9
29.7494,0
29.7495,4
29.7496,0
29.7498,6
29.7499,0
29.75,5
29.7501,0
29.7503,12
29.7504,0
29.7506,2
29.7507,0
29.7508,6
29.7509,0
29.7513,13
29.7514,3
29.7515,0
29.7516,10
29.7518,0
29.7519,14
29.752,10
29.7521,0
29.7523,15
29.7524,7
29.7524,0
29.7526,11
29.7527,0
29.7529,1
29.753,0
29.7531,15
29.7533,0
29.7535,1
29.7535,0
29.7537,5
29.7537,1
29.7592,0
29.7593,13
29.7594,10
29.7649,6
29.7649,5
29.7704,0
29.7759,3
29.7813,0
29.7815,1
29.7815,0
29.7869,8
29.7871,0
29.7925,11
29.7929,1
29.7983,0
29.8092,15
29.8094,0
29.8148,9
29.8149,0
29.8203,6
29.8204,0
29.8258,8
29.8259,0
29.8314,2
29.8315,0
29.8316,12
29.8318,0
29.8319,11
29.832,9
29.8321,0
29.8322,13
29.8324,4
29.8324,0
29.8326,3
29.8326,0
29.8328,13
29.8329,3
29.833,0
29.8331,8
29.8332,0
29.8334,2
29.8335,0
29.8336,1
29.8337,0
29.8338,13
29.834,0
29.8342,4
29.8342,1
29.8342,0
29.8344,14
29.8346,0
29.8347,11
29.8348,9
29.8349,0
29.835,6
29.8351,0
29.8353,13
29.8354,12
29.8355,0
29.8356,6
29.8357,0
29.8359,14
29.8361,0
29.8362,2
29.8363,0
29.8364,1
29.8365,0
29.8367,4
29.8367,0
29.8369,6
29.837,0
29.8371,5
29.8372,0
29.8426,13
29.843,6
29.8431,0
29.8485,1
29.8485,0
29.8539,5
29.854,0
29.8594,3
29.8595,0
29.8597,6
29.8597,3
29.8652,0
29.8706,14
29.8707,10
29.8707,5
29.8762,4
29.8817,0
29.8871,4
29.8871,1
29.8871,0
29.8925,14
29.8927,0
29.8981,12
29.8983,0
29.9037,3
29.904,0
29.9149,6
29.915,3
29.915,0
29.9204,5
29.9205,0
29.9259,3
29.926,0
29.9314,14
29.9315,4
29.937,0
29.9424,6
29.9424,5
29.9425,0
29.9479,15
29.9482,14
29.9483,10
29.9538,5
29.9538,0
29.9593,3
29.9595,0
29.9597,7
29.9598,0
29.9603,7
29.9604,1
29.9604,0
29.9659,7
29.966,0
29.9661,2
29.9662,0
29.9716,1
29.9716,0
29.9825,1
29.9826,0
29.988,7
29.9881,1
29.9881,0
29.9935,11
29.9936,0
29.999,6
29.9991,4
29.9991,0
30.0045,4
30.0046,0
30.01,6
30.0101,0
30.0155,11
30.0157,0
30.0211,5
30.0211,2
30.0212,0
30.0377,7
30.0379,0
30.0433,4
30.0433,0
30.0487,6
30.0491,0
30.0545,6
30.0546,4
30.0546,0
30.0658,10
30.0659,0
30.0768,2
30.0768,0
30.077,1
30.077,0
30.0824,5
30.0825,0
30.0934,9
30.1364,2
30.1418,0
30.1473,12
30.1477,8
30.1477,0
30.1479,9
30.148,0
30.1534,10
30.159,5
30.159,1
30.1645,0
30.1699,10
30.17,0
30.1809,13
30.1809,8
30.1864,5
30.1924,2
30.1982,0
30.2036,8
30.204,4
30.2094,3
30.2149,0
30.2203,8
30.2204,6
30.2204,0
30.2258,5
30.2259,3
30.2316,0
30.2371,9
30.2372,0
30.2426,14
30.248,13
30.2481,5
30.2481,4
30.2483,3
30.2596,0
30.2597,5
30.2598,1
30.2655,0
30.2764,4
30.2765,1
30.2819,0
30.2874,4
30.2877,0
30.2878,14
30.2878,13
30.2879,6
30.2934,5
30.299,4
30.2991,3
30.3102,1
30.3159,0
30.3268,3
30.3268,0
30.3322,6
30.3323,3
30.3378,2
30.3432,1
30.3487,0
30.3541,1
30.3544,0
30.3598,6
30.3599,3
30.3604,1
30.3604,0
30.3658,6
30.3716,5
30.3718,3
30.3718,0
30.3773,14
30.3775,13
30.3776,12
30.3834,11
30.4058,9
30.4113,8
30.4341,4
30.4343,3
30.4398,1
30.4398,0
30.4399,8
30.4676,6
30.4677,5
30.4677,1
30.4679,0
30.4733,4
30.4845,3
30.4899,1
30.5008,0
30.5011,12
30.5013,11
30.5125,9
30.5296,6
30.5354,5
30.5409,1
30.541,0
30.5465,14
30.5466,13
30.5467,11
30.5631,9
30.5686,5
30.5686,4
30.5688,2
30.5688,0
30.5742,8
30.5744,6
30.5853,5
30.5908,0
30.5962,2
30.5963,1
30.6021,0
30.613,2
30.6135,0
30.6191,14
30.6192,5
30.6304,4
30.6366,0
30.6474,2
30.6475,0
30.6529,3
30.653,2
30.653,0
30.6584,6
30.6588,4
30.6865,3
30.6867,1
30.6977,0
30.7031,9
30.7035,4
30.7035,2
30.709,0
30.7257,3
30.7257,0
30.7311,2
30.7313,0
30.7367,12
30.7371,11
30.7463,10
30.7601,6
30.7604,4
30.781,0
30.7864,10
30.788,9
30.788,6
30.8049,5
30.8049,3
30.8257,0
30.8311,14
30.8338,10
30.8341,8
30.8396,6
30.8396,0
30.8451,8
30.8457,4
30.8458,1
30.8823,0
30.8825,1
30.8825,0
30.8879,9
30.8904,7
30.8905,0
30.8959,13
30.8962,12
30.8963,5
30.932,0
30.9374,3
30.9407,0
30.9461,8
30.9465,6
30.9465,0
30.952,12
30.9577,10
30.9577,6
30.9632,5
30.9632,0
30.9634,9
30.9634,8
30.9635,7
30.9636,0
30.964,3
30.964,0
30.9642,9
30.9642,8
30.9643,0
30.9645,14
30.9646,3
30.9647,0
30.9648,1
30.9649,0
30.965,11
30.9652,0
30.9653,12
30.9655,0
30.9656,14
30.9657,9
30.9658,0
30.966,15
30.9661,5
30.9662,0
30.9663,15
30.9799,6
30.9801,4
30.991,2
30.9912,0
30.9913,14
30.9914,13
31.0118,8
31.0173,5
31.0173,1
31.0173,0
31.0227,8
31.0229,0
31.0283,10
31.0284,5
31.0284,0
31.0338,14
31.034,2
31.034,0
31.0394,3
31.0395,0
31.0449,9
31.045,0
31.0504,13
31.0506,0
31.056,4
31.056,3
31.056,0
31.0615,8
31.0616,0
31.067,3
31.067,0
31.0725,10
31.0728,3
31.0729,0
31.0783,1
31.0783,0
31.0837,7
31.0838,0
31.0892,12
31.0894,0
31.0948,2
31.0949,0
31.1003,14
31.1007,4
31.1007,2
31.1008,0
31.1062,7
31.1063,6
31.1065,4
31.1122,3
31.1176,2
31.1191,0
31.1339,9
31.134,0
31.1394,15
31.1401,12
31.151,9
31.151,0
31.1565,3
31.1565,1
31.1567,0
31.1698,10
31.1699,2
31.1701,0
31.1756,12
31.176,10
31.1816,7
31.1816,6
31.182,0
31.2157,15
31.2158,12
31.2159,6
31.216,5
31.227,0
31.2324,5
31.2324,4
31.2381,3
31.2496,0
31.255,9
31.2554,8
31.2663,7
31.272,1
31.2996,0
31.3104,3
31.3105,2
31.3334,0
31.3446,12
31.3555,11
31.3664,8
31.3831,5
31.3899,0
31.3954,10
31.3959,7
31.4014,0
31.4069,14
31.407,1
31.407,0
31.4072,8
31.4073,0
31.4127,6
31.4128,0
31.4182,4
31.4183,1
31.4185,0
31.4239,2
31.4239,1
31.4295,0
31.4349,14
31.435,12
31.4408,9
31.4463,0
31.4518,12
31.4521,10
31.4576,6
31.4576,0
31.4631,5
31.4684,0
31.4685,7
31.4797,0
31.4851,2
31.4912,0
31.4966,8
31.4967,6
31.497,0
31.5024,1
31.5025,0
31.5079,5
31.508,0
31.5134,7
31.5135,0
31.5189,1
31.519,0
31.5244,12
31.5412,11
31.5467,6
31.5467,0
31.5522,9
31.5577,7
31.5577,5
31.5577,0
31.5739,5
31.574,4
31.574,0
31.5794,8
31.5795,3
31.5873,0
31.5927,3
31.5927,0
31.5981,9
31.5985,2
31.5987,0
31.6041,4
31.6094,3
31.6196,0
31.6197,9
31.6251,4
31.6253,1
31.6253,0
31.6307,7
31.6363,5
31.6363,2
31.6365,1
31.6419,0
31.6475,10
31.6533,0
31.6587,3
31.659,2
31.659,0
31.6591,5
31.6592,0
31.6647,6
31.6654,4
31.6708,0
31.6712,3
31.6713,1
31.6713,0
31.6767,15
31.6821,11
31.6822,8
31.6879,7
31.6881,2
31.6881,0
31.6883,2
31.6883,0
31.6937,6
31.7043,5
31.7044,2
31.7044,0
31.7045,3
31.7046,0
31.71,8
31.7152,7
31.7154,6
31.7154,4
31.7156,0
31.7158,9
31.7159,0
31.7213,10
31.7373,6
31.7373,5
31.7373,4
31.7484,0
31.7491,9
31.7492,2
31.7493,0
31.7547,10
31.7604,5
31.7604,0
31.7659,3
31.7766,0
31.782,11
31.7821,8
31.793,1
31.7987,0
31.8041,1
31.8042,0
31.8096,1
31.8096,0
31.8098,8
31.8161,4
31.8165,0
31.8219,9
31.8272,5
31.8273,0
31.8274,6
31.8275,0
31.8329,7
31.8387,6
31.8389,5
31.8605,0
31.8661,4
31.8668,0
31.8673,3
31.8673,0
31.8728,10
31.8772,7
31.8829,0
31.8999,14
31.9003,13
31.9064,0
31.9065,3
31.9066,1
31.9066,0
31.9121,15
31.9121,12
31.9176,9
31.9177,6
31.9177,0
31.9179,4
31.9179,0
31.9233,8
31.9285,5
31.9285,1
31.934,0
31.9341,6
31.9342,0
31.9396,15
31.9397,11
31.9398,0
31.9452,9
31.9453,7
31.9455,1
31.9455,0
31.9509,1
31.951,0
31.9564,8
31.9567,7
31.9568,0
31.9622,15
31.9676,13
31.9734,6
31.984,0
31.9841,10
31.9842,8
31.9844,7
31.9844,5
31.9901,2
31.9959,0
32.0013,3
32.0014,0
32.0068,3
32.0068,0
32.0122,6
32.0181,5
32.0181,0
32.0238,2
32.0239,0
32.0348,3
32.0403,0
32.0404,10
32.0405,8
32.0462,7
32.0463,0
32.0517,5
32.0518,2
32.0575,0
32.0629,1
32.063,0
32.0684,8
32.0685,2
32.0685,0
32.0796,4
32.0797,0
32.0851,5
32.0852,2
32.0854,0
32.0962,9
32.0966,6
32.1049,5
32.105,0
32.1104,2
32.1104,0
32.1159,5
32.1159,0
32.1213,9
32.1217,5
32.1219,2
32.1219,0
32.1274,8
32.1275,0
32.1277,7
32.1277,6
32.1278,0
32.1332,14
32.1333,8
32.1419,0
32.1474,2
32.1476,0
32.1477,4
32.1478,3
32.1535,1
32.1537,0
32.1591,8
32.1592,0
32.1701,8
32.1704,7
32.1706,6
32.176,0
32.1869,13
32.187,11
32.1871,0
32.1925,4
32.1925,0
32.2037,4
32.2038,0
32.2092,2
32.2092,0
32.2146,2
32.2147,0
32.2256,12
32.2262,9
32.2262,7
32.2317,6
32.2317,0
32.2372,13
32.2374,10
32.2375,3
32.2377,0
32.2378,4
32.2379,0
32.2488,15
32.2491,13
32.2494,0
32.2548,8
32.2548,7
32.2661,5
32.2661,3
32.2716,0
32.277,1
32.2773,0
32.2828,1
32.2883,0
32.2884,13
32.294,6
32.2942,3
32.2999,2
32.3054,0
32.3108,9
32.3109,8
32.3109,4
32.3111,3
32.3168,1
32.3278,0
32.3332,9
32.3332,5
32.3391,4
32.3446,0
32.3501,12
32.3679,10
32.3737,6
32.459,4
32.4925,1
32.5097,0
32.5324,4
32.5325,2
32.5327,0
32.5558,3
32.5562,1
33.1551,0
33.1605,15
33.1606,10
33.1608,9
33.2105,5
33.2105,3
33.2108,2
33.2163,0
33.2217,13
33.222,12
33.2994,8
33.4786,7
33.512,5
33.512,4
33.5231,0
33.5285,2
33.5343,0
33.5397,2
33.5455,0
33.5509,3
33.5683,0
33.5791,15
33.5795,11
33.5852,6
33.5965,1
33.5967,0
33.6081,12
33.6081,11
33.6208,9
33.632,5
33.6375,3
33.6432,0
33.6486,10
33.6487,6
33.6487,3
33.649,1
33.7016,0
33.7124,2
33.7125,0
33.7179,6
33.718,5
33.8,0
33.8054,3
33.8055,0
33.8916,9
33.8916,8
33.892,2
33.9308,0
33.942,5
33.9421,0
33.9529,10
33.953,9
33.9589,7
33.9593,6
33.9647,5
33.9647,4
33.9702,2
33.9756,0
33.981,6
33.9811,4
33.9866,1
34.0032,0
34.0086,11
34.0087,9
34.0087,8
34.0089,7
34.0143,6
34.0198,5
34.0198,4
34.0253,1
34.0307,0
34.0416,1
34.0422,0
34.0423,6
34.0424,0
34.0478,6
34.0479,4
34.0533,3
34.0591,0
34.0645,9
34.0646,3
34.0646,2
34.07,0
34.0702,9
34.0703,6
34.0757,5
34.0758,0
34.0812,2
34.0836,1
34.0836,0
34.0838,8
34.0838,7
34.0895,0
34.095,2
34.0953,0
34.0954,1
34.0955,0
34.1009,4
34.101,0
34.112,3
34.112,0
34.1175,6
34.1175,4
34.123,0
34.1285,13
34.1286,9
34.1286,8
34.1341,7
34.1453,3
34.1453,1
34.1917,0
34.1918,1
34.1919,0
34.1975,7
34.1978,3
34.1979,0
34.2033,7
34.2033,6
34.209,2
34.2091,0
34.2199,7
34.22,0
34.2311,9
34.2312,0
34.2368,1
34.2368,0
34.2423,11
34.2484,7
34.2539,6
34.2539,3
34.2539,0
34.2541,7
34.2541,6
34.3149,5
34.3149,2
34.3204,0
34.3258,14
34.3259,8
34.3259,4
34.3314,0
34.3368,11
34.34,7
34.3402,3
34.3456,2
34.3515,0
34.3516,9
34.3517,8
34.3572,2
34.3627,1
34.3627,0
34.3682,6
34.3684,2
34.3686,0
34.3687,12
34.3689,7
34.3691,2
34.3798,0
34.38,2
34.38,0
34.3856,11
34.3856,10
34.3911,5
34.3912,0
34.402,6
34.4077,0
34.4131,3
34.4131,0
34.4186,8
34.4188,7
34.419,4
34.4244,1
34.4299,0
34.43,5
34.4301,0
34.4355,10
34.4356,9
34.4356,3
34.4411,0
34.4466,10
34.4467,7
34.4468,0
34.4469,13
34.447,12
34.453,10
34.4531,0
34.4585,15
34.4585,11
34.464,7
34.464,6
34.4694,5
34.4695,0
34.4749,10
34.475,2
34.4752,1
34.4752,0
34.4807,7
34.4808,0
34.4809,8
34.481,7
34.481,1
34.4812,0
34.4814,10
34.4815,2
34.4916,0
34.4918,3
34.4919,0
34.492,15
34.4924,1
34.503,0
34.5031,4
34.5086,0
34.514,5
34.5141,4
34.5144,0
34.5198,11
34.5199,8
34.5201,6
34.5201,5
34.5255,4
34.5312,0
34.5368,12
34.5369,7
34.537,0
34.5425,15
34.5427,10
34.5482,6
34.5537,1
34.554,0
34.5541,8
34.5542,5
34.5597,0
34.5651,13
34.5655,10
34.571,8
34.5764,5
34.5765,0
34.5819,13
34.582,7
34.5874,5
34.5929,0
34.5983,3
34.5984,0
34.6093,14
34.6148,12
34.6149,6
34.6204,5
34.6204,0
34.6258,13
34.6259,9
34.6314,6
34.6368,5
34.6369,0
34.6423,12
34.6424,7
34.6478,5
34.6479,0
34.6533,10
34.6588,5
34.6589,0
34.6643,13
34.6703,0
34.6704,4
34.6757,0
34.6759,4
34.6812,3
34.6814,0
34.6869,9
34.6871,6
34.6925,5
34.6926,3
34.6926,0
34.6927,15
34.6981,12
34.6984,7
34.6984,3
34.7039,0
34.7093,14
34.7094,13
34.7095,0
34.7096,7
34.7097,2
34.7099,0
34.7154,2
34.7155,0
34.7157,8
34.721,5
34.7264,4
34.7322,0
34.7324,8
34.7377,5
34.7378,0
34.7434,9
34.7489,8
34.7544,5
34.7544,2
34.7544,0
34.7546,13
34.7658,3
34.7713,2
34.7715,0
34.7769,5
34.777,0
34.7772,2
34.7825,0
34.788,8
34.7884,5
34.7884,2
34.7939,0
34.794,11
34.7941,10
34.7995,8
34.805,5
34.805,2
34.8105,0
34.8159,4
34.8185,0
34.8186,3
34.819,0
34.8244,13
34.8299,10
34.8301,9
34.8301,6
34.8303,2
34.8411,0
34.8412,1
34.8413,0
34.8467,3
34.8467,1
34.8522,0
34.863,4
34.8634,3
34.8688,0
34.869,11
34.8809,7
34.8864,5
34.8866,2
34.8921,0
34.8975,6
34.903,5
34.9086,4
34.9147,0
34.9148,11
34.9149,9
34.9258,6
34.9261,5
34.9263,4
34.9265,0
34.932,8
34.9321,7
34.9596,0
34.9598,2
34.9658,1
34.9713,0
34.9714,10
34.9715,4
34.9773,0
34.992,11
34.992,7
34.9976,2
34.9976,0
35.0031,3
35.0032,0
35.0033,11
35.0034,6
35.0198,5
35.0198,4
35.0269,0
35.0323,15
35.0333,5
35.0333,0
35.0335,5
35.0336,0
35.0337,13
35.0338,6
35.0339,0
35.0341,13
35.0342,1
35.0342,0
35.0348,15
35.035,2
35.035,0
35.0352,8
35.0353,0
35.0354,7
35.0355,0
35.0357,10
35.0358,0
35.036,11
35.0361,5
35.0361,0
35.0365,14
35.0367,2
35.0367,0
35.0368,7
35.0369,0
35.0371,11
35.0372,4
35.0373,0
35.0374,3
35.0375,0
35.0379,11
35.038,4
35.038,0
35.0382,5
35.0382,0
35.0384,6
35.0385,0
35.0387,6
35.0388,0
35.0389,8
35.0506,0
35.0508,8
35.0509,1
35.0509,0
35.0563,13
35.0583,5
35.0692,0
35.0694,2
35.0695,0
35.0749,9
35.0811,0
35.0812,14
35.092,7
35.0975,5
35.0975,4
35.103,0
35.1308,1
35.1309,0
35.131,1
35.1311,0
35.1365,14
35.1366,5
35.1367,2
35.1369,0
35.137,11
35.1371,9
35.1425,6
35.148,0
35.1535,15
35.1535,9
35.159,5
35.1591,0
35.1699,15
35.1703,12
35.1705,9
35.1706,0
35.176,4
35.1818,0
35.182,4
35.182,0
35.1879,4
35.188,0
35.1934,12
35.1935,10
35.1935,7
35.1937,6
35.1991,5
35.1992,0
35.2046,2
35.2101,0
35.2102,14
35.2103,12
35.2103,7
35.2106,0
35.216,9
35.2163,4
35.2163,0
35.2165,14
35.2221,10
35.2221,0
35.2223,13
35.2224,4
35.2225,0
35.2226,10
35.2228,0
35.2229,6
35.223,4
35.223,0
35.2232,1
35.2232,0
35.2234,5
35.2235,0
35.2237,12
35.2237,8
35.2238,0
35.224,2
35.224,0
35.2242,9
35.2243,2
35.2243,0
35.2245,14
35.2247,0
35.2248,6
35.2249,0
35.2251,14
35.2252,1
35.2253,0
35.2254,1
35.2255,0
35.2256,5
35.2257,0
35.2259,9
35.226,2
35.226,0
35.2262,9
35.2263,0
35.2265,15
35.2265,10
35.2266,0
35.2268,3
35.2269,0
35.227,13
35.2271,9
35.2272,0
35.2274,3
35.2274,0
35.2276,10
35.2277,3
35.2277,0
35.2332,8
35.2391,7
35.2391,5
35.2391,4
35.2446,2
35.25,0
35.2502,9
35.2555,0
35.2611,5
35.2612,0
35.2666,14
35.2724,4
35.2779,0
35.2781,1
35.2781,0
35.2783,14
35.2785,0
35.2786,3
35.2787,1
35.2787,0
35.2791,13
35.2792,0
35.2794,15
35.2796,0
35.2797,1
35.2798,0
35.28,6
35.2801,0
35.2802,3
35.2803,0
35.2807,5
35.2807,0
35.2811,15
35.2813,0
35.2815,5
35.2815,0
35.2817,15
35.2819,2
35.2819,0
35.282,8
35.2822,0
35.2823,13
35.2824,6
35.2825,0
35.2827,1
35.2827,0
35.2829,3
35.2829,0
35.2831,4
35.2832,0
35.2833,8
35.2837,5
35.2891,0
35.2893,14
35.2949,5
35.2949,0
35.2951,6
35.2951,4
35.2952,0
35.2953,1
35.2954,0
35.2956,12
35.2957,0
35.2959,13
35.296,0
35.2962,14
35.2963,11
35.2963,10
35.2965,3
35.3058,0
35.306,6
35.3061,3
35.3116,0
35.317,15
35.3171,5
35.3228,2
35.3282,1
35.3282,0
35.3448,5
35.3449,0
35.3504,5
35.3505,2
35.3561,0
35.3562,4
35.3563,0
35.3617,13
35.3619,0
35.3673,7
35.3675,5
35.3677,0
35.3678,3
35.3679,0
35.3733,3
35.3737,2
35.3791,0
35.3845,8
35.3849,5
35.3958,1
35.396,0
35.4014,2
35.4069,0
35.4071,9
35.4071,8
35.4127,0
35.4129,9
35.413,2
35.4184,0
35.4186,12
35.4187,6
35.4244,0
35.4299,11
35.4353,6
35.4357,0
35.4358,11
35.4359,8
35.4361,5
35.4361,2
35.4415,1
35.447,0
35.4525,5
35.4525,4
35.4525,0
35.4527,13
35.4529,0
35.4636,1
35.4637,0
35.4693,5
35.5208,4
35.6712,3
36.288,1
36.2994,0
36.3048,13
36.3222,9
36.3385,5
36.3387,1
36.3891,0
36.4182,12
36.4182,11
36.4183,0
36.4347,6
36.4402,4
36.4625,2
36.4681,1
36.4681,0
36.4736,6
36.7124,2
36.884,0
36.9048,13
36.9049,8
36.9052,5
36.9061,2
36.9174,0
36.9228,1
36.9294,0
36.9348,2
36.9519,0
36.9573,7
36.9684,6
36.9738,5
36.9739,0
36.9793,1
37.0069,0
37.0071,7
37.0179,6
37.018,5
37.2309,1
37.2363,0
37.2861,10
37.5252,7
37.5309,6
37.5365,4
37.5476,1
37.5644,0
37.5699,1
37.5914,0
37.5968,5
37.7029,0
37.7084,14
37.7477,12
37.748,5
37.7644,3
37.7699,2
37.7754,0
37.7755,14
37.7756,12
37.8365,9
37.842,0
37.8474,14
37.8535,12
37.8591,9
37.8873,5
37.8874,0
38.0315,6
38.0316,2
38.0316,0
38.037,2
38.1235,0
38.1349,14
38.1353,4
38.1353,0
38.1407,9
38.1462,0
38.1516,14
38.1517,6
38.1518,0
38.1572,11
38.1574,0
38.1628,11
38.1629,0
38.1683,3
38.1688,2
38.169,0
38.1744,9
38.1748,1
38.1805,0
38.1859,7
38.1865,0
38.1919,9
38.1919,7
38.192,4
38.1922,0
38.203,7
38.2031,1
38.2034,0
38.2088,6
38.2089,0
38.2143,8
38.2144,4
38.2144,0
38.2198,1
38.2203,0
38.2258,13
38.2261,11
38.2262,2
38.2264,0
38.2266,6
38.2267,0
38.2321,1
38.2321,0
38.2375,4
38.2379,0
38.2433,6
38.2435,0
38.2491,8
38.2492,0
38.2546,10
38.2547,7
38.2601,6
38.2601,5
38.2602,2
38.2604,0
38.2658,3
38.2658,2
38.2713,0
38.2767,8
38.2771,1
38.2825,0
38.288,10
38.288,9
38.2881,1
38.2883,0
38.2937,4
38.294,0
38.2994,8
38.2996,0
38.305,4
38.305,3
38.305,0
38.3104,2
38.3105,0
38.3159,12
38.316,3
38.3161,0
38.3215,15
38.3216,1
38.3217,0
38.3325,6
38.3326,0
38.338,10
38.3381,6
38.3381,0
38.3436,5
38.3439,0
38.3493,11
38.3495,0
38.3549,7
38.355,0
38.3604,11
38.3605,3
38.3608,2
38.361,0
38.3664,9
38.3665,4
38.3665,0
38.372,3
38.3721,0
38.3722,12
38.3723,8
38.3724,0
38.3778,4
38.3778,0
38.3833,11
38.3833,9
38.3834,0
38.3889,12
38.389,8
38.3891,0
38.3893,7
38.3894,0
38.3895,8
38.3896,0
38.3898,9
38.3899,7
38.3899,0
38.3901,12
38.3902,1
38.3902,0
38.3904,15
38.3906,0
38.3907,14
38.3908,13
38.3909,0
38.3911,12
38.3912,7
38.3912,0
38.3914,15
38.3915,3
38.3916,0
38.3917,14
38.3919,0
38.3921,2
38.3921,0
38.3923,8
38.3924,0
38.3926,13
38.3927,7
38.3927,0
38.3929,13
38.393,2
38.3931,0
38.3932,8
38.3933,0
38.3935,2
38.3936,0
38.3939,8
38.394,0
38.3942,9
38.4,7
38.4,6
38.4057,5
38.4111,0
38.4113,7
38.4113,6
38.4168,5
38.417,3
38.4224,0
38.4279,13
38.4279,12
38.4282,10
38.4282,9
38.4282,7
38.4337,6
38.4337,0
38.4391,6
38.4392,3
38.4392,0
38.4504,15
38.4504,14
38.4505,9
38.4507,4
38.4561,3
38.4616,0
38.467,15
38.4671,5
38.4674,0
38.4728,4
38.4728,2
38.4783,0
38.4837,8
38.4838,0
38.484,13
38.484,10
38.4895,9
38.4895,7
38.4952,6
38.4954,5
38.5009,3
38.5009,1
38.5011,0
38.5065,8
38.5066,2
38.5069,1
38.5123,0
38.5177,11
38.5179,0
38.5233,13
38.5234,8
38.5288,7
38.5343,5
38.5343,1
38.5344,0
38.5398,14
38.5399,5
38.54,0
38.5401,10
38.5403,0
38.5458,1
38.5517,0
38.5571,11
38.5573,0
38.5681,9
38.5683,0
38.5737,7
38.5738,0
38.5792,8
38.5793,3
38.5795,0
38.5849,12
38.585,4
38.585,0
38.5959,6
38.5962,5
38.5962,4
38.5964,0
38.6073,11
38.6077,6
38.6079,4
38.6134,0
38.6135,9
38.6193,2
38.6248,0
38.6249,1
38.6249,0
38.6304,1
38.6304,0
38.6412,1
38.6413,0
38.6467,5
38.6481,3
38.6536,2
38.659,0
38.6912,5
38.6913,1
38.6967,0
38.7079,6
38.7079,3
38.7081,0
38.7303,11
38.7364,6
38.742,5
38.7586,4
38.7753,2
38.7865,0
38.7919,7
38.7922,1
38.7976,0
38.7978,5
38.7979,0
38.8033,12
38.8036,11
38.8038,9
38.8093,3
38.8148,2
38.8202,0
38.8204,2
38.8204,0
38.8259,10
38.8263,9
38.8486,7
38.8766,6
38.882,5
38.8821,0
38.8875,9
38.8875,8
38.9722,6
38.9723,4
39.1949,3
39.2061,0
39.2115,15
39.2182,14
39.2352,13
39.2352,12
39.2408,5
39.2408,2
39.2408,0
39.2463,5
39.2463,4
39.252,3
39.2575,1
39.2636,0
39.269,2
39.2748,1
39.3026,0
39.308,6
39.3318,0
39.3372,9
39.3379,4
39.3609,2
39.3611,0
39.367,14
39.3724,12
39.3782,9
39.3895,6
39.3896,0
39.3952,10
39.4066,9
39.4572,7
39.4572,0
39.4626,8
39.4627,1
39.4628,0
39.4682,2
39.474,0
39.4794,9
39.4795,8
39.4795,6
39.4796,0
39.485,4
39.4857,0
39.4861,4
39.4862,0
39.4971,10
39.4972,0
39.5027,14
39.5028,0
39.5085,12
39.5086,0
39.5088,10
39.5088,7
39.5089,0
39.5143,11
39.5144,1
39.5145,0
39.5146,11
39.5147,0
39.5202,4
39.5202,0
39.5259,8
39.526,0
39.5261,13
39.5262,8
39.5263,0
39.5318,14
39.5318,11
39.5319,0
39.5321,14
39.5322,6
39.5323,0
39.5324,13
39.5326,1
39.5326,0
39.5328,10
39.5329,0
39.533,13
39.5331,7
39.5332,0
39.5336,8
39.5337,0
39.5339,3
39.5339,0
39.5341,12
39.5342,0
39.5346,12
39.5348,0
39.5349,9
39.535,4
39.5351,0
39.5352,3
39.5353,0
39.5354,2
39.5355,0
39.5357,12
39.5358,7
39.5358,0
39.536,9
39.5361,0
39.5363,2
39.5363,0
39.5365,4
39.5366,0
39.5367,13
39.5369,3
39.5369,0
39.5371,3
39.5371,0
39.5373,13
39.5374,0
39.5429,2
39.543,0
39.5431,7
39.5432,0
39.5434,15
39.5436,0
39.5437,6
39.5438,5
39.5438,0
39.544,11
39.5441,0
39.5443,6
39.5444,5
39.5444,0
39.5446,13
39.5447,0
39.5449,12
39.545,0
39.5452,10
39.5453,5
39.5453,0
39.5455,6
39.5456,0
39.5458,1
39.5458,0
39.546,6
39.5462,0
39.5463,9
39.5464,4
39.5464,0
39.5468,4
39.5469,0
39.5471,1
39.5471,0
39.5473,11
39.5473,8
39.5474,0
39.5476,12
39.5477,2
39.5477,0
39.5479,3
39.548,0
39.5481,15
39.5482,8
39.5486,0
39.5487,11
39.5488,4
39.5489,0
39.5543,13
39.5544,6
39.5545,0
39.5547,6
39.5548,0
39.5549,3
39.555,0
39.5552,8
39.5553,0
39.5554,8
39.5556,0
39.5557,6
39.5558,0
39.556,13
39.5561,1
39.5561,0
39.5563,11
39.5564,0
39.5566,11
39.5567,7
39.5568,0
39.5569,8
39.5571,3
39.5571,0
39.5573,1
39.5573,0
39.5575,10
39.5576,0
39.5578,7
39.5579,0
39.558,5
39.5581,0
39.5583,11
39.5584,6
39.5584,0
39.5586,8
39.5587,0
39.5589,14
39.5589,12
39.559,0
39.5592,11
39.5593,4
39.5593,0
39.5595,1
39.5596,0
39.5597,9
39.5598,1
39.5601,0
39.5603,2
39.5603,0
39.5658,12
39.5711,6
39.5766,0
39.5768,2
39.5768,0
39.5822,14
39.5823,13
39.5824,0
39.5826,5
39.5827,0
39.5828,15
39.583,0
39.5832,3
39.5832,1
39.5832,0
39.5834,4
39.5835,0
39.5836,15
39.5838,4
39.5838,0
39.584,7
39.5841,0
39.5843,6
39.5843,0
39.5845,3
39.5846,0
39.5848,12
39.5849,0
39.5851,1
39.5851,0
39.5853,13
39.5854,0
39.5856,6
39.5857,5
39.5857,0
39.5859,7
39.586,0
39.5861,9
39.5862,4
39.5863,0
39.5866,3
39.5867,0
39.5869,13
39.587,6
39.587,0
39.5872,11
39.5873,0
39.5875,4
39.5876,0
39.5877,3
39.5933,0
39.5934,10
39.5935,2
39.5935,0
39.599,6
39.5991,0
39.5993,12
39.6048,7
39.6103,4
39.6104,0
39.6105,7
39.6106,0
39.6108,5
39.6109,0
39.6111,5
39.6111,0
39.6113,2
39.6114,0
39.6117,6
39.6118,1
39.6118,0
39.6122,3
39.6123,0
39.6126,13
39.6128,5
39.6128,0
39.613,2
39.613,0
39.6132,9
39.6133,0
39.6135,2
39.6135,0
39.6137,10
39.6138,0
39.614,15
39.6141,12
39.6142,0
39.6143,13
39.6144,7
39.6145,0
39.6147,10
39.6148,0
39.615,7
39.6151,0
39.6152,7
39.6153,0
39.6155,9
39.6156,7
39.6156,0
39.6158,15
39.6159,3
39.616,0
39.6161,9
39.6163,0
39.6164,2
39.6165,0
39.6166,12
39.6168,0
39.617,6
39.6171,0
39.6172,14
39.6174,0
39.6176,9
39.6176,6
39.6177,0
39.6178,13
39.618,1
39.618,0
39.6182,4
39.6182,0
39.6184,14
39.6186,2
39.6186,0
39.6187,11
39.6189,0
39.6193,11
39.6193,10
39.6194,0
39.6196,6
39.6197,0
39.6198,13
39.62,0
39.6201,15
39.6202,9
39.6203,0
39.6205,12
39.6206,3
39.6206,0
39.6208,4
39.6209,0
39.621,14
39.6212,4
39.6212,0
39.6214,7
39.6217,0
39.6218,1
39.6219,0
39.6273,5
39.6322,3
39.6377,0
39.6378,5
39.6431,2
39.6486,0
39.654,8
39.6541,6
39.6596,5
39.665,3
39.6705,1
39.6705,0
39.6707,8
39.671,6
39.6765,5
39.6765,0
39.682,8
39.6821,0
39.6822,6
39.6823,3
39.6823,0
39.6877,3
39.6878,0
39.6879,4
39.688,0
39.6934,1
39.6935,0
39.6936,10
39.6937,9
39.6991,6
39.6992,0
39.7046,11
39.7047,10
39.7101,8
39.7101,6
39.7102,1
39.7157,0
39.7158,13
39.7159,11
39.7213,7
39.7214,6
39.7214,0
39.7269,13
39.7269,11
39.7324,9
39.7379,6
39.7379,0
39.7381,11
39.7435,8
39.7437,1
39.7492,0
39.7546,14
39.7602,6
39.7656,4
39.7657,1
39.7711,0
39.7713,2
39.7824,0
39.7879,15
39.8213,10
40.055,9
40.072,8
40.0888,1
40.0888,0
40.0944,14
40.0945,10
40.1,8
40.1054,5
40.1054,4
40.1109,0
40.1164,9
40.1219,7
40.1222,0
40.1277,15
40.1278,13
40.1335,12
40.139,5
40.1391,1
40.1391,0
40.1445,10
40.1446,7
40.1555,5
40.1555,1
40.1555,0
40.1665,3
40.1665,2
40.172,0
40.183,6
40.1834,4
40.1834,0
40.1888,15
40.1889,11
40.1891,7
40.2059,5
40.2225,0
40.2279,13
40.228,11
40.2334,10
40.2392,7
40.2446,5
40.2447,2
40.2501,0
40.2555,4
40.2556,0
40.261,1
40.2611,0
40.2665,4
40.2725,0
40.2779,14
40.278,12
40.2781,11
40.2836,5
40.2837,3
40.2839,0
40.295,10
40.2951,1
40.3288,0
40.5679,8
40.5738,5
40.5739,0
40.5793,9
40.5848,8
40.5849,6
40.5903,5
40.5903,3
40.5961,0
40.6069,3
40.6128,1
40.6183,0
40.6237,11
40.6237,9
40.6237,8
40.6292,7
40.6294,6
40.6348,5
40.6348,3
40.6406,0
40.6518,8
40.6796,5
40.6796,0
40.6851,14
40.6851,13
40.6906,6
40.6906,5
40.7019,2
40.7412,1
40.7857,0
40.7911,8
40.7912,2
40.7912,0
40.7966,1
40.7967,0
40.8021,2
40.8024,1
40.8026,0
40.808,14
40.808,12
40.8138,11
40.8192,10
40.8247,5
40.8247,2
40.8302,0
40.8356,15
40.8358,0
40.8414,8
40.8417,4
40.8472,0
40.8526,5
40.8527,0
40.8581,13
40.8582,11
40.8751,6
40.8806,5
40.8806,4
40.8861,0
40.8915,6
40.8916,0
40.897,2
40.8971,0
40.9025,8
40.9028,3
40.9141,0
40.9195,8
40.9196,1
40.9196,0
40.925,4
40.9251,0
40.9305,5
40.9306,0
40.9469,15
40.947,6
40.9524,5
40.9525,0
40.9579,4
40.958,0
40.9634,3
40.9637,0
40.9691,12
40.9693,0
40.9747,5
40.9748,0
40.9802,10
40.9806,1
40.9808,0
40.9862,13
40.9863,6
40.9917,5
40.9918,0
40.9972,2
40.9973,0
41.0084,1
41.0084,0
41.0139,8
41.0139,7
41.0197,0
41.0251,15
41.0252,13
41.0307,12
41.0307,11
41.0362,5
41.0362,1
41.0362,0
41.0416,3
41.0417,0
41.0471,14
41.0472,4
41.0473,0
41.0527,15
41.0528,11
41.0584,0
41.0638,3
41.0639,0
41.0693,15
41.0695,3
41.0695,0
41.0749,11
41.0751,0
41.0805,1
41.0805,0
41.0859,4
41.0863,2
41.0865,0
41.0919,2
41.0919,0
41.0973,1
41.0974,0
41.1028,12
41.1029,4
41.1086,3
41.1199,2
41.12,0
41.1254,2
41.1255,0
41.1256,13
41.1257,6
41.1258,3
41.126,0
41.1314,8
41.1315,0
41.1369,10
41.1371,0
41.1425,1
41.148,0
41.1481,2
41.1535,0
41.1589,11
41.1596,5
41.1597,0
41.1598,12
41.1599,9
41.1603,0
41.1604,14
41.1605,12
41.1606,0
41.1608,8
41.1609,1
41.1609,0
41.161,8
41.1612,0
41.1615,5
41.1616,4
41.1671,0
41.1673,6
41.1673,3
41.1728,0
41.1783,10
41.1784,6
41.1839,5
41.1839,0
41.1955,3
41.196,0
41.1962,15
41.1963,10
41.2018,5
41.2018,3
41.2018,0
41.2199,14
41.22,7
41.2203,5
41.2203,4
41.2258,0
41.2259,11
41.2261,0
41.2315,6
41.2321,5
41.2321,3
41.2376,0
41.2377,7
41.243,5
41.2431,1
41.2433,0
41.2487,11
41.2544,9
41.2545,0
41.2546,10
41.2547,7
41.2547,6
41.2602,3
41.2657,0
41.2711,15
41.2715,7
41.2716,0
41.277,12
41.2821,6
41.2825,3
41.288,2
41.288,0
41.2881,2
41.2882,0
41.2936,14
41.2938,0
41.3045,1
41.3045,0
41.3099,4
41.3156,0
41.3157,12
41.3158,8
41.316,5
41.3161,0
41.3215,3
41.3217,0
41.3219,15
41.3275,14
41.3278,0
41.3332,8
41.3338,5
41.3339,0
41.334,5
41.3343,0
41.3344,13
41.3345,9
41.3345,8
41.3347,0
41.3349,13
41.335,0
41.3352,2
41.3352,0
41.3354,14
41.3356,0
41.3359,11
41.336,9
41.3361,0
41.3362,10
41.3364,0
41.3365,8
41.3367,0
41.3368,10
41.3369,2
41.337,0
41.3373,2
41.3374,0
41.3375,15
41.3377,5
41.3377,0
41.3379,3
41.338,0
41.3381,14
41.3382,5
41.3383,0
41.3385,5
41.3385,0
41.3387,10
41.3388,4
41.3388,0
41.339,9
41.3391,0
41.3393,7
41.3395,0
41.3397,4
41.3397,2
41.3398,0
41.3452,3
41.3505,0
41.3506,5
41.3507,0
41.3561,6
41.3562,0
41.3616,13
41.3618,0
41.3619,5
41.362,0
41.3674,11
41.3731,8
41.3786,7
41.384,5
41.384,4
41.3841,0
41.3842,4
41.3843,0
41.3897,4
41.3898,0
41.3952,3
41.4004,0
41.4008,15
41.4061,12
41.4062,0
41.4116,2
41.4359,0
41.4413,7
41.4414,3
41.4469,0
41.4523,12
41.4524,0
41.469,11
41.4691,10
41.4692,7
41.5156,2
41.5158,0
41.5212,8
41.5267,7
41.5269,4
41.5798,0
41.5852,4
41.5907,0
41.5961,5
41.5974,3
41.6124,0
41.6179,12
41.6184,8
41.6348,5
41.6348,3
41.635,0
41.6351,9
41.6464,8
41.6465,5
41.6465,4
41.6634,0
41.6688,10
41.6689,6
41.6689,4
41.6692,3
41.6694,2
41.6981,0
41.7036,2
41.704,1
41.704,0
41.7203,5
41.7207,0
41.7316,10
41.7319,6
41.7322,0
41.7545,3
41.7547,0
41.7601,15
41.7604,7
41.7659,6
41.7717,2
41.7718,1
41.794,0
41.7994,9
41.7995,8
41.7996,4
41.8291,3
41.8291,1
41.8345,0
41.8347,7
41.8348,6
41.8348,4
41.858,1
41.8635,0
41.8689,1
41.8747,0
41.8801,12
41.9021,10
41.9021,7
41.9076,5
41.9077,0
41.9131,15
41.963,11
41.9797,9
41.9797,6
41.9852,5
41.9907,0
41.9961,4
41.9962,0
42.0021,12
42.0024,6
42.0135,2
42.019,1
42.0245,0
42.0299,11
42.0359,1
42.036,0
42.0361,5
42.0362,2
42.0364,0
42.0475,13
42.0475,12
42.0475,11
42.053,7
42.0533,0
42.0587,15
42.0587,13
42.0589,0
42.0643,6
42.0644,1
42.0644,0
42.0698,7
42.0699,0
42.0753,7
42.0754,2
42.0754,0
42.081,8
42.0811,0
42.0866,13
42.0923,12
42.1032,10
42.1033,4
42.1088,0
42.1089,8
42.109,0
42.1144,8
42.1145,0
42.1199,2
42.12,0
42.1254,10
42.1255,9
42.1256,0
42.131,2
42.1313,0
42.1367,14
42.1369,0
42.1423,14
42.1424,7
42.1538,5
42.1538,0
42.1592,1
42.1593,0
42.1647,10
42.1647,9
42.1648,5
42.1758,0
42.1812,11
42.1814,2
42.1814,0
42.1868,15
42.1869,8
42.1924,5
42.1924,2
42.2034,0
42.2088,6
42.2089,0
42.2143,6
42.2144,0
42.2198,10
42.269,9
42.269,8
42.3209,5
42.3209,2
42.3377,0
42.3486,6
42.3764,0
42.3818,1
42.428,0
42.4389,11
42.445,1
42.4618,0
42.4672,6
42.4728,3
42.4783,0
42.4837,6
42.4888,0
42.4942,8
42.4997,7
42.5217,6
42.5217,5
42.5218,0
42.5272,8
42.5327,5
42.5327,1
42.5327,0
42.555,10
42.5666,9
42.5666,5
42.5666,0
42.572,10
42.6,7
42.6,5
42.6,4
42.7001,1
42.7166,0
42.722,13
42.7667,12
42.7888,5
42.7888,2
42.8053,0
42.8107,6
42.8777,2
42.9218,0
42.9272,12
42.9383,5
42.9383,4
42.9661,0
42.9715,13
43.0602,11
43.1155,9
43.1708,5
43.2481,0
43.2535,1
43.3769,0
43.3933,14
43.4044,11
43.4453,5
43.4453,4
43.4854,0
43.5073,8
43.5129,5
43.513,0
43.5184,1
43.5184,0
43.5239,14
43.5242,5
43.5243,1
43.5245,0
43.5246,1
43.5299,0
43.5355,5
43.5356,3
43.5357,0
43.5411,5
43.5415,0
43.5417,12
43.5418,1
43.5418,0
43.5473,9
43.5476,6
43.5476,5
43.5477,0
43.5586,2
43.5587,0
43.5588,11
43.5589,0
43.5646,1
43.5649,0
43.565,14
43.5652,13
43.5652,9
43.5707,6
43.5707,4
43.5765,0
43.5819,7
43.582,5
43.582,2
43.5822,0
43.5824,6
43.5877,0
43.5931,5
43.5932,3
43.5934,0
43.6043,2
43.6043,0
43.61,15
43.6104,9
43.6159,6
43.6159,0
43.6161,9
43.6162,0
43.6216,13
43.6218,0
43.6272,5
43.6273,0
43.6275,8
43.6276,1
43.6276,0
43.6278,10
43.6279,0
43.6281,9
43.6282,3
43.6282,0
43.6284,11
43.6285,0
43.6287,13
43.6287,11
43.6288,0
43.629,11
43.6291,3
43.6291,0
43.6293,2
43.6294,0
43.6295,13
43.6297,2
43.6297,0
43.6298,15
43.63,0
43.6302,3
43.6303,0
43.6304,6
43.6305,0
43.6307,13
43.6312,8
43.6315,0
43.6317,8
43.6317,5
43.6318,0
43.6319,8
43.632,0
43.6322,4
43.6323,1
43.6323,0
43.6325,8
43.6326,0
43.6329,7
43.633,2
43.633,0
43.6332,15
43.6333,14
43.6334,7
43.6334,6
43.6335,0
43.6336,6
43.6337,0
43.6391,13
43.6394,12
43.6449,5
43.645,0
43.6504,1
43.6504,0
43.6506,7
43.6507,0
43.6561,7
43.6562,0
43.6616,8
43.6617,0
43.6619,6
43.662,0
43.6674,15
43.6678,6
43.6678,0
43.668,11
43.6681,0
43.6735,7
43.6736,6
43.679,5
43.6791,0
43.6845,13
43.6846,5
43.6846,4
43.6901,0
43.6902,2
43.6903,0
43.6957,11
43.7007,8
43.7147,5
43.7147,4
43.7229,0
43.7283,3
43.7287,0
43.7341,12
43.7858,6
43.7862,0
43.7865,12
43.8942,11
43.8943,4
43.9165,0
43.9219,5
43.937,1
43.9373,0
43.9375,15
43.9429,12
43.9429,11
43.943,0
43.9484,15
43.9496,9
43.9545,6
43.9878,0
43.9882,11
43.9882,7
43.9992,5
43.9992,0
44.0047,9
44.0057,1
44.0057,0
44.0111,4
44.0213,0
44.0215,8
44.0215,3
44.0273,2
44.0334,1
44.0389,0
44.0443,8
44.0615,7
44.1012,5
44.1012,1
44.1068,0
44.1071,8
44.1073,3
44.1073,0
44.1127,9
44.1129,5
44.1184,0
44.1185,7
44.1187,1
44.1738,0
44.1793,12
44.2017,8
44.213,7
44.2185,5
44.2185,2
44.224,0
44.2242,2
44.2299,0
44.2355,2
44.2465,0
44.252,10
44.2689,8
44.3136,7
44.3137,0
44.3138,10
44.3139,4
44.3139,2
44.3142,0
44.3197,4
44.3252,3
44.3362,1
44.3476,0
44.3477,11
44.3705,5
44.393,3
44.4043,1
44.4098,0
44.4153,1
44.4435,0
44.4549,1
44.4607,0
44.4721,11
44.5006,9
44.517,8
44.5954,6
44.5954,2
44.5954,0
44.5956,5
44.5957,3
44.5962,0
44.5964,11
44.6369,7
44.6369,5
44.6369,4
44.6371,3
44.6703,0
44.6759,10
44.6817,3
44.6819,0
44.682,7
44.6821,0
44.6876,2
44.7161,0
44.7162,14
44.7432,13
45.1163,3
45.1163,0
45.1275,1
45.1276,0
45.1331,9
45.1775,5
45.1776,2
45.183,0
45.1832,8
45.2888,5
45.3784,0
45.3839,14
45.3895,10
45.4233,9
45.4235,4
45.429,0
45.4291,12
45.4401,5
45.4401,2
45.4621,1
45.4791,0
45.4845,3
45.5248,0
45.525,15
45.5435,14
45.5602,12
45.5605,0
45.5772,3
45.5775,1
45.583,0
45.5884,14
45.5884,12
45.5886,7
45.5941,5
45.5996,0
45.6221,10
45.6222,5
45.6223,1
45.628,0
45.6334,12
45.6335,10
45.6389,5
45.639,0
45.6498,1
45.6499,0
45.6607,3
45.6719,2
45.672,0
45.694,5
45.6941,0
45.6995,9
45.7054,8
45.7054,5
45.7055,0
45.7221,2
45.7221,0
45.7276,4
45.7279,0
45.7333,5
45.7334,0
45.7388,7
45.7556,5
45.7556,0
45.7611,5
45.7611,2
45.7721,0
45.783,11
45.7888,9
45.8335,8
45.839,7
45.8391,1
45.8447,0
45.8502,7
45.9023,5
45.9023,0
45.9025,8
45.9025,7
45.9027,4
45.9082,0
45.9136,6
45.9137,2
45.9194,0
45.9248,8
45.9249,6
45.9303,5
45.9303,4
45.9525,0
45.958,7
45.9693,6
45.9693,3
45.9697,0
45.9751,10
45.9751,6
45.9753,3
45.9863,0
45.9917,4
45.9917,3
45.9918,0
45.9972,4
45.9972,3
45.9974,1
45.9976,0
46.0031,4
46.0085,2
46.0197,0
46.0199,9
46.0199,8
46.0422,6
46.0476,5
46.0476,3
46.0641,2
46.0641,0
46.075,7
46.0754,1
46.0863,0
46.0917,6
46.0918,5
46.092,0
46.0974,5
46.0975,0
46.103,6
46.1084,5
46.1084,4
46.1197,0
46.1199,9
46.131,7
46.131,0
46.1538,3
46.1539,1
46.1703,0
46.1758,5
46.1762,2
46.1816,0
46.187,4
46.1932,0
46.1986,13
46.1999,4
46.2,0
46.2054,12
46.2055,0
46.2109,4
46.211,0
46.2164,11
46.2165,2
46.2167,0
46.2221,7
46.2222,1
46.2222,0
46.2276,8
46.228,2
46.228,0
46.2388,15
46.239,3
46.239,0
46.2444,10
46.2448,6
46.2448,5
46.2503,3
46.2613,0
46.2667,10
46.2668,0
46.2722,13
46.2723,11
46.2781,10
46.2836,5
46.2836,0
46.289,12
46.2891,11
46.2892,0
46.2946,14
46.2988,13
46.3097,5
46.3098,0
46.3152,12
46.3153,11
46.3153,0
46.3262,7
46.3263,3
46.3263,0
46.3317,15
46.3321,12
46.3376,11
46.3379,9
46.3381,5
46.3438,2
46.3439,0
46.3493,5
46.3494,0
46.3548,3
46.3548,0
46.3603,8
46.3603,5
46.3658,0
46.3767,14
46.3767,10
46.3768,0
46.3822,15
46.3823,13
46.3932,10
46.3987,5
46.3987,4
46.3991,0
46.4045,15
46.4045,13
46.41,7
46.41,5
46.4101,3
46.4155,0
46.4209,5
46.421,0
46.4264,14
46.4266,0
46.432,15
46.4324,2
46.4325,0
46.4379,2
46.4554,0
46.4608,4
46.4609,0
46.4611,12
46.4667,11
46.4677,0
46.4731,15
46.4734,13
46.4734,5
46.4735,0
46.4789,11
46.4791,0
46.4846,7
46.4853,0
46.4907,5
46.6722,0
46.6776,4
46.6777,0
46.6886,11
46.6892,5
46.6893,0
46.6947,7
46.6948,3
46.7005,0
46.7169,2
46.728,0
46.7335,2
46.7395,1
46.7395,0
46.7559,7
46.7617,6
46.7671,5
46.7726,3
46.7726,1
46.7781,0
46.7835,6
46.7882,0
46.7936,9
46.7937,4
46.7938,0
46.7992,2
46.7997,0
46.8051,3
46.8165,0
46.8219,4
46.822,1
46.8329,0
46.8438,4
46.8492,3
46.8494,2
46.8557,1
46.8611,0
46.8665,15
46.8668,13
46.8671,3
46.8725,0
46.8779,6
46.8781,1
46.8901,0
46.8955,14
46.9114,5
46.9114,4
46.9251,0
46.9305,1
46.9306,0
46.936,6
46.9361,5
46.9463,0
46.99,7
46.9905,0
46.9959,2
46.996,0
47.0014,8
47.0016,4
47.0019,0
47.0073,14
47.0074,6
47.013,0
47.0184,8
47.0188,6
47.0188,3
47.0242,2
47.0297,1
47.0351,0
47.0353,2
47.0409,0
47.0463,15
47.0521,9
47.0576,8
47.063,6
47.0685,0
47.0794,8
47.0795,0
47.0849,8
47.085,0
47.0904,4
47.0905,0
47.0959,11
47.0961,0
47.1015,3
47.1018,0
47.1127,12
47.1131,0
47.1188,13
47.1189,4
47.119,0
47.1244,6
47.1245,0
47.1299,14
47.13,10
47.1301,0
47.1409,11
47.141,7
47.1411,0
47.1465,12
47.1469,0
47.1523,8
47.1524,3
47.1524,0
47.1578,12
47.158,0
47.1634,11
47.1635,0
47.1689,5
47.169,0
47.1744,8
47.1745,0
47.1854,12
47.1855,9
47.1856,0
47.191,14
47.1911,6
47.1911,0
47.1965,3
47.1966,0
47.2075,3
47.2081,1
47.2081,0
47.2135,9
47.2136,0
47.219,13
47.2191,9
47.2192,0
47.2246,7
47.2247,2
47.2302,0
47.2356,6
47.2357,0
47.2411,11
47.2412,5
47.2412,0
47.2466,12
47.247,11
47.2471,0
47.2525,13
47.2529,0
47.2583,14
47.2584,13
47.2585,0
47.2639,8
47.264,4
47.264,0
47.2749,6
47.275,0
47.2858,3
47.2859,0
47.2913,6
47.2914,0
47.2968,4
47.2969,2
47.2969,0
47.3023,4
47.3024,0
47.3078,3
47.3078,0
47.3187,3
47.3188,0
47.3242,10
47.3243,4
47.3244,0
47.3245,7
47.3246,4
47.3249,2
47.3249,0
47.3303,2
47.3304,0
47.3412,11
47.3413,4
47.3414,0
47.3468,9
47.3469,0
47.3523,12
47.3527,2
47.353,0
47.3585,12
47.3585,7
47.3586,0
47.364,11
47.3641,0
47.3696,3
47.3696,0
47.375,3
47.3751,1
47.3806,0
47.386,11
47.3985,3
47.4152,2
47.4206,1
47.4206,0
47.426,3
47.4261,0
47.4318,2
47.4329,0
47.433,15
47.4331,6
47.4331,3
47.4333,0
47.4388,6
47.4825,0
47.4827,8
47.4828,0
47.4882,14
47.5008,10
47.5008,6
47.5178,5
47.5233,2
47.6594,0
47.7015,3
47.7142,2
47.7144,0
47.7198,7
47.7426,5
47.7484,3
47.7485,2
47.7487,0
47.7489,6
47.7808,1
47.8205,0
47.8206,4
47.8585,0
47.9085,10
47.987,5
47.9924,3
48.0034,0
48.0036,8
48.0205,3
48.0206,0
48.0314,2
48.0375,1
48.0762,0
48.0817,3
48.0872,0
48.0873,13
48.1038,9
48.1147,7
48.1147,6
48.1205,2
48.126,1
48.126,0
48.1314,6
48.1483,5
48.1538,3
48.1538,0
48.187,14
48.1885,12
48.1901,11
48.1903,8
48.1959,7
48.1959,2
48.2014,0
48.2069,2
48.2157,0
48.2158,4
48.2161,3
48.2182,0
48.2236,4
48.2388,0
48.2389,9
48.239,3
48.2391,0
48.2445,14
48.2569,13
48.2572,7
48.2572,2
48.2627,0
48.2628,7
48.2745,4
48.2745,2
48.2781,1
48.2783,0
48.2837,11
48.4198,9
48.4252,5
48.4366,1
48.4366,0
48.4368,4
48.4421,2
48.4475,0
48.4477,1
48.4758,0
48.4923,15
48.5035,10
48.5035,9
48.509,6
48.509,5
48.5145,0
48.5146,5
48.5199,1
48.5317,0
48.7372,14
48.8037,9
48.8037,1
48.8092,0
48.8147,4
48.8204,0
48.8205,9
48.8259,6
48.8261,5
48.8706,0
48.8979,6
48.8986,1
48.8986,0
48.8989,3
48.899,2
48.899,0
48.9045,13
48.9048,9
48.9049,0
48.905,5
48.9104,1
48.9158,0
48.9159,7
48.916,6
48.9161,0
48.9215,9
48.9216,4
48.9218,3
48.9218,0
48.922,10
48.9221,0
48.9384,8
48.9385,5
48.944,0
48.9494,4
48.9494,0
48.9549,15
48.9549,11
48.9604,5
48.9605,0
48.9713,15
48.9714,9
48.9716,6
48.9771,5
48.9825,4
48.9826,0
48.988,4
48.9881,0
48.9935,1
48.9938,0
48.9992,15
48.9994,3
48.9994,0
49.0102,14
49.0104,3
49.0104,0
49.0158,8
49.0159,0
49.0213,15
49.0217,10
49.0272,6
49.0273,0
49.0327,10
49.0328,0
49.0382,4
49.0383,0
49.0546,10
49.0547,5
49.0547,0
49.0602,3
49.0603,0
49.0604,5
49.0605,1
49.0605,0
49.0659,13
49.0661,0
49.0715,7
49.0716,0
49.077,10
49.0771,0
49.0825,5
49.0826,0
49.088,8
49.0881,0
49.0935,1
49.0939,0
49.0993,10
49.0993,7
49.0994,0
49.1048,14
49.105,3
49.105,0
49.1104,3
49.1107,1
49.1108,0
49.1162,6
49.1163,0
49.122,14
49.1221,0
49.1275,9
49.1277,0
49.1331,14
49.1332,7
49.1332,0
49.1386,8
49.1388,0
49.1442,14
49.1443,0
49.1497,13
49.1498,11
49.1499,0
49.1553,5
49.1554,0
49.1608,13
49.161,0
49.1664,13
49.1664,10
49.1665,0
49.1774,6
49.1775,3
49.1775,0
49.1829,7
49.183,0
49.1832,10
49.1833,3
49.1833,0
49.1887,11
49.1888,0
49.1942,14
49.1983,9
49.1985,6
49.1987,3
49.2042,0
49.2043,8
49.2162,5
49.2163,0
49.2217,13
49.2218,10
49.2219,0
49.2273,8
49.2324,5
49.2378,3
49.2379,0
49.2433,2
49.2437,0
49.2491,13
49.2497,7
49.2554,0
49.2556,14
49.2556,13
49.2557,0
49.2612,8
49.277,5
49.2825,1
49.288,0
49.2881,14
49.2882,6
49.2884,3
49.2939,0
49.3161,2
49.3168,0
49.3169,10
49.3276,6
49.328,4
49.3335,2
49.3389,1
49.3498,0
49.3552,15
49.3779,10
49.3834,5
49.3834,4
49.3837,3
49.3891,1
49.3946,0
49.4058,4
49.4059,0
49.4061,10
49.4062,1
49.4064,0
49.4118,10
49.4334,9
49.4448,6
49.4506,0
49.4562,5
49.4563,0
49.4619,13
49.4731,8
49.4732,0
49.4734,7
49.4735,0
49.4789,6
49.4789,3
49.4791,1
49.4791,0
49.4793,14
49.4794,6
49.4848,5
49.4849,0
49.4903,14
49.4959,7
49.5017,0
49.5071,13
49.5129,12
49.5296,7
49.5296,5
49.5296,3
49.5405,1
49.546,0
49.5461,2
49.5462,0
49.5576,13
49.5576,12
49.5576,11
49.5631,5
49.5637,0
49.5692,10
49.5692,9
49.5693,0
49.5694,6
49.5695,5
49.5698,4
49.5698,0
49.5752,7
49.578,5
49.5781,1
49.5784,0
49.5839,12
49.5841,0
49.5895,11
49.5896,6
49.5896,0
49.5951,10
49.5952,0
49.6006,2
49.6007,0
49.6061,5
49.6064,2
49.6064,0
49.6118,15
49.612,0
49.6174,15
49.6176,0
49.6231,15
49.6232,1
49.6232,0
49.6234,8
49.6235,0
49.6289,3
49.6292,1
49.6294,0
49.6348,7
49.6349,0
49.6404,10
49.6404,7
49.6405,0
49.6459,9
49.646,4
49.6515,1
49.6515,0
49.6569,2
49.6569,0
49.6623,1
49.6627,0
49.678,15
49.6781,7
49.6836,6
49.6836,2
49.6836,0
49.6891,5
49.6893,4
49.6948,0
49.6949,6
49.695,3
49.695,0
49.6952,9
49.6953,0
49.6955,13
49.6956,8
49.6956,0
49.6958,14
49.6959,4
49.696,2
49.6963,0
49.6964,2
49.6965,0
49.6967,12
49.6968,0
49.697,9
49.6971,4
49.6971,0
49.6973,8
49.6974,0
49.6975,5
49.6976,0
49.6978,2
49.6978,0
49.698,12
49.6982,0
49.6985,13
49.6987,0
49.6989,15
49.6989,12
49.699,0
49.6994,9
49.6995,4
49.6995,0
49.6997,3
49.6998,0
49.6999,13
49.7,4
49.7001,0
49.7002,3
49.7003,0
49.7057,7
49.7061,0
49.7115,14
49.7116,4
49.7117,0
49.7171,2
49.7171,0
49.7226,3
49.7229,0
49.723,3
49.7231,0
49.7285,5
49.7286,0
49.734,15
49.7352,14
49.7352,13
49.7354,12
49.7355,0
49.7464,13
49.7466,0
49.752,7
49.7521,0
49.7575,9
49.7576,0
49.763,9
49.7631,0
49.7685,4
49.7689,0
49.7743,5
49.7744,0
49.7798,1
49.7799,0
49.7907,12
49.7908,7
49.791,0
49.7965,10
49.7966,0
49.7968,13
49.7969,8
49.7969,0
49.8024,4
49.8024,0
49.8078,10
49.8079,8
49.808,0
49.8134,2
49.8138,0
49.8139,11
49.8141,0
49.8195,4
49.8195,0
49.825,10
49.8251,0
49.8305,11
49.8306,0
49.8361,1
49.8363,0
49.8364,1
49.8365,0
49.8419,12
49.8419,11
49.842,0
49.8474,9
49.8478,3
49.8533,0
49.8587,15
49.8587,14
49.8588,5
49.859,1
49.8645,0
49.8699,1
49.8699,0
49.8753,5
49.8757,0
49.8811,12
49.8813,0
49.8867,6
49.8867,4
49.8869,0
49.8924,1
49.8924,0
49.8978,15
49.898,3
49.898,0
49.9034,2
49.9035,1
49.9089,0
49.9143,15
49.9147,14
49.9223,12
49.9329,0
49.9383,4
49.9383,0
49.9438,5
49.9438,0
49.9493,7
49.9494,0
49.9548,5
49.9549,0
49.9603,3
49.9603,0
49.9712,9
49.9716,2
49.9718,0
49.9772,6
49.9776,0
49.983,13
49.9831,9
49.9833,5
49.9835,0
49.9889,12
49.989,5
49.989,4
49.9893,2
49.9948,0
50.0002,3
50.0003,0
50.0057,2
50.0057,0
50.0111,4
50.0112,0
50.0224,9
50.0225,2
50.0225,0
50.0279,8
50.028,0
50.0334,13
50.0335,12
50.0337,8
50.0337,0
50.0391,5
50.0395,2
50.045,0
50.0504,5
50.0505,3
50.0505,0
50.0559,4
50.056,0
50.0614,1
50.0615,0
50.0669,11
50.0669,9
50.0673,0
50.0728,15
50.0729,3
50.0729,0
50.0731,12
50.0732,0
50.0786,15
50.0787,12
50.0788,0
50.0843,15
50.0845,6
50.0951,0
50.0952,14
50.0953,2
50.0954,0
50.1008,13
50.1009,0
50.1063,15
50.1065,0
50.1119,1
50.112,0
50.1174,4
50.1177,1
50.1179,0
50.1233,7
50.1234,6
50.1234,5
50.1236,4
50.1291,0
50.1345,9
50.1346,0
50.14,10
50.1401,0
50.1456,14
50.1458,0
50.1459,13
50.146,7
50.1461,0
50.1515,9
50.1516,0
50.1571,10
50.1572,0
50.1628,8
50.163,0
50.1631,15
50.1632,12
50.1633,0
50.1635,14
50.1636,8
50.1636,0
50.1638,4
50.1639,0
50.164,12
50.1641,7
50.1642,0
50.1644,15
50.1645,4
50.1645,0
50.1647,7
50.1648,0
50.165,15
50.1651,9
50.1651,0
50.1653,5
50.1654,0
50.1656,1
50.1656,0
50.1658,13
50.1659,0
50.1661,13
50.1662,9
50.1663,0
50.1664,13
50.1666,3
50.1666,0
50.1667,15
50.1669,0
50.1671,2
50.1672,0
50.1673,4
50.1674,0
50.1676,15
50.1677,6
50.1677,0
50.1679,12
50.168,0
50.1682,13
50.1683,9
50.1684,7
50.1684,2
50.1684,0
50.1686,14
50.1688,0
50.1742,1
50.1743,0
50.1744,9
50.1745,0
50.1799,9
50.18,6
50.1801,0
50.1855,13
50.1856,1
50.1856,0
50.1911,5
50.1912,0
50.1913,3
50.1914,0
50.1968,1
50.1969,0
50.2023,7
50.2026,3
50.2027,0
50.2081,1
50.2082,0
50.2083,7
50.2084,0
50.2138,9
50.214,0
50.2194,10
50.2198,0
50.2252,12
50.2252,10
50.2253,0
50.2308,7
50.2308,6
50.2309,0
50.2419,8
50.2421,0
50.2475,14
50.2476,0
50.253,13
50.2532,0
50.2586,3
50.2587,0
50.2641,12
50.2642,0
50.2697,4
50.2697,1
50.2697,0
50.2751,15
50.2753,0
50.2807,3
50.2808,0
50.2862,1
50.2863,0
50.2917,4
50.2917,0
50.2972,1
50.2972,0
50.3026,4
50.3027,0
50.3081,7
50.3082,0
50.3136,3
50.3137,0
50.3191,6
50.3192,0
50.3246,2
50.3249,0
50.3303,10
50.3305,1
50.3305,0
50.3359,8
50.336,0
50.3414,14
50.3415,9
50.3416,0
50.347,9
50.3471,1
50.3471,0
50.3525,15
50.3527,0
50.3581,3
50.3582,0
50.3636,15
50.3637,2
50.3638,0
50.3692,12
50.3693,0
50.3747,11
50.3751,2
50.3752,0
50.3806,3
50.3806,0
50.3915,11
50.3916,6
50.3916,0
50.3971,10
50.3972,5
50.3972,0
50.3974,7
50.3975,0
50.4029,7
50.403,1
50.403,0
50.4084,10
50.4085,0
50.414,4
50.414,2
50.414,0
50.4194,11
50.4196,0
50.425,4
50.4253,0
50.4308,4
50.4308,0
50.4362,15
50.4364,0
50.4418,11
50.442,0
50.4474,11
50.4475,5
50.4475,0
50.4529,12
50.4531,0
50.4639,8
50.4641,0
50.4749,14
50.4751,0
50.4805,11
50.4805,9
50.4806,0
50.4924,5
50.4979,0
50.498,10
50.4981,6
50.4985,0
50.5039,4
50.5039,3
50.5039,0
50.5094,12
50.5095,0
50.5149,3
50.515,0
50.5204,1
50.5204,0
50.5258,8
50.5262,0
50.5317,7
50.5318,0
50.5372,6
50.5373,0
50.5427,8
50.5428,0
50.5482,7
50.5483,0
50.5592,4
50.5592,0
50.5646,10
50.5648,0
50.5702,9
50.5703,5
50.5703,0
50.5757,5
50.5758,0
50.5812,13
50.5813,9
50.5814,0
50.5868,10
50.5869,2
50.5869,0
50.5923,5
50.593,0
50.5984,6
50.6018,0
50.6182,7
50.6184,0
50.6186,4
50.6186,0
50.6355,3
50.6357,0
50.6411,11
50.6412,10
50.6414,1
50.642,0
50.6474,11
50.6476,0
50.653,4
50.6536,0
50.6593,5
50.6593,3
50.6706,0
50.676,8
50.677,2
50.677,0
50.6879,1
50.6879,0
50.6933,4
50.6936,2
50.6936,0
50.7045,3
50.7045,0
50.71,2
50.71,0
50.7154,13
50.7155,11
50.7156,0
50.721,15
50.7211,8
50.7212,0
50.7266,8
50.7267,0
50.7326,11
50.7331,0
50.7446,2
50.7502,0
50.7556,9
50.7558,0
50.7612,4
50.7614,2
50.7777,0
50.7831,1
50.7832,0
50.7886,11
50.7887,0
50.7942,9
50.7943,0
50.7945,6
50.7945,5
50.7946,0
50.7948,11
50.7949,4
50.7955,0
50.7956,12
50.7958,0
50.7961,8
50.7962,1
50.7962,0
50.7964,10
50.8019,5
50.802,0
50.8021,9
50.8022,3
50.8022,0
50.8076,13
50.8078,0
50.8132,5
50.8133,0
50.8187,13
50.8188,3
50.8189,0
50.8243,4
50.8244,0
50.8298,11
50.8299,4
50.8299,0
50.8353,10
50.8357,7
50.8357,0
50.8411,12
50.8413,2
50.8413,0
50.8521,14
50.8523,2
50.8523,0
50.8577,12
50.8579,0
50.8633,12
50.8634,0
50.8688,6
50.8689,1
50.8689,0
50.8743,11
50.8745,0
50.8799,1
50.88,0
50.8854,6
50.8855,0
50.8909,13
50.891,4
50.891,0
50.8964,13
50.8966,0
50.902,10
50.9023,9
50.9026,1
50.9026,0
50.908,14
50.9111,13
50.933,6
50.933,3
50.9331,1
50.9505,0
50.9612,9
50.9674,2
50.9675,0
50.9729,1
50.9787,0
50.9958,11
50.9959,10
50.9962,9
50.9962,6
50.9962,5
50.9965,0
51.0019,7
51.0067,5
51.0067,0
51.0339,2
51.0346,0
51.04,13
51.0455,12
51.0513,3
51.0573,0
51.0627,6
51.0628,2
51.0683,1
51.0737,0
51.0791,8
51.0792,7
51.0792,4
51.0794,0
51.0849,9
51.0904,8
51.1068,5
51.1068,3
51.1123,0
51.1125,14
51.1126,7
51.1181,5
51.1181,0
51.1236,12
51.1292,9
51.1292,3
51.1517,1
51.1577,0
51.1578,5
51.1632,0
51.1686,15
51.1745,11
51.1746,5
51.1746,0
51.1802,11
51.1803,4
51.1803,1
51.1858,0
51.1912,5
51.1915,4
51.1971,0
51.2025,7
51.213,6
51.2131,0
51.2185,10
51.2186,6
51.2188,1
51.219,0
51.2299,4
51.2299,0
51.2353,7
51.2354,0
51.2409,3
51.2466,0
51.2467,15
51.2468,7
51.2523,6
51.2523,5
51.2523,0
51.2577,4
51.2581,0
51.2635,11
51.2636,7
51.2638,6
51.2692,5
51.2804,4
51.2859,0
51.2913,14
51.2915,12
51.2969,11
51.297,6
51.297,0
51.2972,14
51.2973,7
51.2974,0
51.2975,9
51.2977,0
51.2978,9
51.2979,8
51.298,0
51.2983,6
51.2984,0
51.2986,7
51.2987,0
51.2989,11
51.299,0
51.2992,9
51.2993,0
51.2994,4
51.2995,0
51.2997,6
51.2997,5
51.2998,0
51.2999,2
51.3,0
51.3002,12
51.3003,2
51.3003,0
51.3005,14
51.3007,0
51.3008,1
51.3009,0
51.301,10
51.3012,0
51.3013,11
51.3014,5
51.3015,0
51.3016,10
51.3018,0
51.3019,6
51.302,5
51.302,0
51.3022,1
51.3022,0
51.3026,10
51.3027,2
51.3028,0
51.3029,2
51.303,0
51.3031,5
51.3032,0
51.3034,3
51.3035,0
51.3036,13
51.3038,0
51.3039,3
51.304,0
51.3044,1
51.3044,0
51.3046,10
51.3047,0
51.3049,4
51.305,0
51.3051,6
51.3052,0
51.3054,11
51.3055,1
51.3055,0
51.3057,6
51.3058,0
51.306,7
51.3061,0
51.3062,15
51.3064,0
51.3066,13
51.3067,9
51.3067,0
51.3069,13
51.307,4
51.3071,0
51.3072,2
51.3073,0
51.3075,10
51.3076,0
51.3078,11
51.3079,0
51.3081,13
51.3081,8
51.3085,0
51.3086,7
51.3087,4
51.3088,0
51.3142,3
51.3142,0
51.3196,9
51.3246,5
51.3247,0
51.3301,12
51.3302,4
51.3302,0
51.3357,9
51.3358,0
51.3412,3
51.3412,2
51.3413,0
51.3524,7
51.3524,5
51.3525,0
51.3579,13
51.3581,1
51.3581,0
51.3635,11
51.3638,8
51.3693,6
51.3694,0
51.3748,9
51.3749,0
51.3803,5
51.3804,0
51.3858,10
51.3859,1
51.3859,0
51.3913,10
51.3915,0
51.3969,11
51.3969,9
51.397,0
51.4024,8
51.4025,5
51.408,2
51.408,0
51.4134,7
51.4136,0
51.4137,13
51.4138,11
51.4139,0
51.4193,6
51.4194,0
51.4196,14
51.4196,13
51.4251,5
51.4252,1
51.4252,0
51.4306,6
51.4307,0
51.4361,15
51.4362,8
51.4363,0
51.4417,14
51.4418,5
51.4418,0
51.4472,15
51.4476,13
51.4477,0
51.4531,10
51.4532,6
51.4532,0
51.4641,4
51.4644,2
51.4699,1
51.4753,0
51.4808,15
51.4808,9
51.4809,0
51.4863,14
51.4865,5
51.4865,0
51.4919,11
51.4921,0
51.4975,14
51.4976,0
51.503,9
51.5031,8
51.5032,0
51.5086,10
51.5087,1
51.5087,0
51.5141,12
51.5143,0
51.5197,6
51.5197,5
51.5198,0
51.5252,11
51.5253,0
51.5307,2
51.5308,0
51.5362,10
51.5363,0
51.5417,9
51.5422,0
51.5476,1
51.5476,0
51.553,3
51.5534,1
51.5534,0
51.5588,1
51.5591,0
51.5645,14
51.5646,12
51.5647,0
51.5701,11
51.5702,6
51.5702,0
51.5757,10
51.5757,8
51.5759,2
51.5855,0
51.5964,15
51.5965,5
51.5966,0
51.5967,3
51.5968,0
51.6022,1
51.6023,0
51.6077,7
51.6078,2
51.6078,0
51.6132,14
51.6188,0
51.6242,2
51.6297,0
51.6298,14
51.63,0
51.6355,9
51.6356,0
51.6357,1
51.6358,0
51.6412,9
51.6413,0
51.6467,5
51.6468,0
51.6469,15
51.647,12
51.6471,0
51.6525,1
51.6529,0
51.6583,3
51.6583,0
51.6637,13
51.6638,8
51.6639,3
51.6696,0
51.6805,5
51.6806,0
51.686,1
51.686,0
51.6914,12
51.6915,11
51.6916,0
51.697,11
51.6971,5
51.6971,0
51.7026,10
51.7027,0
51.7082,8
51.7083,0
51.7084,13
51.7085,7
51.7086,0
51.714,5
51.7141,0
51.7195,8
51.7195,6
51.7196,0
51.731,11
51.7311,4
51.7311,0
51.7366,3
51.7366,0
51.7421,9
51.7421,8
51.7422,0
51.7424,9
51.7425,0
51.7479,7
51.748,0
51.7534,6
51.7535,0
51.7589,1
51.7592,0
51.7646,10
51.7647,7
51.7705,0
51.7759,11
51.776,9
51.7761,0
51.7815,9
51.7841,0
51.7895,8
51.7896,1
51.7896,0
51.8005,2
51.8006,0
51.806,1
51.8061,0
51.8115,15
51.8116,5
51.8336,4
51.85,0
51.8554,6
51.8555,0
51.8609,8
51.8613,6
51.8668,4
51.8668,1
51.8726,0
51.878,8
51.8781,0
51.8835,15
51.8836,6
51.8837,0
51.8891,2
51.8891,1
51.8946,0
51.9,10
51.9001,6
51.9001,0
51.9055,12
51.9057,1
51.9057,0
51.9111,12
51.9112,10
51.9167,5
51.9222,4
51.9276,1
51.9331,0
51.9385,2
51.9388,0
51.9497,10
51.9498,5
51.9498,0
51.9552,11
51.9554,0
51.9608,12
51.9612,3
51.9612,0
51.9666,6
51.9667,0
51.9721,14
51.9722,11
51.978,3
51.9835,0
51.9889,8
51.989,3
51.9944,0
51.9998,7
51.9999,6
52.0053,5
52.0054,0
52.0108,15
52.0109,8
52.011,0
52.0164,6
52.0165,0
52.0219,12
52.022,0
52.0274,1
52.0278,0
52.0387,4
52.0387,0
52.0441,11
52.0442,9
52.0551,5
52.0552,1
52.0606,0
52.066,15
52.0664,9
52.0664,6
52.0719,5
52.0719,4
52.0777,0
52.0831,5
52.0832,0
52.0886,6
52.0887,1
52.0887,0
52.0941,2
52.0941,1
52.0996,0
52.1051,13
52.1053,0
52.1054,6
52.1055,5
52.1057,1
52.1057,0
52.1111,1
52.1111,0
52.122,3
52.1221,0
52.1275,4
52.133,3
52.133,0
52.1385,9
52.1387,0
52.1389,10
52.1442,5
52.1443,0
52.1552,1
52.1607,0
52.1661,2
52.1664,1
52.1666,0
52.172,14
52.1722,0
52.1776,6
52.1777,0
52.1831,14
52.1832,3
52.1833,0
52.1887,2
52.1887,0
52.1941,15
52.1945,6
52.1947,3
52.2002,0
52.2056,7
52.2057,0
52.2111,14
52.2113,3
52.2113,0
52.2167,2
52.2168,0
52.2276,1
52.2277,0
52.2331,4
52.2332,0
52.2334,15
52.2335,3
52.2335,0
52.2389,1
52.2445,0
52.2499,1
52.25,0
52.2554,1
52.2554,0
52.2609,9
52.2609,8
52.2668,5
52.2668,3
52.2723,0
52.2777,9
52.2778,0
52.2832,6
52.2836,2
52.289,0
52.2944,3
52.2945,0
52.2999,8
52.3,0
52.3054,11
52.3056,0
52.311,13
52.3111,9
52.3111,7
52.3165,5
52.322,0
52.3274,8
52.3275,4
52.3276,0
52.333,11
52.3336,3
52.3338,0
52.3339,14
52.334,12
52.3416,5
52.3417,0
52.3471,11
52.3471,10
52.3526,9
52.3526,5
52.3526,0
52.3635,5
52.3636,0
52.369,13
52.3693,11
52.3748,8
52.3748,5
52.3749,1
52.3803,0
52.3857,7
52.3858,0
52.3971,13
52.4028,5
52.4028,1
52.4083,0
52.4138,8
52.4192,5
52.4193,2
52.4247,1
52.4247,0
52.4249,13
52.4249,10
52.4304,5
52.4304,4
52.4359,0
52.4413,9
52.4471,8
52.4863,7
52.4973,5
52.4974,0
52.4975,15
52.5089,13
52.5308,6
52.559,5
52.559,1
52.5814,0
52.5868,1
52.6093,0
52.6147,1
52.6373,0
52.6374,15
52.6375,9
52.6594,5
52.6594,0
52.6929,6
52.7375,5
52.7375,0
52.7432,13
52.7587,11
52.7699,8
52.7699,6
52.7701,5
52.7922,0
52.7924,15
52.7925,2
52.7926,0
52.798,10
52.8033,0
52.8087,2
52.8144,0
52.8204,8
52.854,6
52.8765,1
52.8988,0
52.9547,13
52.955,11
52.9607,10
52.9663,8
52.9772,7
52.9881,1
52.9883,0
52.9991,4
53.0105,0
53.0159,14
53.0163,12
53.0165,10
53.0495,8
53.0722,6
53.0776,4
53.0831,2
53.0833,0
53.1277,8
53.1277,6
53.139,2
53.1391,0
53.1568,11
53.1574,7
53.1691,5
53.18,4
53.1802,1
53.2588,0
53.2589,3
53.2755,0
53.2809,10
53.2811,0
53.2865,2
53.2866,0
53.3195,5
53.3251,4
53.3419,0
53.3473,2
53.348,0
53.3535,14
53.3541,13
53.3877,12
53.4091,4
53.4145,2
53.4145,1
53.4313,0
53.4381,6
53.4381,0
53.4436,15
53.4436,11
53.4442,0
53.4496,13
53.4497,9
53.4497,2
53.4589,0
53.4643,5
53.4644,0
53.4752,8
53.4753,5
53.4753,0
53.4807,13
53.4809,1
53.4809,0
53.4863,8
53.4864,0
53.4918,2
53.4919,0
53.4973,14
53.4977,4
53.4977,0
53.5032,4
53.5032,0
53.5086,14
53.5087,8
53.5088,0
53.5142,5
53.5143,0
53.5197,1
53.5198,0
53.5252,15
53.5254,0
53.5308,6
53.5309,0
53.5363,3
53.5363,0
53.5417,1
53.5418,0
53.5527,2
53.5527,0
53.5581,10
53.5783,9
53.5985,8
53.621,7
53.6429,5
53.6429,0
53.6483,5
53.6484,4
53.6485,0
53.6539,15
53.6541,13
53.7773,8
53.7883,5
53.7883,0
53.7937,12
53.8333,6
54.0263,3
54.0263,2
54.0819,0
54.0875,10
54.0879,6
54.1007,5
54.1007,0
54.1062,7
54.1189,3
54.1323,2
54.1325,1
54.138,0
54.1434,7
54.1435,5
54.149,0
54.1544,4
54.1545,0
54.1599,5
54.1601,4
54.1659,0
54.1713,15
54.1719,14
54.1719,13
54.1776,9
54.1948,5
54.1948,2
54.2003,0
54.2057,12
54.315,5
54.3316,0
54.3534,12
54.3535,9
54.3702,7
54.4123,0
54.4178,15
54.4236,10
54.4456,7
54.4511,5
54.4511,2
54.4511,1
54.4566,0
54.462,11
54.462,9
54.4675,5
54.4732,3
54.4789,1
54.4901,0
54.4955,9
54.4958,3
54.496,0
54.5069,4
54.5188,3
54.519,1
54.5245,0
54.5299,5
54.53,1
54.53,0
54.5354,4
54.5355,1
54.5409,0
54.552,5
54.5521,0
54.5575,12
54.5576,3
54.5578,1
54.5578,0
54.5632,12
54.5633,6
54.5688,5
54.5688,4
54.5745,3
54.58,0
54.5854,1
54.5855,0
54.5856,15
54.5857,12
54.5857,11
54.5859,10
54.5859,7
54.5913,5
54.5914,0
54.5969,5
54.598,1
54.5983,0
54.5984,14
54.5986,2
54.5986,0
54.6041,4
54.6041,0
54.6097,10
54.6099,0
54.6153,14
54.6205,7
54.6315,1
54.6315,0
54.6423,6
54.6424,0
54.6478,8
54.6479,4
54.6479,0
54.6533,8
54.6534,4
54.6589,0
54.6643,6
54.6644,1
54.6699,0
54.6753,4
54.6756,1
54.6756,0
54.6757,13
54.6759,0
54.6813,13
54.6814,6
54.6872,2
54.6872,0
54.6873,5
54.6929,0
54.6985,10
54.6989,3
54.6991,0
54.7045,1
54.7097,0
54.7206,14
54.721,8
54.721,6
54.7268,0
54.7322,13
54.7375,5
54.743,0
54.7484,5
54.7485,4
54.7485,0
54.7539,11
54.754,0
54.7595,11
54.76,5
54.76,1
54.7601,0
54.7656,3
54.7657,0
54.7711,7
54.7712,0
54.7766,13
54.7767,12
54.7768,0
54.7822,6
54.7823,0
54.7877,1
54.7878,0
54.7932,7
54.7935,5
54.7935,3
54.7938,1
54.7993,0
54.8047,13
54.8049,0
54.8103,8
54.8103,6
54.8104,2
54.8161,0
54.8215,1
54.8216,0
54.827,6
54.8273,1
54.8273,0
54.8328,6
54.8328,4
54.8383,2
54.8437,0
54.8491,11
54.8492,9
54.8492,6
54.8547,5
54.8547,3
54.8601,2
54.8656,0
54.871,15
54.8711,14
54.8712,0
54.8766,12
54.8767,9
54.8768,0
54.8876,15
54.8879,14
54.8935,6
54.8935,3
54.8935,0
54.8989,7
54.899,0
54.9044,5
54.9045,1
54.9045,0
54.9099,1
54.91,0
54.9154,8
54.9155,0
54.9209,7
54.9226,5
54.9226,4
54.9228,3
54.9229,0
54.9283,11
54.9339,8
54.9339,0
54.9393,7
54.9445,5
54.9445,3
54.9445,0
54.95,3
54.95,0
54.9554,11
54.9608,7
54.9664,0
54.9718,10
54.9719,5
54.9781,0
54.9835,6
54.9835,5
54.9893,0
54.9947,14
54.9948,12
54.995,7
55.0058,6
55.0113,5
55.0113,0
55.0168,6
55.0168,0
55.0223,8
55.0224,0
55.0278,14
55.0278,13
55.0281,7
55.0281,0
55.0336,11
55.039,6
55.0394,0
55.0395,12
55.0396,4
55.0398,2
55.0399,0
55.0453,11
55.0456,6
55.0457,2
55.0511,0
55.0565,11
55.0567,2
55.0567,0
55.0621,6
55.0622,3
55.0624,0
55.0678,6
55.0679,0
55.0733,14
55.0733,12
55.0788,6
55.0789,0
55.0843,8
55.0847,4
55.0849,0
55.0903,10
55.0904,2
55.096,0
55.1014,5
55.1016,0
55.1018,1
55.1018,0
55.102,13
55.102,10
55.1023,5
55.1023,2
55.1042,0
55.1097,3
55.1099,0
55.11,12
55.1101,8
55.1101,6
55.1154,5
55.1154,0
55.1209,3
55.121,0
55.1264,3
55.1265,0
55.1319,2
55.132,0
55.1374,12
55.1378,3
55.138,0
55.1434,8
55.1435,3
55.1489,0
55.1543,7
55.1544,0
55.1598,14
55.1599,11
55.1601,0
55.1656,13
55.1656,12
55.1669,3
55.167,1
55.171,0
55.1764,7
55.1765,6
55.1765,0
55.1819,2
55.182,0
55.1874,9
55.1875,4
55.1875,0
55.193,6
55.1931,3
55.1963,1
55.1963,0
55.1965,3
55.1965,0
55.1967,3
55.1969,0
55.1971,8
55.1972,0
55.1973,6
55.1974,4
55.1974,0
55.1976,12
55.1977,0
55.1979,3
55.198,2
55.198,0
55.1981,11
55.1983,0
55.1985,2
55.1985,0
55.1987,12
55.1987,10
55.1988,0
55.2045,7
55.2077,6
55.2077,0
55.2131,1
55.2132,0
55.2187,14
55.2189,12
55.219,0
55.2191,2
55.2192,0
55.2246,14
55.2247,10
55.2247,3
55.2302,0
55.2356,13
55.2359,9
55.2361,5
55.2415,0
55.2469,1
55.247,0
55.2524,15
55.2527,13
55.2528,0
55.2583,15
55.2585,14
55.2585,12
55.264,0
55.2642,11
55.2644,9
55.2697,0
55.27,1
55.27,0
55.2755,3
55.2755,0
55.2809,5
55.281,0
55.2865,12
55.2865,10
55.2866,6
55.2867,0
55.2869,7
55.287,0
55.298,13
55.2981,3
55.2982,0
55.3036,3
55.3037,0
55.3091,9
55.3092,8
55.3092,0
55.3147,11
55.3148,9
55.3148,4
55.315,1
55.32,0
55.3202,4
55.3204,0
55.3205,1
55.3206,0
55.326,7
55.326,6
55.3263,0
55.3317,2
55.3317,0
55.3372,14
55.3373,10
55.3375,0
55.3377,12
55.3377,10
55.3381,6
55.3383,0
55.3438,1
55.344,0
55.3441,4
55.3442,0
55.3496,12
55.3497,6
55.3551,5
55.3551,4
55.3552,0
55.3606,6
55.3661,5
55.3662,0
55.3663,8
55.3664,0
55.3666,6
55.3667,0
55.3721,4
55.3721,0
55.3776,2
55.3831,0
55.3887,11
55.3888,3
55.3888,0
55.4004,12
55.4005,1
55.4062,0
55.4116,7
55.4117,0
55.4171,1
55.4172,0
55.4228,14
55.4229,4
55.4283,3
55.4338,2
55.4341,1
55.4343,0
55.4397,4
55.4401,0
55.4456,15
55.4459,14
55.4514,11
55.4623,6
55.4678,5
55.4678,0
55.4679,3
55.468,0
55.4736,14
55.4736,13
55.4792,6
55.4792,0
55.4847,15
55.4902,10
55.4903,9
55.4905,5
55.5018,0
55.5077,2
55.5079,0
55.5081,14
55.5082,8
55.5136,5
55.5137,0
55.5191,11
55.5192,5
55.5249,3
55.536,0
55.5414,12
55.5415,8
55.5415,5
55.5472,4
55.5527,3
55.5527,0
55.5581,13
55.5582,6
55.5637,5
55.5637,1
55.5637,0
55.5691,9
55.5692,8
55.5747,5
55.5747,0
55.5801,9
55.5802,7
55.5802,6
55.5856,5
55.5857,0
55.5912,5
55.597,0
55.5971,3
55.5972,0
55.608,7
55.6081,3
55.6136,0
55.619,15
55.619,11
55.6191,5
55.6246,0
55.63,6
55.6301,2
55.6355,0
55.6409,11
55.6411,0
55.6465,11
55.6469,6
55.6523,5
55.6524,0
55.6578,14
55.6579,5
55.6637,0
55.6691,6
55.6691,4
55.6746,0
55.68,11
55.6801,1
55.6856,0
55.6965,5
55.6968,4
55.6968,1
55.7023,0
55.7077,9
55.7078,1
55.7133,0
55.7187,12
55.7188,0
55.7243,9
55.7244,0
55.7245,11
55.7246,10
55.7248,7
55.7303,6
55.7303,5
55.7303,0
55.7357,3
55.7358,0
55.7412,5
55.7413,0
55.7467,13
55.7468,0
55.7523,5
55.7526,0
55.758,9
55.7581,6
55.7582,0
55.7636,13
55.7637,1
55.7637,0
55.7691,4
55.7692,0
55.7746,3
55.7747,0
55.7801,13
55.7802,11
55.7803,0
55.7857,5
55.7858,0
55.7912,7
55.7913,0
55.7967,13
55.7968,5
55.7968,0
55.8077,8
55.8078,0
55.8132,4
55.8138,2
55.8193,1
55.8247,0
55.8302,9
55.8302,3
55.8303,0
55.8357,13
55.8358,0
55.8413,12
55.8414,0
55.8468,9
55.8469,6
55.8469,0
55.8523,13
55.8527,12
55.8528,0
55.8582,1
55.8582,0
55.8637,12
55.8637,11
55.8638,0
55.8692,8
55.8693,2
55.8693,0
55.8747,11
55.8749,0
55.8803,12
55.8803,11
55.8804,0
55.8858,14
55.8859,7
55.886,0
55.8914,15
55.8915,5
55.8916,0
55.897,10
55.8971,0
55.9025,6
55.9026,0
55.9081,6
55.9081,0
55.9136,3
55.9136,2
55.9136,0
55.919,8
55.9192,0
55.9355,13
55.9356,0
55.941,5
55.9411,4
55.9411,3
55.9414,0
55.9468,2
55.9469,0
55.9523,4
55.9526,0
55.9581,5
55.9581,0
55.9636,8
55.9637,0
55.9691,7
55.9692,0
55.9746,12
55.9746,10
55.9747,9
55.9748,0
55.9803,10
55.9804,0
55.9806,6
55.9807,0
55.9861,10
55.9861,9
55.9862,0
55.9916,9
55.9917,1
55.9917,0
55.9971,11
55.9973,0
56.0027,11
56.0028,9
56.0028,0
56.0082,13
56.0084,4
56.0084,0
56.0138,14
56.014,1
56.014,0
56.0194,12
56.0195,0
56.025,10
56.025,9
56.0251,0
56.0305,5
56.0306,0
56.036,13
56.0362,0
56.0363,14
56.0367,9
56.0371,0
56.0425,8
56.0426,4
56.0426,0
56.048,15
56.0482,2
56.0482,0
56.0536,13
56.054,8
56.054,2
56.0598,0
56.0652,3
56.0655,0
56.0709,14
56.0711,0
56.0713,4
56.0713,0
56.0767,7
56.0768,0
56.0823,9
56.0824,0
56.0878,8
56.0879,0
56.0933,10
56.0934,4
56.0934,0
56.0988,2
56.0989,0
56.1043,3
56.1044,0
56.1098,5
56.1099,3
56.1099,0
56.1153,9
56.1154,0
56.1208,15
56.1209,13
56.121,0
56.1264,12
56.1265,8
56.1266,0
56.132,8
56.1321,0
56.1375,6
56.1376,0
56.143,7
56.1431,0
56.1485,15
56.1487,0
56.1541,15
56.1541,14
56.1543,0
56.1597,14
56.1601,8
56.1603,1
56.1657,0
56.1712,10
56.1713,0
56.1767,3
56.1768,0
56.1822,10
56.1823,0
56.1877,9
56.1878,5
56.1878,0
56.1933,5
56.1941,0
56.1943,14
56.1996,10
56.1997,0
56.2051,10
56.2156,2
56.2157,0
56.2158,9
56.216,8
56.2161,0
56.2215,12
56.2222,0
56.2276,4
56.2277,0
56.2331,9
56.2332,6
56.2333,0
56.2334,5
56.2335,4
56.2389,0
56.2444,14
56.2446,0
56.2447,9
56.2487,2
56.2502,0
56.2556,13
56.2571,12
56.2629,9
56.2683,6
56.2738,5
56.2738,1
56.2793,0
56.2847,7
56.2848,0
56.2902,15
56.2903,14
56.2958,5
56.2958,3
56.2959,0
56.3013,11
56.3013,10
56.3015,5
56.307,2
56.3125,1
56.3125,0
56.3236,2
56.3237,0
56.3291,15
56.3295,9
56.3296,8
56.3354,0
56.352,3
56.352,0
56.3629,11
56.3633,1
56.3687,0
56.3742,9
56.3742,7
56.3745,0
56.3799,9
56.3799,8
56.3854,5
56.3854,0
56.3908,14
56.5135,10
56.5301,9
56.5304,8
56.7046,5
56.7101,0
56.7155,10
56.7155,8
56.7213,1
56.7268,0
56.7322,2
56.7323,0
56.7377,14
56.7381,8
56.7436,5
56.7436,0
56.749,10
56.7491,7
56.7994,5
56.7994,1
56.8048,0
56.8103,2
56.8113,0
56.8169,11
56.817,9
56.8282,7
56.8563,0
56.8726,8
56.8727,6
56.8948,5
56.9003,1
56.9005,0
56.9059,5
56.906,2
56.9115,0
56.9279,5
56.9282,1
56.9341,0
56.9395,9
56.9399,8
56.9569,5
56.9569,3
56.9569,1
57.0008,0
57.0062,7
57.0229,5
57.023,0
57.0284,13
57.0288,9
57.029,6
57.0344,5
57.0345,0
57.0399,3
57.0403,0
57.0457,15
57.0459,12
57.0461,7
57.063,5
57.0909,4
57.0909,0
57.1299,12
57.1474,10
57.1989,9
57.2043,6
57.2044,5
57.2098,4
57.4115,0
57.4169,5
57.417,1
57.8606,0
57.8661,7
57.988,5
58.0122,4
58.0125,3
58.0182,2
58.0184,0
58.0186,5
58.0187,4
58.0187,1
58.0187,0
58.4787,11
58.4956,5
58.4957,4
58.4957,1
58.5066,0
58.512,5
58.5121,0
58.5175,15
58.5179,8
58.5233,5
58.5234,0
58.5288,2
58.5291,1
58.5346,0
58.54,13
58.5401,3
58.5402,0
58.5456,4
58.5456,3
58.5511,0
58.5565,6
58.5566,1
58.5566,0
58.5675,2
58.5675,0
58.5729,2
58.573,0
58.5784,15
58.5785,13
58.5786,0
58.584,6
58.5841,2
58.5841,0
58.5895,1
58.5895,0
58.595,11
58.5951,0
58.6005,1
58.6006,0
58.606,13
58.6076,12
58.6079,8
58.6133,5
58.6191,0
58.6245,14
58.6246,6
58.6247,0
58.6301,11
58.6304,10
58.6359,5
58.636,0
58.6468,9
58.6469,8
58.6469,0
58.6523,7
58.6524,0
58.6579,3
58.6579,1
58.6634,0
58.6688,13
58.6689,2
58.6689,0
58.6743,5
58.6744,0
58.6853,12
58.6857,2
58.6859,1
58.6913,0
58.6968,5
58.6968,4
58.7023,1
58.7077,0
58.7131,15
58.7132,11
58.7133,6
58.7245,5
58.7245,0
58.73,14
58.7301,7
58.7303,5
58.7361,0
58.7362,12
58.7418,11
58.7586,9
58.7586,6
58.7587,4
58.7588,3
58.7643,2
58.77,1
58.7755,0
58.7809,7
58.7812,6
58.7813,0
58.7867,14
58.7868,11
58.7923,5
58.7978,0
58.8032,4
58.8032,0
58.8087,9
58.8142,5
58.8143,0
58.8197,8
58.82,5
58.8255,1
58.8309,0
58.8364,2
58.8364,0
58.8418,10
58.8419,3
58.8474,0
58.8528,3
58.8529,0
58.8583,13
58.8583,11
58.8638,5
58.8639,3
58.8693,0
58.8747,4
58.8751,3
58.8751,1
58.8805,0
58.8859,7
58.8863,1
58.8865,0
58.8919,13
58.8923,11
58.8923,9
58.8977,8
58.9032,6
58.9086,5
58.9087,1
58.9141,0
58.9195,15
58.9197,0
58.9253,2
58.9256,0
58.9365,4
58.9369,0
58.9477,9
58.9478,6
58.9478,0
58.9532,11
58.9533,7
58.9588,5
58.9588,2
58.9588,0
58.9642,2
58.9643,0
58.9698,1
58.9698,0
58.9754,8
58.9758,0
58.9812,5
58.9813,4
58.9815,0
58.9869,2
58.9872,0
58.9981,7
58.9981,5
58.9984,0
59.0038,11
59.0038,8
59.0039,0
59.0094,14
59.0149,10
59.0149,5
59.0149,3
59.0204,0
59.0205,12
59.0262,0
59.0316,10
59.0318,0
59.0372,12
59.0373,11
59.0373,7
59.0376,0
59.0377,13
59.0434,0
59.0488,14
59.0489,12
59.0489,11
59.0544,5
59.0544,3
59.0599,0
59.0653,12
59.0654,0
59.0709,8
59.071,0
59.0712,7
59.0713,0
59.0767,12
59.0767,11
59.0822,10
59.0932,5
59.0932,4
59.0986,2
59.1041,0
59.1095,6
59.1099,0
59.1153,10
59.1154,1
59.1209,0
59.1317,8
59.1321,6
59.1321,0
59.1375,11
59.1377,0
59.1431,2
59.1437,0
59.1438,10
59.144,0
59.1494,12
59.1494,8
59.1496,7
59.1497,0
59.1551,3
59.1552,0
59.1606,2
59.166,0
59.1715,15
59.1717,0
59.1718,11
59.1718,9
59.1721,6
59.1721,0
59.183,2
59.183,0
59.1884,4
59.1885,1
59.1885,0
59.194,1
59.194,0
59.1942,1
59.1942,0
59.1999,12
59.2,11
59.2055,5
59.2055,1
59.2055,0
59.2218,9
59.2219,0
59.2274,4
59.2274,0
59.2328,9
59.2332,8
59.2332,0
59.2387,12
59.2388,9
59.2388,4
59.239,0
59.2392,9
59.2393,0
59.2448,14
59.2451,12
59.2453,8
59.2454,4
59.2508,1
59.2563,0
59.2564,12
59.2618,11
59.2618,5
59.2619,0
59.2673,10
59.2676,7
59.2731,6
59.2731,0
59.2733,12
59.2787,5
59.2787,0
59.2842,10
59.2845,5
59.2845,0
59.2847,1
59.2899,0
59.2954,9
59.2954,7
59.2955,0
59.2956,13
59.2958,0
59.3012,2
59.3054,0
59.3055,3
59.3056,2
59.3056,0
59.311,12
59.3337,11
59.3392,5
59.3447,1
59.3504,0
59.3506,3
59.356,2
59.356,0
59.3614,5
59.3615,0
59.3616,4
59.3617,1
59.3617,0
59.3672,1
59.3673,0
59.3674,13
59.3676,1
59.3676,0
59.373,2
59.373,0
59.3732,5
59.3733,1
59.3733,0
59.3787,8
59.3788,4
59.379,0
59.3792,2
59.3845,0
59.3899,2
59.3901,0
59.3903,4
59.3957,0
59.4011,12
59.4053,10
59.4054,2
59.4056,0
59.4057,9
59.4111,0
59.4165,14
59.4166,7
59.4168,1
59.4223,0
59.4224,15
59.4225,10
59.4335,5
59.4335,1
59.4444,0
59.4498,14
59.4499,0
59.4553,14
59.4562,5
59.4563,0
59.4564,13
59.4565,8
59.4565,4
59.4568,1
59.4622,0
59.4686,9
59.4687,7
59.4688,2
59.469,0
59.4744,2
59.4744,0
59.4799,7
59.48,5
59.4854,3
59.4909,0
59.4911,6
59.4964,0
59.5073,14
59.5079,13
59.5133,8
59.5134,5
59.5134,0
59.5136,12
59.5137,0
59.5191,15
59.5193,0
59.5247,2
59.5297,1
59.5299,0
59.5301,3
59.5354,0
59.5408,7
59.5412,0
59.5466,6
59.5467,0
59.5525,10
59.5526,4
59.5526,1
59.5531,0
59.5639,7
59.564,4
59.564,0
59.5749,9
59.575,2
59.5805,0
59.5859,4
59.5859,0
59.5914,15
59.5915,7
59.5915,0
59.6024,9
59.6025,2
59.6025,0
59.6079,6
59.608,0
59.6134,3
59.6137,0
59.6191,15
59.6193,0
59.6247,9
59.6248,0
59.6303,7
59.6303,2
59.6304,0
59.6358,6
59.6359,0
59.6413,12
59.6417,0
59.6471,1
59.6472,0
59.6526,12
59.6527,0
59.6581,11
59.6582,10
59.6583,0
59.6637,2
59.6637,0
59.6692,1
59.6692,0
59.6746,11
59.6748,0
59.6802,12
59.6802,8
59.6803,0
59.6857,14
59.6858,4
59.6859,0
59.6913,7
59.6914,0
59.6968,8
59.6972,0
59.7083,2
59.7087,0
59.7141,3
59.7142,0
59.7196,6
59.7197,1
59.7197,0
59.7251,9
59.7252,6
59.7306,5
59.7307,0
59.7361,12
59.7361,10
59.7362,0
59.7416,6
59.742,0
59.7474,5
59.7475,0
59.7529,3
59.753,0
59.7584,13
59.7585,0
59.764,9
59.7643,2
59.7644,1
59.7645,0
59.77,14
59.7701,0
59.7755,8
59.7756,7
59.781,5
59.7811,0
59.7865,2
59.7866,0
59.792,5
59.7921,0
59.7975,9
59.7975,8
59.803,5
59.8085,1
59.8085,0
59.8139,2
59.8139,0
59.8193,10
59.8195,0
59.8303,6
59.8306,5
59.8307,0
59.8361,14
59.8366,10
59.8368,9
59.8368,5
59.8423,0
59.8477,8
59.8482,0
59.8483,10
59.8485,1
59.8485,0
59.8539,12
59.854,0
59.865,14
59.8656,8
59.8657,5
59.8657,3
59.8659,1
59.8713,0
59.8715,8
59.8769,5
59.8769,1
59.8771,0
59.8825,3
59.8827,1
59.8827,0
59.8881,5
59.8882,0
59.8936,15
59.8937,7
59.8937,3
59.8939,0
59.8993,9
59.8995,1
59.8995,0
59.9049,6
59.905,0
59.9104,13
59.9155,12
59.9155,10
59.9156,8
59.9158,0
59.9212,15
59.9213,6
59.9214,1
59.9216,0
59.927,9
59.9271,7
59.9271,4
59.9272,0
59.9326,9
59.9327,0
59.9381,15
59.9432,5
59.9433,0
59.9596,8
59.9597,5
59.9598,0
59.9652,2
59.9653,1
59.9653,0
59.9707,3
59.9707,0
59.9816,3
59.9817,1
59.9871,0
59.998,10
59.9981,5
