10.0002,3
10.0012,0
10.0025,8
10.0045,6
10.0047,4
10.0047,3
10.0099,0
10.0155,13
10.0155,12
10.0265,10
10.0322,4
10.0377,0
10.0431,8
10.0433,0
10.0487,10
10.0489,9
10.0544,8
10.0544,6
10.0599,5
10.0599,0
10.0653,13
10.0708,8
10.0709,5
10.0709,0
10.0763,7
10.0767,4
10.0821,1
10.0879,0
10.0987,10
10.0988,7
10.1045,6
10.11,5
10.11,0
10.1377,14
10.1379,0
10.1433,5
10.1434,0
10.1542,10
10.1543,4
10.1546,0
10.1655,1
10.171,0
10.1713,6
10.1714,4
10.1771,2
10.1826,0
10.1934,2
10.1937,1
10.1992,0
10.2046,5
10.205,0
10.2104,14
10.2104,13
10.2159,8
10.222,7
10.2277,5
10.2334,4
10.2389,0
10.2443,13
10.2444,3
10.2446,2
10.2448,0
10.2503,6
10.2557,5
10.2557,4
10.2612,3
10.267,0
10.2671,26
10.2724,23
10.2782,21
10.2838,0
10.2839,12
10.2841,0
10.2895,6
10.2895,5
10.2897,1
10.2955,0
10.3063,4
10.3067,1
10.3069,0
10.3177,2
10.3178,1
10.3295,0
10.3349,11
10.3349,9
10.3404,7
10.3458,5
10.3459,1
10.3513,0
10.3567,8
10.3569,0
10.3623,10
10.3624,0
10.3678,14
10.3679,11
10.3901,8
10.3903,6
10.3957,5
10.3957,3
10.4012,1
10.4069,0
10.4123,2
10.4124,0
10.4178,12
10.4351,1
10.4405,0
10.4459,3
10.446,0
10.4514,15
10.4514,14
10.4569,7
10.4624,5
10.4679,2
10.4788,0
10.4842,2
10.4847,0
10.4901,7
10.4902,0
10.4956,10
10.4957,6
10.5015,3
10.5069,2
10.5182,0
10.5346,6
10.5347,0
10.5401,5
10.5405,0
10.5459,6
10.546,0
10.5514,7
10.5515,6
10.5569,5
10.557,2
10.579,0
10.5846,13
10.5849,12
10.5904,10
10.5959,5
10.5959,4
10.6013,0
10.6067,13
10.6068,11
10.607,8
10.6072,0
10.6126,12
10.6131,0
10.6185,3
10.6185,0
10.624,8
10.624,6
10.6465,5
10.652,2
10.6574,1
10.6629,0
10.6737,1
10.6739,0
10.6793,3
10.6794,0
10.6848,2
10.6849,0
10.6903,11
10.6904,0
10.6958,1
10.6962,0
10.7016,10
10.7016,8
10.7071,5
10.7071,4
10.7125,3
10.7238,1
10.7293,0
10.7405,12
10.7411,8
10.7465,5
10.7466,1
10.7522,0
10.7523,15
10.7524,10
10.7526,8
10.758,7
10.7635,6
10.7689,5
10.769,2
10.7744,1
10.7853,0
10.7962,13
10.7965,3
10.8019,2
10.8077,1
10.8131,0
10.8133,11
10.8134,0
10.8188,6
10.8192,0
10.8246,5
10.8247,0
10.8301,6
10.8302,0
10.8356,5
10.8357,0
10.8411,7
10.8417,5
10.8472,0
10.8526,8
10.8527,7
10.8529,0
10.8638,14
10.8638,13
10.8693,5
10.8748,4
10.8803,0
10.8857,1
10.8859,0
10.886,1
10.8916,0
10.897,8
10.8971,3
10.8973,1
10.903,0
10.9084,5
10.9084,3
10.9198,0
10.9252,3
10.9252,0
10.9307,7
10.9307,1
10.9362,0
10.9471,14
10.9472,0
10.9526,4
10.953,0
10.9584,9
10.9585,0
10.9639,12
10.9641,0
10.9695,5
10.9695,4
10.975,3
10.9752,0
10.9806,10
10.9807,4
10.9862,2
10.9919,1
10.9921,0
10.9975,6
10.9976,0
11.003,9
11.0033,8
11.0093,6
11.0149,4
11.0203,0
11.0257,7
11.0261,3
11.0262,1
11.0538,0
11.0592,14
11.0595,9
11.0598,3
11.0655,2
11.0709,0
11.0763,11
11.0764,0
11.0818,15
11.082,0
11.0874,7
11.0875,0
11.0929,6
11.093,5
11.0932,4
11.0989,0
11.1101,4
11.1102,3
11.1157,0
11.1211,1
11.1214,0
11.1382,7
11.1383,6
11.144,3
11.1498,2
11.1664,1
11.1718,0
11.1827,1
11.1827,0
11.1881,6
11.1882,1
11.1937,0
11.1991,4
11.1994,2
11.2048,0
11.205,9
11.205,5
11.2105,4
11.216,0
11.2214,6
11.2214,5
11.2272,3
11.2327,0
11.2381,7
11.2381,6
11.249,5
11.2491,2
11.2493,0
11.2547,5
11.2553,1
11.2607,0
11.2661,7
11.2662,6
11.2716,5
11.2717,1
11.2771,0
11.2825,13
11.2826,12
11.288,11
11.2935,9
11.2937,5
11.2992,1
11.3049,0
11.3104,3
11.3158,0
11.3214,3
11.3215,0
11.3269,14
11.327,12
11.3382,9
11.3442,6
11.3497,5
11.3497,2
11.3499,1
11.3556,0
11.361,2
11.3611,0
11.3665,10
11.3666,0
11.372,6
11.3723,5
11.3725,4
11.3834,0
11.3888,8
11.3889,5
11.4023,3
11.4081,1
11.4135,0
11.4247,1
11.4247,0
11.4301,1
11.4302,0
11.4356,2
11.4359,1
11.4417,0
11.4525,2
11.4526,0
11.458,11
11.4581,2
11.4583,0
11.4749,13
11.475,1
11.4805,0
11.4859,9
11.486,0
11.4914,10
11.4915,2
11.4917,0
11.4971,3
11.4972,2
11.5085,1
11.5139,0
11.5194,11
11.5196,9
11.5251,5
11.5254,4
11.5308,3
11.5424,0
11.5478,5
11.5478,3
11.5533,1
11.5535,0
11.559,5
11.5594,4
11.6038,3
11.6151,0
11.6205,13
11.6205,12
11.626,7
11.6375,6
11.6597,2
11.6655,0
11.6763,7
11.6764,0
11.6818,13
11.6819,12
11.6821,7
11.6876,6
11.6878,4
11.6932,0
11.6986,15
11.6988,3
11.7043,0
11.7151,12
11.7153,0
11.7207,3
11.721,2
11.7265,1
11.7322,0
11.7376,9
11.7376,8
11.7377,7
11.7434,5
11.7491,4
11.7546,1
11.7601,0
11.7714,1
11.7715,0
11.7769,12
11.777,0
11.7824,8
11.7825,1
11.788,0
11.7935,5
11.7989,4
11.7991,2
11.8046,1
11.8323,0
11.8324,9
11.8325,8
11.8379,6
11.8547,0
11.8601,2
11.8602,0
11.8656,7
11.8657,0
11.8711,9
11.8715,7
11.8769,5
11.8769,3
11.8824,0
11.8878,2
11.8879,0
11.8933,11
11.8934,0
11.8988,12
11.8989,8
11.9046,7
11.9101,5
11.9101,2
11.933,0
11.9384,10
11.9385,9
11.9498,0
11.9552,12
11.9554,0
11.9608,1
11.9608,0
11.9662,2
11.9663,1
11.972,0
11.9774,13
11.9775,11
11.9829,10
11.9831,9
11.9831,8
11.9886,6
11.9888,5
11.9942,4
11.9997,0
12.0052,7
12.0106,5
12.0107,0
12.0108,4
12.0109,2
12.0163,0
12.0217,1
12.0221,0
12.0275,14
12.0275,12
12.033,11
12.0332,5
12.0442,2
12.0499,0
12.0666,10
12.0667,0
12.0721,10
12.0722,0
12.0777,2
12.078,0
12.0889,15
12.0892,12
12.0946,10
12.1001,9
12.1055,5
12.1056,3
12.1058,0
12.1059,9
12.1113,7
12.1168,6
12.1168,3
12.1226,2
12.1227,0
12.1282,12
12.1282,7
12.1337,5
12.1337,1
12.1395,0
12.1673,12
12.1675,0
12.1729,5
12.1734,3
12.1736,0
12.1899,10
12.19,3
12.1955,1
12.201,0
12.2064,10
12.2065,0
12.2119,9
12.212,8
12.2174,5
12.2232,0
12.2287,1
12.2341,0
12.24,15
12.24,13
12.2455,8
12.2678,7
12.2733,5
12.2733,0
12.2842,3
12.2845,2
12.2847,0
12.2959,8
12.296,0
12.2961,2
12.2962,1
12.2964,0
12.3018,9
12.3019,1
12.3073,0
12.3128,3
12.3128,2
12.3133,1
12.3187,0
12.3241,9
12.3243,0
12.3297,9
12.33,3
12.3355,0
12.3464,14
12.3468,12
12.3526,8
12.3581,5
12.3638,2
12.3693,1
12.3695,0
12.3803,11
12.3807,7
12.3861,5
12.3861,4
12.3916,3
12.3973,0
12.4027,12
12.4029,0
12.4083,7
12.4139,4
12.4194,0
12.4248,2
12.4248,0
12.4303,2
12.436,0
12.4361,5
12.4362,0
12.4416,14
12.4417,8
12.4419,7
12.4474,5
12.4529,0
12.4583,4
12.4586,2
12.4864,1
12.4919,0
12.5032,4
12.5033,0
12.5087,10
12.5088,9
12.5142,3
12.5197,1
12.5199,0
12.5253,10
12.5253,6
12.5311,0
12.5474,9
12.5475,6
12.548,5
12.5593,0
12.5647,8
12.5764,7
12.5766,6
12.5768,5
12.5829,0
12.583,2
12.5831,1
12.5885,0
12.594,10
12.6104,5
12.6104,2
12.6159,1
12.6326,0
12.6328,9
12.6328,6
12.6383,5
12.6383,0
12.6437,8
12.6438,3
12.6606,0
12.6993,5
12.6993,0
12.7219,4
12.722,0
12.7274,10
12.7275,1
12.7384,0
12.7438,10
12.7441,7
12.7498,3
12.75,2
12.7555,0
12.7663,8
12.7667,4
12.7724,3
12.7779,2
12.8001,0
12.8056,8
12.811,5
12.8111,0
12.8222,14
12.8223,5
12.8281,0
12.8335,7
12.8337,5
12.8391,3
12.8448,2
12.8503,0
12.8557,15
12.8559,0
12.8613,4
12.8613,2
12.8839,1
12.8896,0
12.9005,5
12.9005,0
12.9336,6
12.9337,2
12.9339,0
12.9394,1
12.9398,0
12.9452,12
12.9453,0
12.9507,15
12.9508,11
12.9622,4
12.9679,0
12.9788,7
12.9843,5
12.9843,1
12.9845,0
12.9846,11
12.9847,7
12.9905,1
12.9962,0
13.0017,8
13.0071,5
13.0126,3
13.0128,0
13.0183,12
13.0184,11
13.0293,5
13.0294,2
13.0348,0
13.0404,13
13.0405,9
13.0462,8
13.0517,6
13.0574,5
13.0629,3
13.0683,0
13.0795,14
13.0798,12
13.0853,11
13.0907,8
13.0967,6
13.1022,5
13.1187,4
13.1242,0
13.1296,7
13.1296,6
13.1351,5
13.1351,0
13.1405,11
13.1406,8
13.1463,7
13.1518,6
13.1572,5
13.1572,3
13.163,0
13.1684,1
13.1685,0
13.1739,15
13.1796,12
13.1851,11
13.1853,9
13.1907,3
13.1964,2
13.2019,1
13.2021,0
13.2022,10
13.2023,1
13.2078,0
13.2189,5
13.2189,3
13.2244,0
13.2246,10
13.2246,5
13.2248,4
13.2303,1
13.2358,0
13.2412,1
13.2412,0
13.2466,2
13.247,1
13.2524,0
13.2633,6
13.2634,0
13.2688,9
13.2688,5
13.2802,0
13.2916,2
13.2917,0
13.2921,14
13.2921,13
13.2976,7
13.3031,5
13.3031,0
13.3085,3
13.3086,0
13.314,4
13.3146,3
13.32,2
13.3255,0
13.3309,1
13.3309,0
13.3363,10
13.3364,8
13.3419,5
13.3473,3
13.3528,0
13.3582,10
13.3583,0
13.3637,8
13.3693,1
13.3697,0
13.3751,4
13.3752,3
13.3809,0
13.3863,7
13.3867,6
13.3921,5
13.3922,0
13.4198,13
13.4198,12
13.4255,10
13.431,5
13.431,2
13.4312,0
13.4366,2
13.4367,0
13.4422,1
13.4422,0
13.4424,6
13.4478,5
13.4478,4
13.4706,0
13.476,4
13.4761,0
13.4815,11
13.4818,8
13.4876,7
13.493,5
13.4931,0
13.4985,12
13.4986,7
13.5046,4
13.5101,2
13.5155,1
13.5157,0
13.5267,15
13.5322,9
13.5324,7
13.5379,5
13.5379,4
13.5488,3
13.5546,0
13.5601,4
13.5655,1
13.571,0
13.5711,9
13.5715,0
13.5769,1
13.5827,0
13.5881,10
13.5884,8
13.5996,7
13.5997,6
13.6052,5
13.611,0
13.6218,12
13.6219,5
13.6274,3
13.6331,0
13.6386,10
13.644,5
13.6441,1
13.6495,0
13.6497,13
13.6497,11
13.6552,9
13.6611,8
13.6665,5
13.6723,0
13.6832,7
13.689,5
13.6947,4
13.6949,3
13.6951,0
13.7007,9
13.7007,5
13.7062,2
13.7446,0
13.7557,4
13.7558,0
13.767,11
13.7727,10
13.7729,7
13.7784,5
13.7784,0
13.7786,12
13.7842,11
13.7899,8
13.7901,7
13.7956,6
13.7956,5
13.8013,0
13.8122,14
13.8125,12
13.818,10
13.84,5
13.84,0
13.8621,9
13.8625,8
13.8627,6
13.8681,5
13.8739,1
13.8797,0
13.8851,13
13.8853,10
13.891,9
13.9189,3
13.9247,0
13.9357,10
13.9358,4
13.9412,2
13.9467,1
13.9521,0
13.9575,8
13.9577,0
13.9631,8
13.9855,6
13.9858,0
13.9912,11
13.9918,8
13.9972,5
14.0034,4
14.0088,2
14.009,0
14.0092,3
14.0092,0
14.0147,14
14.0149,12
14.0206,9
14.0263,7
14.0265,5
14.032,3
14.0375,0
14.0376,10
14.0377,9
14.0379,7
14.0433,6
14.0488,5
14.0542,0
14.0597,13
14.0598,0
14.0652,3
14.0656,0
14.071,12
14.0711,10
14.0765,9
14.082,5
14.0875,3
14.0877,0
14.0879,6
14.0934,4
14.0989,0
14.11,15
14.1101,0
14.1155,9
14.1161,8
14.1219,5
14.1274,2
14.1328,1
14.1383,0
14.1437,2
14.144,1
14.1494,0
14.155,8
14.1551,0
14.166,14
14.1661,9
14.1663,5
14.172,4
14.1722,0
14.1776,12
14.1831,7
14.1886,6
14.194,5
14.194,4
14.1998,0
14.2052,2
14.2053,0
14.2107,14
14.2108,9
14.2165,8
14.2167,6
14.2225,0
14.2279,13
14.228,0
14.2334,10
14.2392,9
14.2446,7
14.2501,5
14.2501,4
14.2556,3
14.261,0
14.2665,3
14.2722,0
14.2724,15
14.2724,14
14.2779,13
14.2833,12
14.2891,11
14.2946,5
14.3059,2
14.3113,0
14.3167,3
14.3168,1
14.328,0
14.3334,3
14.3335,0
14.3389,7
14.339,0
14.3444,8
14.3445,0
14.3499,5
14.35,0
14.3554,3
14.3555,2
14.3609,0
14.3665,2
14.3666,0
14.372,3
14.372,0
14.3774,12
14.3776,0
14.383,11
14.3834,5
14.3836,3
14.3893,1
14.3897,0
14.4006,10
14.4009,8
14.4064,5
14.4064,4
14.4122,3
14.4176,2
14.4233,1
14.4235,0
14.4289,5
14.4293,4
14.4347,0
14.4456,8
14.4457,5
14.4511,3
14.4566,0
14.462,3
14.4621,0
14.4675,6
14.4676,0
14.473,6
14.473,3
14.4844,0
14.4953,9
14.4955,7
14.5012,6
14.5015,0
14.5016,9
14.5017,7
14.5074,5
14.5128,4
14.5183,0
14.5237,2
14.5238,0
14.5292,14
14.5293,0
14.5348,10
14.5351,8
14.5409,1
14.5518,0
14.5572,14
14.5573,11
14.5631,7
14.5633,0
14.5687,15
14.5689,0
14.5743,12
14.5744,9
14.5801,6
14.5856,5
14.591,2
14.6077,0
14.6131,5
14.6132,0
14.6186,14
14.6188,0
14.6242,3
14.6243,1
14.6245,0
14.6358,1
14.6359,0
14.6413,7
14.6414,0
14.6468,9
14.6689,8
14.6744,5
14.6744,0
14.6798,7
14.6802,4
14.6856,1
14.6911,0
14.7019,6
14.702,5
14.7135,0
14.7304,14
14.7361,6
14.7416,5
14.7416,1
14.7471,0
14.7473,20
14.7528,18
14.753,17
14.7532,15
14.7534,10
14.7589,8
14.7699,5
14.7754,0
14.7756,9
14.7756,7
14.7811,5
14.7813,2
14.787,0
14.7924,12
14.7926,0
14.798,7
14.7981,0
14.8035,7
14.8093,5
14.8206,4
14.8316,2
14.8318,1
14.8373,0
14.8427,2
14.8427,0
14.8481,1
14.8482,0
14.8536,4
14.8542,0
14.8596,9
14.8597,0
14.8651,12
14.8653,0
14.8707,11
14.8707,8
14.8762,7
14.8817,6
14.8929,5
14.8929,1
14.8984,0
14.9038,11
14.9039,0
14.9093,12
14.9094,10
14.9151,9
14.9206,7
14.926,5
14.926,3
14.9315,0
14.943,6
14.943,5
14.9485,1
14.9487,0
14.9543,11
14.9549,10
14.9603,9
14.9605,7
14.966,6
14.9714,5
14.9714,3
14.9769,2
14.9823,0
14.9877,14
14.9879,0
14.9933,6
14.9937,1
15.0048,0
15.0103,8
15.0104,6
15.0162,4
15.0164,2
15.0166,0
15.0277,7
15.0278,3
15.0333,0
15.0387,11
15.0387,10
15.0445,5
15.05,3
15.0502,0
15.061,2
15.0613,1
15.0667,0
15.0776,3
15.0777,0
15.0831,6
15.0832,0
15.094,8
15.1055,7
15.111,6
15.1164,5
15.1165,0
15.1219,13
15.1277,11
15.1331,9
15.1391,5
15.1391,4
15.1449,2
15.1506,1
15.1561,0
15.1617,13
15.1617,7
15.1672,6
15.1727,5
15.1781,4
15.1836,3
15.1838,0
15.1946,2
15.195,0
15.2004,11
15.2004,9
15.2006,8
15.2064,5
15.2064,2
15.2066,0
15.212,6
15.2123,3
15.2178,0
15.2236,31
15.2292,29
15.2294,28
15.2348,25
15.2403,23
15.2462,0
15.2464,4
15.2464,0
15.2519,10
15.2573,9
15.2628,6
15.2682,5
15.2737,4
15.2791,1
15.2846,0
15.29,5
15.2901,0
15.2955,12
15.2958,11
15.3013,8
15.3015,7
15.3069,5
15.307,2
15.3127,0
15.3181,14
15.3182,12
15.3184,11
15.3241,7
15.3299,6
15.3354,0
15.3408,7
15.3408,6
15.3466,0
15.352,8
15.3521,0
15.3687,11
15.3687,9
15.369,0
15.3745,5
15.3799,3
15.3853,0
15.3909,13
15.391,12
15.4028,5
15.4029,0
15.4083,5
15.4083,4
15.4138,0
15.4192,9
15.4193,3
15.425,2
15.436,0
15.4468,11
15.4469,5
15.4526,3
15.4528,1
15.4583,0
15.4637,8
15.4637,7
15.4692,1
15.4747,0
15.4801,11
15.4802,0
15.4856,14
15.4857,11
15.4859,7
15.4913,5
15.4914,4
15.4968,2
15.5025,1
15.5027,0
15.5136,12
15.5136,11
15.5191,5
15.5246,1
15.5303,0
15.5412,14
15.5418,13
15.5472,11
15.553,9
15.5587,8
15.5642,7
15.5696,5
15.5696,4
15.5861,0
15.5969,2
15.597,0
15.6024,1
15.6027,0
15.6081,11
15.6082,10
15.6084,7
15.6085,5
15.614,0
15.6249,2
15.6249,1
15.6254,0
15.6365,10
15.6369,7
15.6423,6
15.6539,2
15.6594,0
15.6648,4
15.6649,1
15.6703,0
15.6757,4
15.6758,2
15.6867,0
15.6921,8
15.6923,7
15.6978,5
15.6978,2
15.7033,1
15.7146,0
15.72,13
15.7201,7
15.7205,3
15.7259,1
15.7317,0
15.7371,5
15.7372,0
15.7426,4
15.7426,0
15.748,7
15.77,5
15.7701,3
15.7703,1
15.7757,0
15.7812,5
15.7867,0
15.7923,10
15.7924,0
15.7978,10
15.7979,2
15.7981,0
15.8035,7
15.8036,4
15.8093,2
15.8148,0
15.8202,5
15.8203,0
15.8257,8
15.8258,0
15.8312,5
15.8313,1
15.837,0
15.8589,8
15.8596,3
15.865,2
15.8711,0
15.8765,7
15.8766,0
15.882,14
15.882,11
15.8875,8
15.8878,0
15.8932,9
15.8933,0
15.8987,7
15.8989,6
15.9043,5
15.9044,3
15.9101,1
15.9156,0
15.9373,2
15.9377,0
15.9431,13
15.9431,12
15.9433,9
15.9436,2
15.9493,0
15.9602,11
15.9659,6
15.9714,5
15.9719,1
15.9721,0
15.9722,9
15.9723,7
15.9777,5
15.9778,0
15.9832,12
15.9832,11
16.0051,10
16.0105,9
16.0163,6
16.0217,5
16.0272,0
16.038,5
16.0381,0
16.0435,3
16.0439,1
16.0496,0
16.0551,9
16.0552,6
16.0607,5
16.0609,0
16.0611,1
16.0611,0
16.0665,12
16.0667,0
16.0721,11
16.0721,7
16.0944,6
16.0998,5
16.0999,0
16.122,10
16.1221,0
16.1275,12
16.1277,0
16.1331,14
16.1332,10
16.1391,9
16.1449,4
16.1506,3
16.1561,2
16.1615,1
16.1673,0
16.1727,2
16.1728,0
16.1782,10
16.1783,0
16.1837,10
16.1838,8
16.184,1
16.1895,0
16.1949,11
16.195,3
16.2004,2
16.2059,0
16.2113,4
16.2113,3
16.2115,0
16.217,3
16.2173,0
16.2227,5
16.2228,0
16.2282,2
16.2283,0
16.2337,10
16.2338,0
16.2392,14
16.2393,13
16.245,9
16.2505,6
16.2559,5
16.256,0
16.2671,13
16.2672,5
16.2727,4
16.2784,3
16.2844,2
16.2898,0
16.2953,4
16.2953,0
16.3009,9
16.301,0
16.3119,14
16.312,12
16.3174,11
16.3287,8
16.3289,7
16.3346,6
16.34,5
16.3455,1
16.346,0
16.3515,1
16.3518,0
16.3519,5
16.352,0
16.3574,4
16.3578,1
16.3632,0
16.3686,8
16.3689,6
16.3747,3
16.3801,1
16.3856,0
16.3912,8
16.3913,0
16.3967,3
16.3968,1
16.4131,0
16.4185,7
16.4187,0
16.4241,6
16.4244,0
16.4298,2
16.4299,0
16.4353,12
16.4354,8
16.4411,7
16.4465,5
16.4466,2
16.4468,0
16.4579,2
16.458,0
16.4634,13
16.4635,7
16.4692,2
16.4747,0
16.4801,3
16.4862,0
16.4916,5
16.4917,0
16.4971,11
16.4972,9
16.5026,7
16.5029,1
16.5083,0
16.5137,4
16.5138,0
16.5192,13
16.5193,9
16.5305,7
16.5359,5
16.5414,0
16.5468,12
16.547,0
16.5524,6
16.5528,0
16.5582,7
16.5583,0
16.5637,14
16.5637,12
16.5695,10
16.5755,9
16.581,7
16.5865,1
16.5865,0
16.592,5
16.5974,2
16.6029,0
16.6032,13
16.6087,5
16.6087,0
16.6142,1
16.6142,0
16.6196,12
16.6197,9
16.6306,5
16.6363,4
16.6418,1
16.6472,0
16.6526,7
16.6527,0
16.6581,12
16.6586,0
16.664,13
16.6641,0
16.6695,9
16.6702,8
16.6756,7
16.6811,5
16.6811,1
16.6866,0
16.692,1
16.6925,0
16.6981,7
16.7036,5
16.7038,2
16.7093,0
16.7147,3
16.7148,0
16.7202,6
16.7202,3
16.7257,0
16.7311,10
16.7312,0
16.7367,2
16.737,0
16.7424,13
16.7479,11
16.759,8
16.7705,6
16.7707,1
16.7762,0
16.7817,15
16.7823,9
16.7878,5
16.7878,4
16.7879,3
16.7934,1
16.7989,0
16.799,10
16.7991,8
16.8046,5
16.8046,3
16.81,1
16.8155,0
16.8264,10
16.8266,9
16.8323,8
16.8378,6
16.8432,5
16.8432,1
16.849,0
16.8547,14
16.8548,13
16.8605,10
16.866,6
16.8718,0
16.8772,2
16.8773,1
16.883,0
16.8941,8
16.8942,0
16.8997,1
16.8997,0
16.9052,2
16.9106,0
16.9107,7
16.9109,0
16.9163,2
16.9163,1
16.9218,0
16.9272,11
16.9274,10
16.9331,4
16.9386,2
16.9441,0
16.9442,8
16.9443,6
16.9445,2
16.9727,1
16.9781,0
16.9836,4
16.9893,0
16.9895,7
16.9896,4
16.995,0
17.0004,14
17.0005,13
17.0007,4
17.0062,0
17.0117,2
17.0119,0
17.0177,10
17.0177,9
17.0232,7
17.0286,5
17.0341,3
17.0343,0
17.0454,10
17.0456,0
17.051,4
17.0512,2
17.0567,0
17.0621,11
17.0622,5
17.0625,3
17.0737,1
17.0791,0
17.09,11
17.0907,0
17.0961,2
17.0961,0
17.107,5
17.1071,0
17.1127,13
17.1127,12
17.1182,8
17.1236,7
17.1291,5
17.1346,2
17.1403,0
17.1457,7
17.1512,5
17.1512,4
17.157,3
17.1571,2
17.1573,1
17.1628,0
17.1682,10
17.1686,0
17.174,12
17.1741,7
17.1798,6
17.1853,5
17.1853,2
17.191,1
17.1965,0
17.202,2
17.2074,0
17.2129,7
17.213,5
17.2295,0
17.2404,8
17.2405,0
17.2459,12
17.2463,0
17.2572,13
17.2575,12
17.263,7
17.2742,2
17.2744,1
17.2799,0
17.2853,11
17.2854,0
17.2908,15
17.2909,12
17.2967,8
17.2969,4
17.3023,3
17.3078,1
17.3132,0
17.3244,11
17.3249,10
17.3304,5
17.3304,4
17.3359,1
17.3528,0
17.3582,15
17.3637,12
17.3639,6
17.3694,0
17.3695,13
17.3696,6
17.3701,4
17.3703,2
17.376,0
17.3872,13
17.3873,8
17.3927,5
17.3928,2
17.3982,0
17.4094,11
17.4095,0
17.4149,12
17.415,2
17.4259,1
17.4314,0
17.4368,11
17.4369,3
17.4424,0
17.4535,9
17.4536,7
17.4538,5
17.4593,0
17.4647,11
17.4648,3
17.4702,0
17.4757,8
17.476,0
17.4815,4
17.4821,2
17.4876,0
17.493,5
17.493,0
17.4985,1
17.4985,0
17.5039,3
17.5043,0
17.5097,1
17.5097,0
17.5151,5
17.5152,4
17.5154,0
17.5208,11
17.5209,10
17.5429,9
17.5487,0
17.5541,6
17.5541,2
17.5596,0
17.565,1
17.5656,0
17.571,13
17.5712,0
17.5766,6
17.5769,4
17.5771,0
17.5825,4
17.5826,2
17.6105,1
17.6165,0
17.6219,12
17.6219,10
17.6274,9
17.6329,6
17.6383,5
17.6383,4
17.6496,0
17.6551,5
17.6551,0
17.6605,10
17.6606,4
17.6889,3
17.6944,0
17.6998,2
17.6998,0
17.7107,8
17.7108,0
17.7162,13
17.7163,7
17.7221,0
17.7275,12
17.7276,4
17.7386,1
17.744,0
17.7552,1
17.761,0
17.7613,14
17.7614,0
17.7724,11
17.7725,4
17.7726,3
17.7728,1
17.7785,0
17.7844,7
17.7844,6
17.7847,0
17.7901,9
17.7904,8
17.7906,7
17.7961,6
17.8015,5
17.8015,1
17.8023,0
17.8024,6
17.8025,0
17.8079,9
17.8081,0
17.8135,13
17.836,5
17.8415,0
17.8469,5
17.8469,0
17.8524,5
17.8524,0
17.8579,9
17.8583,0
17.8638,2
17.8641,1
17.8695,0
17.875,3
17.8751,0
17.8752,5
17.8752,4
17.881,1
17.8923,0
17.8978,7
17.8982,4
17.8984,0
17.9095,10
17.9097,1
17.9154,0
17.9262,12
17.9263,10
17.9318,6
17.9318,4
17.9373,3
17.9427,1
17.9537,0
17.9591,9
17.9592,0
17.9646,11
17.9649,10
17.9704,7
17.9761,3
17.9816,2
17.9818,0
17.9872,5
17.9933,3
18.0042,0
18.0096,11
18.01,9
18.0155,5
18.0155,3
18.0158,0
18.0212,3
18.0213,2
18.0214,0
18.027,3
18.0271,1
18.0325,0
18.0379,4
18.038,0
18.0434,13
18.0435,2
18.0437,0
18.0491,14
18.0493,3
18.0547,0
18.0714,15
18.0715,13
18.0773,12
18.0827,10
18.0885,1
18.0943,0
18.0999,13
18.0999,12
18.1054,9
18.1108,0
18.1217,1
18.1218,0
18.1328,12
18.1332,7
18.1386,5
18.1387,0
18.1441,3
18.1441,2
18.1496,0
18.1552,1
18.1552,0
18.1606,3
18.1607,1
18.1664,0
18.1773,14
18.1774,0
18.1829,6
18.183,0
18.1884,6
18.1885,0
18.1939,15
18.1942,12
18.2057,6
18.2112,5
18.2112,1
18.217,0
18.2224,1
18.2224,0
18.2278,3
18.2279,0
18.2334,1
18.2336,0
18.2337,16
18.2445,13
18.2447,11
18.2501,9
18.2556,5
18.2556,4
18.2668,3
18.2723,0
18.2725,8
18.2725,5
18.2835,4
18.2889,3
18.2891,2
18.2948,0
18.3003,3
18.3006,1
18.3011,0
18.3065,13
18.3066,0
18.312,1
18.3121,0
18.3176,13
18.3343,10
18.3345,7
18.34,6
18.3454,5
18.3454,2
18.3457,0
18.3513,8
18.3515,0
18.3623,6
18.3624,0
18.3678,13
18.3681,12
18.3736,10
18.3738,9
18.3793,6
18.385,5
18.3905,0
18.3959,3
18.4019,1
18.4074,0
18.4128,11
18.4128,10
18.4186,9
18.4295,8
18.4349,5
18.435,1
18.4404,0
18.4458,6
18.4459,0
18.4513,6
18.4514,0
18.4568,1
18.4569,0
18.4623,8
18.4624,0
18.4678,10
18.468,0
18.4734,13
18.474,12
18.4794,11
18.4852,9
18.5075,6
18.513,5
18.5187,2
18.5245,0
18.5354,11
18.5408,9
18.5411,0
18.5466,2
18.5467,0
18.5684,15
18.5686,7
18.5687,6
18.5799,5
18.5799,4
18.5854,0
18.5908,10
18.5909,7
18.5963,4
18.5965,1
18.5967,0
18.6021,1
18.6025,0
18.6079,15
18.608,9
18.6083,5
18.6138,1
18.6251,0
18.6305,4
18.6305,0
18.6359,10
18.6365,9
18.642,6
18.6641,5
18.6641,1
18.6696,0
18.6804,4
18.6807,3
18.6809,0
18.6864,11
18.6974,9
18.7031,6
18.7086,5
18.7086,4
18.7089,0
18.7091,12
18.72,5
18.7258,3
18.726,2
18.7369,0
18.7423,11
18.7426,10
18.7428,9
18.7482,7
18.7537,6
18.7646,5
18.7647,0
18.7755,14
18.7759,9
18.7814,7
18.7868,5
18.7868,4
18.7923,2
18.7977,1
18.8032,0
18.8086,4
18.809,0
18.8144,14
18.8145,8
18.8148,3
18.8258,0
18.8312,13
18.8315,8
18.837,7
18.8425,5
18.8482,4
18.8539,0
18.8594,1
18.8815,0
18.8816,7
18.8869,5
18.887,0
18.8924,11
18.8924,10
18.9034,7
18.9036,0
18.9091,12
18.9094,11
18.9152,0
18.9209,12
18.9211,8
18.9213,4
18.9268,0
18.9269,5
18.927,4
18.9272,0
18.9327,8
18.9329,2
18.9331,0
18.9333,9
18.9334,0
18.939,6
18.9393,2
18.9395,0
18.9397,20
18.9615,19
18.9616,18
18.9671,17
18.9673,15
18.9675,14
18.9784,13
18.9842,3
18.9897,0
18.9898,9
18.9899,7
19.0064,5
19.0065,0
19.0066,8
19.0067,6
19.0124,3
19.0179,2
19.0457,0
19.0571,13
19.0626,9
19.068,7
19.0682,3
19.0737,0
19.0739,7
19.074,1
19.0741,0
19.0797,1
19.0798,0
19.0852,2
19.0909,1
19.0964,0
19.1018,14
19.102,0
19.1074,6
19.1074,2
19.1187,0
19.1241,12
19.1242,8
19.1244,5
19.1298,0
19.1353,4
19.1353,0
19.1407,10
19.1411,5
19.1521,4
19.1578,0
19.1632,9
19.1636,7
19.169,5
19.169,4
19.1745,2
19.1799,0
19.1854,3
19.1914,0
19.197,8
19.1971,0
19.2025,2
19.2029,0
19.2083,3
19.2083,2
19.2416,0
19.247,9
19.2525,8
19.2527,1
19.2637,0
19.2691,14
19.2692,1
19.2747,0
19.2801,10
19.2802,0
19.2856,12
19.2858,0
19.2912,4
19.297,2
19.3024,0
19.3078,5
19.3079,0
19.3134,11
19.3136,8
19.3138,7
19.3196,0
19.3309,10
19.3311,0
19.3365,7
19.3366,0
19.342,2
19.3421,0
19.3475,2
19.3477,1
19.3587,0
19.3588,15
19.3589,12
19.3591,11
19.3645,10
19.37,9
19.3702,0
19.3756,1
19.3757,0
19.3811,5
19.3811,3
19.3866,2
19.3921,0
19.3975,2
19.3975,0
19.4029,3
19.4033,0
19.4087,7
19.4371,5
19.4373,4
19.4431,0
19.4485,8
19.4486,0
19.454,10
19.4543,9
19.4545,5
19.46,3
19.4654,0
19.4708,1
19.4708,0
19.4763,13
19.4763,10
19.4766,2
19.4768,0
19.4876,13
19.4877,5
19.4879,4
19.5103,0
19.5157,14
19.5158,9
19.516,7
19.5161,6
19.5219,5
19.5384,3
19.5439,0
19.5493,4
19.5494,0
19.5548,3
19.5551,0
19.5661,5
19.5718,0
19.5719,12
19.572,10
19.5776,9
19.5831,5
19.5831,3
19.5886,0
19.594,6
19.594,4
19.5942,2
19.6,1
19.6054,0
19.611,3
19.6113,2
19.617,0
19.6224,4
19.6228,0
19.6282,7
19.6283,3
19.6338,0
19.6392,1
19.6392,0
19.6558,5
19.6559,1
19.6723,0
19.6777,8
19.678,7
19.6835,5
19.6835,1
19.6945,0
19.7056,9
19.7057,0
19.7166,9
19.7167,0
19.7221,15
19.7223,0
19.7277,11
19.7281,9
19.7338,4
19.734,3
19.7395,2
19.7449,1
19.7672,0
19.7835,3
19.7835,1
19.789,0
19.7998,5
19.8004,3
19.8059,2
19.8114,0
19.8168,5
19.8168,4
19.8223,2
19.828,0
19.8335,13
19.8335,10
19.8395,8
19.845,7
19.8507,6
19.8565,4
19.8619,3
19.8674,0
19.8728,6
19.8729,4
19.8731,2
19.8785,0
19.8839,1
19.884,0
19.8894,3
19.8894,1
19.8949,0
19.9003,12
19.9005,0
19.9059,13
19.906,0
19.9114,8
19.9116,0
19.917,11
19.9171,0
19.9225,5
19.9228,4
19.9343,3
19.94,2
19.9455,0
19.9511,5
19.9511,1
19.9569,0
19.9623,8
19.968,4
19.9734,2
19.9789,0
19.9792,1
19.9793,0
19.9847,10
19.9847,8
19.9849,2
19.9904,0
19.9958,9
19.9959,4
20.0014,2
20.0071,0
20.0126,7
20.018,6
20.0234,5
20.0234,3
20.0292,2
20.0294,1
20.0406,0
20.0408,13
20.0741,3
20.0796,0
20.0797,8
20.0798,7
20.0964,5
20.0964,3
20.1021,0
20.1075,2
20.1079,0
20.1133,6
20.1134,2
20.1243,0
20.1297,9
20.1298,3
20.1301,2
20.1359,1
20.1413,0
20.1467,1
20.1468,0
20.1522,14
20.1524,0
20.1578,9
20.1579,0
20.1633,15
20.1634,10
20.1746,9
20.18,8
20.1802,6
20.1804,5
20.1859,2
20.1913,0
20.1968,13
20.1968,10
20.2023,9
20.2077,6
20.2135,0
20.2189,4
20.219,3
20.2245,0
20.2353,5
20.2354,2
20.2414,0
20.2468,13
20.2471,12
20.2525,11
20.2863,9
20.2917,7
20.2972,6
20.2973,0
20.3081,6
20.3082,4
20.3139,2
20.3194,0
20.3248,9
20.3248,7
20.3475,6
20.3477,0
20.3701,10
20.3701,9
20.3703,8
20.3705,6
20.3707,0
20.3761,10
20.3762,8
20.3871,5
20.3871,4
20.3873,2
20.4373,0
20.4485,15
20.4542,14
20.4545,9
20.4602,4
20.477,3
20.4827,1
20.4829,0
20.4832,13
20.4885,12
20.4887,11
20.4889,9
20.4944,5
20.4944,4
20.4998,2
20.5053,0
20.5055,14
20.5055,12
20.5168,11
20.5223,7
20.5277,6
20.5335,5
20.5389,0
20.5444,5
20.5447,0
20.5501,12
20.5502,10
20.5666,6
20.5668,3
20.5725,1
20.578,0
20.5834,12
20.5836,0
20.589,1
20.5893,0
20.6001,14
20.6002,12
20.6056,8
20.611,7
20.6165,5
20.6223,0
20.6277,6
20.6278,0
20.6332,7
20.6333,0
20.6387,9
20.6388,8
20.639,0
20.6444,8
20.6445,0
20.6499,10
20.6616,8
20.6618,7
20.6619,6
20.6674,5
20.6731,4
20.6786,0
20.684,12
20.6841,8
20.6949,6
20.6951,4
20.7009,3
20.7063,0
20.7118,4
20.7118,0
20.7172,14
20.7173,9
20.7285,7
20.734,6
20.7397,4
20.7452,2
20.7509,0
20.7564,7
20.7564,2
20.7621,0
20.773,11
20.7733,2
20.7736,0
20.7792,10
20.7794,0
20.7848,11
20.7849,0
20.7903,5
20.7904,0
20.7958,15
20.796,0
20.8014,13
20.8014,12
20.8069,6
20.8179,5
20.8179,4
20.8181,0
20.8236,3
20.8239,2
20.8293,0
20.8348,1
20.835,0
20.8461,13
20.8461,11
20.8519,2
20.8574,0
20.8628,11
20.863,0
20.8684,8
20.8796,6
20.8851,5
20.8851,0
20.896,14
20.8961,9
20.9235,6
20.929,5
20.929,0
20.9344,11
20.9346,0
20.94,3
20.94,0
20.9515,5
20.9515,3
20.9572,2
20.963,1
20.9684,0
20.9739,4
20.9739,0
20.9793,14
20.9795,3
20.9854,0
20.9909,14
20.9911,13
20.9913,8
20.9968,0
20.9969,7
20.997,3
20.9972,0
21.0026,1
21.0027,0
21.0081,13
21.0082,0
21.0136,10
21.0138,0
21.0192,1
21.0192,0
21.0301,15
21.0304,12
21.0525,10
21.0526,9
21.0529,8
21.0753,6
21.081,5
21.0865,3
21.0919,0
21.1028,15
21.1029,10
21.1084,5
21.1084,3
21.1138,2
21.1195,0
21.1249,13
21.1251,0
21.1305,15
21.1306,11
21.1532,10
21.159,0
21.1644,14
21.1645,6
21.1758,5
21.176,1
21.1815,0
21.1871,15
21.1872,7
21.1929,5
21.1984,0
21.2096,7
21.2097,0
21.2151,7
21.2152,0
21.226,13
21.2261,5
21.2316,1
21.2428,0
21.2483,3
21.2483,0
21.2537,6
21.2538,5
21.2597,4
21.2599,2
21.2656,0
21.2711,5
21.2711,4
21.2766,0
21.2822,11
21.2823,0
21.2877,5
21.2878,0
21.2932,2
21.2938,1
21.2995,0
21.3049,2
21.305,1
21.3104,0
21.316,2
21.316,0
21.3323,8
21.3324,5
21.3382,0
21.349,1
21.3491,0
21.3545,3
21.3599,1
21.3657,0
21.3711,9
21.3711,6
21.3769,3
21.3824,0
21.3878,7
21.3879,0
21.3933,6
21.3939,5
21.3993,3
21.4051,1
21.4105,0
21.4214,11
21.4215,0
21.4269,7
21.427,0
21.4324,14
21.4325,10
21.4383,4
21.4438,0
21.4492,14
21.4493,0
21.4547,6
21.4548,4
21.4603,1
21.466,0
21.4714,12
21.4716,0
21.477,15
21.477,12
21.4828,5
21.4885,4
21.4943,0
21.4997,14
21.4998,8
21.5,2
21.5055,0
21.5111,8
21.5112,2
21.5166,0
21.5221,5
21.5222,0
21.5223,11
21.5224,1
21.5226,0
21.528,5
21.5281,0
21.5335,4
21.539,2
21.5447,1
21.5502,0
21.5556,8
21.5557,0
21.5611,1
21.5612,0
21.5666,6
21.5667,0
21.5721,5
21.5724,2
21.5782,0
21.5836,10
21.5839,7
21.5841,5
21.5843,2
21.5897,0
21.5959,13
21.6012,10
21.6067,7
21.6121,6
21.6176,5
21.6176,0
21.6232,7
21.6233,3
21.6343,0
21.6397,11
21.6398,0
21.6452,12
21.6456,11
21.6511,5
21.6511,4
21.6565,2
21.6622,0
21.6676,1
21.6677,0
21.6731,8
21.6735,3
21.6736,2
21.6848,1
21.7129,0
21.7184,12
21.7185,4
21.7239,2
21.7294,0
21.7457,2
21.7458,0
21.7512,3
21.7513,0
21.7567,3
21.7568,0
21.7622,10
21.7626,1
21.768,0
21.7734,3
21.7738,0
21.7792,14
21.7793,10
21.785,5
21.7905,0
21.8017,3
21.802,1
21.8074,0
21.8238,6
21.8239,0
21.8293,2
21.8294,0
21.8348,7
21.8403,5
21.8458,4
21.846,0
21.8461,15
21.8463,5
21.8517,0
21.8628,10
21.863,0
21.8684,14
21.8685,6
21.8687,0
21.8741,13
21.8742,11
21.9242,1
21.9302,0
21.9413,10
21.9415,0
21.9469,14
21.9471,11
21.9473,10
21.953,8
21.964,5
21.964,3
21.9695,0
21.9749,9
21.9749,6
21.9807,0
21.9916,13
21.9916,9
22.0416,3
22.0528,1
22.0582,0
22.0636,9
22.0637,2
22.0916,0
22.097,6
22.0971,0
22.1085,10
22.1094,9
22.1149,5
22.1204,0
22.1258,2
22.1258,0
22.1312,10
22.137,5
22.1371,2
22.1372,0
22.1481,9
22.1482,0
22.1538,12
22.1539,11
22.1818,5
22.1818,0
22.1872,2
22.1875,0
22.193,15
22.193,14
22.199,10
22.2044,9
22.2099,7
22.2154,5
22.2211,0
22.2265,9
22.2266,2
22.2321,0
22.243,1
22.243,0
22.2484,9
22.2485,2
22.2487,1
22.2541,0
22.2595,15
22.2599,12
22.2601,11
22.2603,2
22.266,1
22.2715,0
22.2769,8
22.277,0
22.2824,14
22.2826,0
22.288,7
22.2886,5
22.2944,3
22.2999,0
22.3053,3
22.3053,0
22.3162,15
22.3165,14
22.322,13
22.3221,12
22.3332,10
22.3386,5
22.3387,0
22.3499,15
22.3501,14
22.3555,11
22.3558,7
22.3615,6
22.367,5
22.3724,3
22.3781,2
22.3836,0
22.3892,7
22.3896,0
22.395,14
22.3951,8
22.3954,7
22.4008,6
22.4009,0
22.4063,11
22.4064,10
22.4066,6
22.4068,0
22.4122,11
22.4123,8
22.4232,5
22.4233,1
22.4287,0
22.4401,7
22.4402,5
22.4457,2
22.4511,0
22.462,9
22.4677,7
22.4732,5
22.4789,4
22.4844,2
22.4846,0
22.4959,11
22.496,0
22.5015,1
22.5015,0
22.5126,3
22.513,2
22.5187,0
22.5241,5
22.5242,0
22.5296,6
22.5297,1
22.5517,0
22.5571,8
22.5572,0
22.5626,11
22.5627,0
22.5681,9
22.5685,3
22.574,0
22.5848,1
22.5849,0
22.5903,3
22.5903,1
22.6016,0
22.607,1
22.6127,0
22.6183,9
22.6184,6
22.6241,5
22.6299,2
22.6353,0
22.641,8
22.6465,5
22.6465,3
22.6519,1
22.6574,0
22.6575,5
22.6576,3
22.6578,1
22.6632,0
22.6687,11
22.669,7
22.6745,5
22.6745,2
22.68,0
22.6854,2
22.6854,0
22.6908,14
22.6909,13
22.6914,12
22.6971,8
22.7029,4
22.7139,0
22.7194,11
22.7199,10
22.7253,8
22.7308,7
22.7362,5
22.7473,0
22.7474,15
22.7475,14
22.7477,10
22.7531,9
22.7698,7
22.7753,5
22.7753,2
22.7808,0
22.7862,15
22.7864,0
22.7918,12
22.7919,4
22.7977,0
22.8031,14
22.8088,11
22.8143,10
22.8198,5
22.8198,0
22.8252,10
22.8258,9
22.826,8
22.8314,7
22.8369,6
22.8479,5
22.8479,3
22.8534,1
22.8588,0
22.8751,5
22.8751,0
22.8806,10
22.8809,5
22.8864,3
22.8866,0
22.892,6
22.892,5
22.8978,3
22.9035,0
22.9314,5
22.9315,0
22.9369,13
22.937,11
22.9425,5
22.9425,3
22.948,1
22.9644,0
22.9699,14
22.97,0
22.9754,4
22.9758,0
22.9812,6
22.9813,4
22.9815,1
22.9816,0
22.9979,1
22.998,0
23.0034,12
23.0037,9
23.0039,5
23.0042,0
23.0096,10
23.0097,4
23.01,3
23.0154,0
23.0208,8
23.021,0
23.0264,3
23.0269,0
23.0331,10
23.0332,0
23.0386,8
23.0387,5
23.0441,3
23.0496,2
23.0498,0
23.0606,2
23.0607,0
23.0771,2
23.0775,0
23.0883,10
23.0884,4
23.0942,3
23.0996,1
23.0998,0
23.1052,8
23.1056,6
23.111,5
23.111,4
23.1168,0
23.1222,13
23.1222,12
23.1277,11
23.1334,10
23.1389,9
23.1443,5
23.1444,4
23.1608,0
23.1663,7
23.1717,6
23.1771,5
23.1771,3
23.1773,1
23.1828,0
23.1829,12
23.1833,11
23.1945,10
23.1946,9
23.2001,7
23.2056,5
23.2056,2
23.2113,1
23.2171,0
23.2225,4
23.2225,3
23.2335,0
23.239,9
23.2392,5
23.2447,3
23.2504,0
23.2505,11
23.2506,9
23.2561,5
23.2561,3
23.2563,0
23.2619,14
23.2676,10
23.2731,8
23.2785,7
23.2897,5
23.2897,2
23.2952,0
23.3007,15
23.3009,14
23.3064,13
23.3124,12
23.3181,10
23.3184,2
23.3348,1
23.3403,0
23.3404,7
23.3405,0
23.3459,10
23.3463,9
23.352,8
23.3522,7
23.3576,5
23.3576,4
23.3631,3
23.3633,1
23.3687,0
23.3742,2
23.3742,1
23.3797,0
23.3851,12
23.4076,11
23.4131,6
23.4135,1
23.4192,0
23.43,4
23.4301,0
23.4355,12
23.4357,0
23.4411,3
23.4417,0
23.4525,4
23.4526,1
23.4528,0
23.4582,3
23.4637,0
23.4694,8
23.4695,5
23.4749,4
23.4861,2
23.4916,0
23.497,10
23.4971,2
23.4973,0
23.5194,7
23.5194,6
23.5252,4
23.5306,3
23.5417,0
23.5471,14
23.5472,0
23.5527,10
23.5528,0
23.5582,2
23.5588,0
23.5642,13
23.5643,0
23.5697,2
23.5698,0
23.5752,10
23.5754,0
23.5808,9
23.5808,7
23.5863,6
23.592,4
23.5975,0
23.6029,7
23.603,0
23.6084,4
23.6085,0
23.6139,9
23.614,0
23.6194,15
23.6199,0
23.6253,5
23.6253,4
23.6308,3
23.6362,2
23.642,0
23.6531,2
23.6532,0
23.6586,2
23.6587,0
23.6641,11
23.6641,7
23.6758,5
23.6812,3
23.6867,0
23.6921,10
23.6922,0
23.6976,2
23.6977,0
23.7031,12
23.7033,0
23.7087,14
23.7093,12
23.7147,10
23.7256,5
23.7259,4
23.7314,3
23.7369,0
23.7423,3
23.7426,0
23.748,12
23.7483,9
23.7485,8
23.754,6
23.754,4
23.7595,0
23.7651,2
23.7651,0
23.7705,10
23.7707,0
23.7761,7
23.7763,6
23.7817,5
23.7817,3
23.7872,0
23.7926,15
23.7927,14
23.7929,13
23.7987,6
23.8041,5
23.8041,1
23.8043,0
23.8097,1
23.8098,0
23.8152,11
23.8152,9
23.8207,5
23.8207,4
23.8212,3
23.8267,1
23.8268,0
23.838,6
23.8381,2
23.8438,0
23.8492,5
23.8496,3
23.8553,1
23.8607,0
23.8717,9
23.8831,5
23.8831,0
23.8833,3
23.8833,0
23.8888,13
23.8888,12
23.8943,5
23.8943,3
23.9001,0
23.9055,13
23.9056,9
23.911,6
23.9165,5
23.9165,0
23.9274,12
23.9331,11
23.9386,8
23.9388,5
23.9443,3
23.95,0
23.9556,10
23.9557,9
23.9559,6
23.9561,0
23.9724,13
23.9725,7
23.9779,6
23.9834,5
23.9888,2
23.9943,0
23.9998,11
24,10
24.0055,5
24.0055,4
24.011,0
24.0111,7
24.0112,2
24.028,0
24.0334,6
24.0448,2
24.0508,0
24.0616,7
24.0617,4
24.0672,0
24.0729,12
24.073,11
24.0784,9
24.0839,7
24.0894,0
24.0948,12
24.1005,9
24.106,8
24.1062,7
24.1064,4
24.1118,2
24.1173,1
24.1175,0
24.1283,4
24.1287,0
24.1341,7
24.1342,3
24.1565,0
24.1619,11
24.1624,10
24.1679,7
24.1681,4
24.1738,3
24.1793,1
24.1847,0
24.1849,6
24.1902,0
24.1903,10
24.1904,6
24.1906,0
24.1961,10
24.1961,6
24.1963,3
24.2018,0
24.2072,5
24.2073,0
24.2127,7
24.213,6
24.2185,5
24.2185,0
24.224,1
24.2242,0
24.2243,6
24.2244,3
24.2247,2
24.2301,0
24.2355,13
24.236,0
24.2414,5
24.2414,4
24.2469,2
24.2471,0
24.2525,3
24.2526,2
24.2637,0
24.2746,8
24.2747,0
24.2801,2
24.2802,0
24.2856,8
24.2856,7
24.2858,4
24.2913,0
24.313,4
24.3134,2
24.3188,0
24.3242,1
24.3243,0
24.3297,13
24.3298,12
24.3356,1
24.3416,0
24.347,8
24.3471,0
24.3525,7
24.3526,2
24.3584,0
24.3638,1
24.3747,0
24.3748,4
24.3749,3
24.3803,2
24.3858,0
24.3912,4
24.3915,0
24.3969,6
24.397,5
24.4082,0
24.4191,14
24.4191,10
24.4249,9
24.4303,8
24.4361,1
24.4415,0
24.4469,13
24.447,8
24.4581,7
24.4583,5
24.4585,2
24.4643,0
24.4751,13
24.4753,0
24.4807,7
24.4808,1
24.4862,0
24.4971,1
24.4972,0
24.5026,14
24.5027,0
24.5081,1
24.5082,0
24.5136,9
24.5139,7
24.5194,5
24.5249,3
24.5303,1
24.5358,0
24.5524,6
24.5525,0
24.5579,15
24.5579,14
24.5746,7
24.5804,2
24.5914,0
24.5968,8
24.5969,5
24.5973,4
24.5975,1
24.603,0
24.6138,1
24.6142,0
24.6196,7
24.6251,6
24.6253,5
24.631,4
24.6365,0
24.6366,5
24.637,4
24.6372,0
24.6484,13
24.6596,12
24.6656,11
24.6711,9
24.6877,5
24.6931,0
24.6987,13
24.6988,11
24.7043,5
24.7043,1
24.7098,0
24.7152,15
24.7157,13
24.7211,12
24.7266,11
24.7324,2
24.7326,0
24.7436,2
24.7439,0
24.7493,10
24.7494,8
24.7551,7
24.766,5
24.7718,1
24.7775,0
24.7829,11
24.783,8
24.7884,7
24.7939,5
24.7939,2
24.7994,0
24.8049,2
24.805,0
24.8052,4
24.8052,3
24.8107,0
24.8162,12
24.8163,4
24.8221,3
24.8275,0
24.8279,14
24.8279,13
24.8337,11
24.8391,10
24.8446,9
24.8503,5
24.8561,3
24.8671,2
24.8726,0
24.8727,5
24.8728,0
24.8782,3
24.8785,2
24.8839,0
24.8841,4
24.8842,0
24.8896,13
24.8897,0
24.8953,4
24.8953,3
24.9008,2
24.9063,1
24.9117,0
24.9172,12
24.9229,10
24.9284,6
24.9286,4
24.934,1
24.945,0
24.9618,13
24.9619,12
24.9674,7
24.9728,5
24.9786,1
24.9841,0
24.9895,8
24.9897,7
24.9952,5
24.9952,3
25.0007,0
25.0061,10
25.0062,0
25.0117,7
25.0171,5
25.0172,1
25.0229,0
25.0285,11
25.0286,7
25.0288,3
25.0397,0
25.0452,5
25.0512,4
25.0514,0
25.0515,1
25.0516,0
25.057,9
25.057,8
25.0572,7
25.0681,5
25.0682,4
25.0739,3
25.0796,1
25.0851,0
25.0959,13
25.0961,0
25.1015,12
25.1016,6
25.107,5
25.1181,2
25.1236,0
25.129,15
25.1293,13
25.1348,5
25.1349,0
25.1403,8
25.1403,5
25.1406,0
25.1516,8
25.1517,7
25.1519,6
25.1631,5
25.1686,3
25.174,0
25.1794,14
25.1796,0
25.185,6
25.1851,4
25.2076,2
25.2131,0
25.224,1
25.224,0
25.2294,8
25.2352,5
25.2407,2
25.2464,0
25.2573,8
25.2576,6
25.2631,5
25.2631,3
25.2688,1
25.2743,0
25.2798,1
25.2852,0
25.2853,4
25.2854,0
25.2908,15
25.291,0
25.3024,1
25.3024,0
25.3078,15
25.3134,5
25.3134,0
25.3188,1
25.3189,0
25.3297,6
25.3298,0
25.3352,6
25.3356,1
25.341,0
25.3464,13
25.3465,4
25.352,2
25.3522,1
25.3691,0
25.3745,8
25.3746,3
25.38,1
25.3858,0
25.3912,9
25.3913,1
25.4021,0
25.4075,7
25.4076,0
25.4131,5
25.4133,0
25.4296,9
25.4297,6
25.4463,5
25.4464,3
25.4518,1
25.4685,0
25.4739,7
25.4741,0
25.4795,2
25.4795,0
25.4849,12
25.4851,0
25.4905,11
25.4911,10
25.4965,5
25.4967,4
25.5132,1
25.5186,0
25.5295,1
25.5295,0
25.5349,9
25.5353,5
25.552,0
25.5576,2
25.5577,0
25.5688,10
25.5689,4
25.5692,3
25.5747,0
25.5855,8
25.5856,0
25.5911,15
25.5914,12
25.5969,5
25.6026,4
25.6081,3
25.6136,0
25.6245,11
25.63,5
25.63,0
25.6303,15
25.6304,13
25.6359,9
25.6414,6
25.6414,5
25.6417,0
25.6471,2
25.6472,1
25.6474,0
25.6528,1
25.6528,0
25.6582,5
25.6583,3
25.664,2
25.6697,1
25.6699,0
25.681,9
25.6811,0
25.692,3
25.6921,0
25.6975,10
25.6976,0
25.703,7
25.7031,0
25.7085,4
25.7086,0
25.714,3
25.7144,0
25.7253,14
25.7308,6
25.7362,5
25.7365,0
25.7366,13
25.7367,5
25.7425,3
25.7535,0
25.7643,14
25.7645,0
25.7699,14
25.7706,7
25.7763,6
25.7872,5
25.7873,1
25.7875,0
25.7929,15
25.793,0
25.8044,11
25.8045,3
25.8154,1
25.8208,0
25.8262,1
25.8263,0
25.8317,4
25.8318,3
25.8372,1
25.8374,0
25.8428,7
25.8431,6
25.8486,5
25.8486,3
25.8596,0
25.865,2
25.8651,0
25.8705,5
25.8708,2
25.8768,1
25.8823,0
25.8931,5
25.8932,3
25.9208,2
25.9263,0
25.9317,2
25.932,0
25.9428,15
25.9429,11
25.9487,5
25.9541,4
25.9595,2
25.965,0
25.9704,15
25.9705,14
25.9762,8
25.9764,4
25.9875,0
25.9929,15
25.9935,13
25.9992,10
26.0102,5
26.0102,1
26.0213,0
26.0375,14
26.0376,12
26.0378,8
26.038,0
26.0489,5
26.0492,4
26.0547,2
26.0601,1
26.0656,0
26.071,1
26.071,0
26.0765,13
26.0769,3
26.077,2
26.0993,0
26.1047,4
26.1048,0
26.1102,2
26.1108,1
26.111,0
26.1164,14
26.1164,11
26.1219,10
26.1274,5
26.1274,3
26.1328,0
26.1382,12
26.1383,9
26.1385,5
26.1387,0
26.1441,15
26.1442,14
26.15,11
26.1554,0
26.1609,10
26.161,0
26.1664,1
26.1665,0
26.1719,5
26.1719,1
26.1721,0
26.1775,6
26.1779,0
26.1833,4
26.1834,0
26.1888,14
26.1897,7
26.1952,5
26.1952,2
26.2007,0
26.2118,13
26.2119,10
26.2177,6
26.2178,5
26.2233,4
26.2288,2
26.2289,1
26.2344,0
26.2398,3
26.2453,0
26.2507,15
26.251,13
26.2565,9
26.2677,6
26.2731,5
26.2954,1
26.3011,0
26.3065,7
26.3123,3
26.3178,0
26.3232,3
26.3233,0
26.3287,6
26.3288,0
26.3342,1
26.3342,0
26.3396,5
26.3397,0
26.3506,9
26.3506,7
26.3564,5
26.3619,0
26.3673,12
26.3674,7
26.373,6
26.3785,5
26.3785,4
26.3898,0
26.3952,7
26.3956,3
26.401,2
26.407,0
26.4124,7
26.4125,5
26.4127,0
26.4236,3
26.4239,0
26.424,10
26.4241,7
26.4243,4
26.4297,0
26.4352,3
26.4352,0
26.4406,12
26.4407,7
26.4574,5
26.4629,2
26.4684,0
26.4738,15
26.474,0
26.4794,11
26.4795,5
26.4907,3
26.4964,2
26.5019,0
26.5073,6
26.5074,0
26.5188,6
26.5242,5
26.5243,0
26.5299,4
26.5352,0
26.5353,6
26.5353,5
26.5355,4
26.5357,2
26.5412,1
26.5466,0
26.552,3
26.5521,0
26.5575,1
26.5576,0
26.563,2
26.5634,0
26.5635,1
26.5636,0
26.569,3
26.569,0
26.5744,1
26.5745,0
26.5799,6
26.58,0
26.5854,11
26.5855,1
26.586,0
26.5916,8
26.5917,0
26.5971,10
26.5977,7
26.6032,4
26.6089,3
26.6146,2
26.6201,1
26.6203,0
26.6259,1
26.6259,0
26.6313,12
26.6314,6
26.6423,5
26.6423,3
26.6478,0
26.6587,11
26.6645,9
26.6647,8
26.6649,6
26.6703,5
26.6703,3
26.6758,1
26.6812,0
26.6871,13
26.6871,11
26.7208,10
26.7538,5
26.7539,0
26.7593,14
26.7595,0
26.7649,7
26.7652,4
26.7818,1
26.7873,0
26.7927,1
26.7931,0
26.8039,2
26.804,0
26.8094,10
26.8097,9
26.8099,8
26.8156,6
26.8211,0
26.832,2
26.8321,0
26.8375,14
26.8375,12
26.8377,11
26.838,0
26.8434,8
26.8435,0
26.8489,6
26.849,4
26.8544,3
26.8599,0
26.8653,15
26.8656,14
26.8711,13
26.8824,5
26.8878,4
26.8936,2
26.899,0
26.9211,3
26.9214,0
26.9378,4
26.9379,0
26.9433,9
26.9434,7
26.9488,6
26.9543,5
26.9543,1
26.9598,0
26.9652,1
26.9652,0
26.9706,15
26.971,11
26.9712,9
26.9766,5
26.9767,4
26.9876,0
26.993,8
26.9931,0
26.9985,13
26.999,0
27.0044,6
27.0045,0
27.0099,11
27.01,7
27.0216,3
27.0217,1
27.0219,0
27.0273,7
27.0274,0
27.0493,7
27.0602,5
27.0602,4
27.066,3
27.0772,0
27.0773,14
27.0774,6
27.0776,5
27.0831,3
27.0885,0
27.0994,5
27.1,0
27.1055,4
27.1113,0
27.1167,15
27.1228,9
27.1282,8
27.1391,7
27.1393,3
27.1395,2
27.1561,0
27.1615,10
27.1616,0
27.1725,5
27.1728,3
27.1783,0
27.1837,11
27.1837,8
27.1895,7
27.1949,5
27.2007,3
27.2061,1
27.2119,0
27.2173,15
27.2175,0
27.2229,7
27.2229,3
27.2287,0
27.2341,15
27.2342,7
27.2397,5
27.2397,3
27.2565,2
27.262,0
27.2674,10
27.2674,9
27.2729,6
27.2787,0
27.295,7
27.2953,4
27.3007,3
27.3174,0
27.3288,15
27.3288,11
27.3343,7
27.3345,3
27.3348,2
27.3403,0
27.3625,9
27.3627,5
27.3681,2
27.3683,0
27.3792,11
27.3795,9
27.385,7
27.3905,5
27.3905,0
27.3961,2
27.3961,0
27.4016,4
27.4016,0
27.4128,9
27.4186,7
27.424,5
27.424,2
27.4298,0
27.4354,14
27.4412,5
27.4413,0
27.4467,10
27.4468,7
27.4522,5
27.4522,4
27.4577,0
27.4631,1
27.4688,0
27.4796,12
27.48,10
27.4908,9
27.4963,8
27.5021,3
27.5022,2
27.508,0
27.5134,9
27.5134,8
27.5136,6
27.5193,5
27.5248,4
27.5249,3
27.5251,1
27.5306,0
27.536,9
27.5364,0
27.5473,13
27.5474,0
27.5528,12
27.5529,11
27.5637,10
27.5692,8
27.5747,5
27.5747,0
27.5801,3
27.5802,2
27.5914,0
27.6022,12
27.6024,0
27.6078,4
27.6079,0
27.6133,13
27.6137,0
27.6191,8
27.6192,6
27.6252,3
27.6307,2
27.6364,1
27.6365,0
27.642,4
27.6422,2
27.6477,1
27.6479,0
27.6533,15
27.6535,0
27.6589,11
27.659,6
27.6644,5
27.6645,0
27.6699,11
27.6754,6
27.6808,5
27.6809,1
27.6922,0
27.6923,9
27.6924,5
27.6979,3
27.7033,1
27.709,0
27.7202,3
27.7202,0
27.7256,15
27.7258,0
27.7312,5
27.7313,0
27.7367,11
27.7369,0
27.7482,11
27.7483,9
27.7485,6
27.7539,5
27.754,4
27.7594,0
27.7648,8
27.7649,3
27.7704,2
27.7758,0
27.7813,2
27.7814,0
27.7815,7
27.8044,5
27.8099,3
27.8156,0
27.821,7
27.8211,5
27.8266,2
27.8323,0
27.8377,11
27.8379,0
27.8433,2
27.8438,0
27.8493,10
27.8493,9
27.8548,6
27.8602,5
27.8603,0
27.8657,1
27.8657,0
27.8711,6
27.8712,4
27.8767,0
27.8875,10
27.8877,0
27.8931,7
27.8986,0
27.9094,6
27.9095,3
27.9149,0
27.9261,1
27.9267,0
27.927,4
27.9326,0
27.938,6
27.9381,0
27.9435,15
27.9441,13
27.9443,10
27.9497,7
27.9552,5
27.9662,0
27.9771,3
27.9772,1
27.9826,0
27.9882,14
27.9883,2
27.9941,0
27.9995,5
27.9996,3
27.9998,1
28.0052,0
28.0106,14
28.0107,13
28.0111,12
28.0113,10
28.0168,7
28.017,3
28.0228,0
28.0282,2
28.0282,0
28.0336,9
28.034,8
28.0394,5
28.0394,4
28.0455,3
28.0509,2
28.0564,0
28.0618,7
28.0618,6
28.062,5
28.0675,1
28.073,0
28.0784,4
28.0784,0
28.0838,12
28.0839,9
28.0894,8
28.0951,5
28.1006,0
28.106,13
28.1061,12
28.1115,9
28.1173,5
28.123,2
28.1285,1
28.1339,0
28.1394,15
28.1395,0
28.1449,15
28.145,12
28.1508,9
28.1565,6
28.162,0
28.1674,8
28.1677,7
28.1732,5
28.1732,4
28.1786,2
28.1841,0
28.1895,5
28.1896,0
28.195,13
28.1951,11
28.1953,7
28.201,1
28.2066,0
28.212,4
28.2121,2
28.2289,0
28.2343,2
28.2344,0
28.2452,6
28.2453,4
28.251,3
28.2732,2
28.2787,0
28.2841,12
28.2841,11
28.3011,9
28.3066,8
28.312,5
28.3122,3
28.3177,0
28.3285,1
28.3289,0
28.3343,9
28.3344,0
28.3398,10
28.3399,0
28.3454,4
28.3454,1
28.3512,0
28.3566,3
28.3578,0
28.3632,12
28.3632,11
28.3741,9
28.3795,8
28.385,5
28.385,4
28.3905,1
28.3959,0
28.4293,15
28.4297,0
28.4351,6
28.4352,1
28.4407,0
28.4461,6
28.4462,0
28.4516,9
28.4517,3
28.4574,1
28.4684,0
28.4738,11
28.4739,6
28.5128,5
28.5128,0
28.5182,9
28.5183,2
28.5238,0
28.5293,13
28.5298,12
28.5576,8
28.5578,5
28.5852,0
28.5854,11
28.5855,6
28.5912,4
28.5914,0
28.5969,4
28.6024,1
28.6026,0
28.6027,6
28.6028,3
28.6085,1
28.6145,0
28.6254,7
28.6255,0
28.6309,3
28.6312,2
28.637,0
28.6424,8
28.6425,0
28.6479,6
28.648,3
28.6593,0
28.6647,1
28.6653,0
28.6761,3
28.6762,0
28.6816,12
28.6817,10
28.6872,6
28.6926,5
28.7036,2
28.7093,1
28.7095,0
28.7151,3
28.7151,0
28.7205,9
28.7206,3
28.7377,0
28.7485,3
28.7486,0
28.754,11
28.754,9
28.7598,3
28.76,0
28.7654,12
28.7655,9
28.7823,0
28.7932,8
28.7935,0
28.7989,12
28.799,10
28.8044,8
28.8046,7
28.8101,6
28.8158,1
28.8213,0
28.8267,1
28.8267,0
28.8322,3
28.8322,0
28.8376,6
28.8377,4
28.8547,2
28.8549,1
28.8588,0
28.8643,12
28.8645,11
28.8647,8
28.8702,5
28.8702,0
28.8758,2
28.8759,1
28.8816,0
28.8925,1
28.8925,0
28.9034,2
28.9034,0
28.9089,1
28.9089,0
28.92,6
28.9201,0
28.9255,11
28.9256,9
28.9311,7
28.9368,5
28.9425,4
28.9591,2
28.97,0
28.9754,4
28.976,2
28.9815,0
28.9923,10
28.9924,4
28.9979,1
29.0033,0
29.0087,12
29.0088,11
29.0143,5
29.0143,3
29.0255,2
29.031,0
29.0364,7
29.0365,0
29.0419,7
29.0419,3
29.0698,2
29.0752,0
29.0806,7
29.0807,5
29.0862,1
29.0916,0
29.097,5
29.0976,4
29.1031,0
29.1085,14
29.1086,11
29.114,8
29.1197,7
29.1252,5
29.1252,0
29.1306,9
29.1307,3
29.1309,0
29.1363,14
29.1418,12
29.1475,9
29.1533,8
29.1697,6
29.1752,5
29.1752,0
29.1806,1
29.1807,0
29.1861,15
29.1862,0
29.1917,7
29.1922,3
29.1979,2
29.2033,1
29.2088,0
29.2142,1
29.2142,0
29.2196,7
29.231,5
29.231,0
29.2364,3
29.2365,0
29.242,7
29.242,6
29.2422,3
29.248,1
29.2539,0
29.254,4
29.2541,3
29.2654,1
29.2877,0
29.2986,2
29.2987,0
29.3041,7
29.3042,1
29.3205,0
29.3259,9
29.326,0
29.3314,5
29.3318,0
29.3372,13
29.3427,11
29.3485,8
29.3539,3
29.3542,2
29.3544,1
29.3601,0
29.371,5
29.3769,0
29.3772,9
29.3826,8
29.388,5
29.388,2
29.41,0
29.4154,3
29.4155,2
29.4267,1
29.4322,0
29.443,13
29.4432,0
29.4486,15
29.4487,11
29.46,4
29.4602,0
29.466,5
29.4661,4
29.4715,3
29.4772,2
29.483,0
29.4884,4
29.4884,3
29.4939,2
29.4993,0
29.5047,4
29.5048,1
29.5102,0
29.5211,4
29.5212,2
29.5213,0
29.5268,13
29.5269,0
29.5323,3
29.5324,0
29.5378,3
29.5381,0
29.5437,10
29.5441,7
29.5495,0
29.555,2
29.555,0
29.5604,2
29.5663,0
29.5717,7
29.5775,5
29.5832,4
29.5889,1
29.5944,0
29.5945,11
29.5946,10
29.6056,9
29.6111,7
29.6166,5
29.6166,0
29.622,10
29.6222,0
29.6276,2
29.6276,1
29.6334,0
29.6497,10
29.6498,8
29.6502,5
29.6505,0
29.6559,13
29.656,2
29.6618,0
29.6672,5
29.6673,0
29.6727,3
29.6727,0
29.6781,2
29.6782,0
29.6836,15
29.684,11
29.6956,7
29.701,5
29.7065,3
29.712,0
29.7174,1
29.7175,0
29.7229,4
29.7229,2
29.7284,0
29.7339,6
29.7343,2
29.7398,0
29.7452,11
29.7452,9
29.7454,8
29.7508,6
29.7566,0
29.7677,6
29.7678,4
29.7738,2
29.774,1
29.7794,0
29.785,11
29.7851,7
29.7906,6
29.7966,2
29.7968,1
29.8022,0
29.8184,7
29.8185,4
29.8295,0
29.8406,11
29.8407,4
29.863,3
29.8685,2
29.8687,0
29.8741,13
29.8742,10
29.8796,9
29.8851,5
29.8851,4
29.8908,1
29.8966,0
29.902,1
29.902,0
29.9129,3
29.913,0
29.9184,13
29.9187,11
29.9188,9
29.919,8
29.9192,7
29.9302,5
29.9302,4
29.9305,0
29.9471,8
29.9528,7
29.9582,5
29.9583,0
29.9584,6
29.9585,3
29.9639,1
29.9641,0
29.9695,12
29.9699,4
29.9701,0
29.9755,9
29.9756,3
29.9811,0
29.9865,8
29.9866,0
29.992,1
29.9926,0
29.9982,12
29.9982,8
30.0037,6
30.0039,5
30.0148,0
30.0202,15
30.0204,0
30.026,8
30.026,2
30.0434,0
30.0488,10
30.0489,0
30.0543,8
30.0544,3
30.0599,0
30.0653,8
30.0711,6
30.0771,2
30.0773,0
30.0827,5
30.0828,0
30.0882,13
30.094,10
30.0995,8
30.0997,4
30.1051,3
30.1106,0
30.116,12
30.1162,0
30.1216,12
30.1216,8
30.1327,5
30.1381,3
30.1439,0
30.1494,13
30.1549,5
30.1549,0
30.1551,14
30.1551,9
30.1606,5
30.1609,4
30.1664,0
30.1718,11
30.1721,9
30.1724,0
30.1778,15
30.1778,11
30.1836,9
30.1891,6
30.1893,3
30.1953,0
30.2007,15
30.2008,13
30.2062,9
30.2064,8
30.2174,6
30.2176,5
30.2231,0
30.2285,11
30.2286,7
30.234,6
30.2395,5
30.2395,0
30.2449,1
30.245,0
30.2504,3
30.262,2
30.2622,1
30.2676,0
30.2788,8
30.2846,3
30.2955,2
30.2959,1
30.3017,0
30.3125,5
30.3126,2
30.3181,0
30.3235,11
30.3236,0
30.329,10
30.3291,6
30.3346,5
30.3346,2
30.3401,0
30.3455,8
30.3455,7
30.3513,0
30.3621,8
30.3623,0
30.3677,8
30.3678,2
30.3735,0
30.3846,11
30.3847,10
30.3904,7
30.3959,5
30.3961,4
30.3963,0
30.4017,6
30.402,5
30.4075,3
30.4129,2
30.4184,0
30.4238,12
30.4241,7
30.4243,5
30.4298,1
30.4408,0
30.4462,8
30.4462,4
30.4517,0
30.4625,3
30.4629,1
30.4631,0
30.4685,6
30.4686,0
30.4742,5
30.4744,4
30.4746,3
30.4804,0
30.4805,9
30.4806,7
30.4863,3
30.4918,2
30.492,1
30.5197,0
30.5251,10
30.5309,7
30.5363,5
30.5418,2
30.5472,1
30.5474,0
30.5476,13
30.5477,3
30.5535,0
30.5589,9
30.559,7
30.5644,5
30.5647,0
30.5648,7
30.5649,0
30.5704,1
30.5704,0
30.5706,9
30.5707,3
30.5709,0
30.5763,15
30.5765,0
30.5819,13
30.5822,11
30.5879,10
30.5936,9
30.5991,6
30.6048,5
30.6103,2
30.6158,0
30.6212,7
30.6213,0
30.6267,3
30.6267,2
30.6269,0
30.6325,5
30.6326,0
30.638,11
30.6381,3
30.6435,0
30.6544,6
30.6545,2
30.6548,0
30.6602,7
30.6602,6
30.6657,5
30.6657,3
30.6711,0
30.6765,12
30.6766,9
30.6769,0
30.6823,9
30.6826,8
30.6828,7
30.6882,5
30.6882,4
30.694,3
30.6995,0
30.705,9
30.7052,0
30.7106,15
30.7107,6
30.7167,0
30.7221,13
30.7222,6
30.7277,5
30.7277,1
30.7279,0
30.7333,5
30.7334,0
30.7388,4
30.7389,1
30.7443,0
30.7498,9
30.75,0
30.7556,6
30.7557,3
30.7559,1
30.7561,0
30.7615,11
30.7733,5
30.7733,4
30.7787,3
30.7845,0
30.7846,6
30.7847,0
30.7901,11
30.7903,0
30.7957,14
30.7958,9
30.8015,5
30.807,4
30.8127,1
30.8129,0
30.8183,3
30.8183,0
30.8238,7
30.8239,0
30.8293,15
30.8293,14
30.8295,13
30.835,6
30.8459,5
30.846,2
30.8514,0
30.8568,11
30.8569,5
30.8627,4
30.8681,2
30.8736,0
30.879,3
30.8791,0
30.8845,7
30.8845,6
30.8903,2
30.8957,0
30.9011,2
30.9012,0
30.9289,9
30.929,5
30.9347,2
30.9402,0
30.9456,1
30.9456,0
30.951,6
30.9511,0
30.9565,15
30.9566,9
30.9624,7
30.9678,5
30.9679,2
30.9681,0
30.9735,6
30.9735,3
30.9795,2
30.985,1
30.9907,0
31.0016,8
31.0017,0
31.0071,4
31.0072,0
31.018,14
31.0182,0
31.0236,12
31.0238,0
31.0292,11
31.0293,0
31.0347,13
31.0351,10
31.0408,9
31.0463,5
31.0463,1
31.0518,0
31.0572,7
31.0573,2
31.0631,0
31.0634,2
31.0637,0
31.0746,3
31.0748,1
31.0974,0
31.1029,6
31.1033,5
31.1035,0
31.1089,5
31.1144,0
31.1199,7
31.1199,6
31.1257,3
31.1311,1
31.1368,0
31.1423,1
31.1477,0
31.1531,3
31.1532,0
31.1643,2
31.1643,0
31.1697,2
31.1701,0
31.1864,6
31.1864,4
31.1918,3
31.1976,1
31.2033,0
31.2087,2
31.2088,0
31.2142,1
31.2261,0
31.2316,1
31.2317,0
31.2371,14
31.2426,12
31.248,10
31.2535,8
31.259,5
31.2644,2
31.2811,0
31.292,1
31.292,0
31.2974,10
31.2978,6
31.3143,5
31.3144,0
31.3198,14
31.3199,0
31.3253,7
31.3254,1
31.3257,0
31.3312,7
31.3317,3
31.3319,0
31.3321,7
31.3322,2
31.3379,0
31.3433,1
31.3434,0
31.3488,3
31.3488,0
31.3542,12
31.3544,0
31.36,14
31.3654,12
31.3656,11
31.3714,10
31.3768,5
31.3823,1
31.3878,0
31.3879,11
31.388,4
31.3938,3
31.3995,0
31.405,1
31.4224,0
31.4283,10
31.4283,8
31.4338,5
31.4392,4
31.4447,1
31.4502,0
31.4556,10
31.4557,0
31.4611,3
31.4612,0
31.472,10
31.4721,7
31.4834,5
31.4889,0
31.4943,13
31.4944,7
31.5167,1
31.5221,0
31.5275,14
31.5277,0
31.5331,15
31.5333,0
31.5387,15
31.5389,0
31.5443,2
31.5446,1
31.5506,0
31.5561,8
31.5561,7
31.5616,6
31.5618,5
31.5672,4
31.5726,3
31.5784,0
31.5785,2
31.5786,0
31.584,5
31.584,4
31.5842,3
31.5897,0
31.5953,11
31.5954,7
31.6121,5
31.6176,2
31.6288,1
31.6343,0
31.6397,6
31.6398,0
31.6452,6
31.6453,0
31.6507,6
31.651,3
31.6565,1
31.662,0
31.6674,9
31.6675,0
31.6731,5
31.6847,0
31.6848,14
31.685,0
31.6904,7
31.6959,6
31.7013,5
31.7013,2
31.7071,0
31.7125,11
31.7126,9
31.7411,7
31.7465,6
31.752,5
31.752,1
31.7575,0
31.7793,15
31.7795,3
31.7797,0
31.7908,7
31.7909,6
31.7963,5
31.7964,0
31.8018,7
31.8019,1
31.8073,0
31.8184,15
31.8186,0
31.824,6
31.8241,0
31.8297,9
31.83,8
31.8357,5
31.8412,3
31.8414,0
31.8469,2
31.8578,0
31.8579,4
31.858,2
31.8635,0
31.8689,12
31.869,0
31.8744,9
31.8745,6
31.8799,5
31.88,3
31.8857,0
31.8913,9
31.8914,5
31.8968,1
31.9026,0
31.908,4
31.9081,0
31.9135,3
31.9138,0
31.9192,6
31.9193,4
31.925,1
31.9415,0
31.9469,5
31.947,0
31.9524,3
31.9528,0
31.9582,12
31.9583,0
31.9638,9
31.9639,0
31.9747,12
31.9749,0
31.9803,11
31.9803,8
31.9806,2
31.9808,1
31.9865,0
31.9919,8
31.992,0
31.9974,5
31.9977,4
32.0034,1
32.0036,0
32.009,12
32.0091,10
32.0093,2
32.015,1
32.0207,0
32.0263,6
32.0264,0
32.032,15
32.0322,0
32.0376,13
32.0377,0
32.0431,4
32.0435,0
32.0489,1
32.049,0
32.0544,10
32.0545,1
32.0599,0
32.0654,10
32.0654,7
32.0818,6
32.0872,5
32.0872,3
32.0988,1
32.1046,0
32.11,11
32.1101,7
32.1103,3
32.116,0
32.1215,5
32.1437,4
32.1492,3
32.1549,0
32.1605,2
32.1606,0
32.166,6
32.1661,0
32.1715,9
32.1715,8
32.1717,6
32.1772,5
32.1772,0
32.1827,4
32.1881,0
32.194,3
32.1941,0
32.1996,3
32.1997,2
32.1999,1
32.2056,0
32.223,4
32.2393,0
32.2395,3
32.2396,0
32.2507,12
32.2508,9
32.2563,6
32.273,5
32.2785,0
32.2786,11
32.2788,0
32.2842,5
32.2843,0
32.2897,13
32.2897,12
32.2955,3
32.301,0
32.3064,3
32.3065,0
32.3119,13
32.312,11
32.3174,10
32.3232,0
32.3341,15
32.3401,14
32.3459,13
32.3517,5
32.3571,2
32.3626,0
32.3628,10
32.3628,8
32.3683,5
32.3683,3
32.3847,2
32.396,1
32.4015,0
32.4071,6
32.4128,5
32.4183,0
32.4185,8
32.4242,7
32.4297,5
32.4297,0
32.4299,15
32.4304,14
32.4414,11
32.4468,10
32.4526,7
32.458,5
32.4581,3
32.4635,0
32.4689,1
32.469,0
32.4744,13
32.4745,9
32.5022,6
32.5132,5
32.5133,0
32.5187,11
32.5188,0
32.5299,9
32.5303,0
32.5358,10
32.5637,8
32.5692,5
32.5692,3
32.5749,0
32.5803,10
32.5804,7
32.5913,6
32.5915,5
32.5969,4
32.6027,0
32.6135,9
32.6138,3
32.6196,1
32.625,0
32.6362,9
32.6365,5
32.642,0
32.6421,11
32.6588,9
32.6642,6
32.6697,5
32.6752,0
32.6807,5
32.6808,4
32.6863,0
32.6917,14
32.6918,3
32.692,2
32.6975,0
32.7029,7
32.7035,6
32.709,5
32.709,0
32.7144,12
32.7145,10
32.72,5
32.72,0
32.7256,8
32.7314,6
32.7372,5
32.7374,2
32.7375,1
32.7485,0
32.7486,8
32.7487,7
32.7542,5
32.7542,2
32.7596,0
32.7651,8
32.7652,0
32.7706,14
32.7707,9
32.7874,7
32.7929,5
32.793,0
32.7984,11
32.7984,9
32.8039,8
32.8264,5
32.8264,4
32.8266,1
32.8378,0
32.8434,8
32.8439,7
32.8494,5
32.8494,4
32.8548,3
32.8605,1
32.8607,0
32.8661,14
32.8662,13
32.8771,9
32.8826,5
32.8828,0
32.8883,8
32.8885,7
32.894,5
32.894,0
32.8942,5
32.8943,2
32.8997,0
32.9051,7
32.9052,0
32.9106,15
32.911,14
32.9112,12
32.9166,9
32.9224,8
32.9278,5
32.9333,0
32.9389,4
32.9393,0
32.9447,7
32.9558,5
32.9558,0
32.9613,3
32.9613,0
32.9667,2
32.9673,0
32.9729,10
32.9731,0
32.9785,3
32.9785,1
32.984,0
32.9894,12
32.9949,5
32.9949,0
32.9951,10
32.9952,7
33.0009,6
33.0063,5
33.0064,1
33.0121,0
33.0175,7
33.023,6
33.0287,5
33.0342,3
33.0399,0
33.0454,7
33.0454,2
33.0511,1
33.0566,0
33.062,2
33.062,0
33.0675,5
33.0678,1
33.068,0
33.1008,9
33.1009,2
33.1064,0
33.1118,11
33.1124,8
33.1178,0
33.1233,7
33.1235,4
33.1237,3
33.1291,0
33.1293,15
33.1293,13
33.1349,5
33.1467,3
33.1522,0
33.1576,9
33.1742,6
33.1799,4
33.1854,3
33.1908,1
33.2127,0
33.2181,10
33.2183,0
33.2237,14
33.224,13
33.2242,8
33.2297,5
33.2297,4
33.2355,1
33.2409,0
33.2463,5
33.2467,3
33.2689,0
33.2743,2
33.2743,0
33.2797,4
33.2798,0
33.2852,15
33.2854,0
33.2908,8
33.2909,4
33.2966,3
33.3021,1
33.3075,0
33.313,12
33.3131,0
33.3185,9
33.3189,3
33.3243,1
33.3304,0
33.3412,3
33.3413,0
33.3467,9
33.3471,0
33.3525,2
33.3697,0
33.3754,9
33.3755,3
33.3809,0
33.3811,2
33.3811,0
33.3865,7
33.3866,4
33.3868,3
33.387,0
33.4033,14
33.4036,13
33.4254,12
33.4309,3
33.4364,2
33.4478,1
33.448,0
33.4701,9
33.4758,3
33.4812,2
33.4867,0
33.4868,8
33.4869,6
33.4871,4
33.4925,3
33.4927,0
33.4981,15
33.4983,0
33.5092,2
33.5092,0
33.5146,1
33.5147,0
33.5201,12
33.5202,9
33.5256,0
33.531,2
33.5315,0
33.5371,14
33.5372,12
33.5427,7
33.5481,5
33.5486,1
33.5488,0
33.5542,10
33.5546,7
33.5659,0
33.5714,8
33.5716,5
33.5774,2
33.5828,0
33.5832,11
33.5885,10
33.5887,9
33.5941,7
33.5943,6
33.5998,5
33.5998,1
33.6275,0
33.6329,6
33.6383,5
33.6384,0
33.6438,12
33.6439,0
33.6493,5
33.6494,3
33.6551,2
33.6553,1
33.6613,0
33.6668,9
33.6668,7
33.667,6
33.6724,5
33.6725,4
33.6782,3
33.6837,0
33.6891,5
33.6891,4
33.6946,3
33.7001,0
33.7055,1
33.7055,0
33.7109,10
33.711,2
33.7165,0
33.7219,7
33.722,0
33.7274,5
33.7275,0
33.7387,8
33.7388,0
33.7442,5
33.7443,0
33.7497,10
33.7498,0
33.7552,4
33.7556,1
33.7613,0
33.7669,9
33.767,0
33.7724,10
33.7725,0
33.778,2
33.7785,1
33.7788,0
33.7897,4
33.7897,2
33.7952,1
33.8006,0
33.8225,8
33.8225,4
33.828,0
33.8391,11
33.8392,10
33.8447,5
33.8447,0
33.8502,6
33.8559,4
33.8617,0
33.8618,13
33.862,0
33.8674,4
33.8675,0
33.8729,12
33.873,0
33.8784,13
33.8786,0
33.884,3
33.8843,0
33.8898,8
33.8901,6
33.8903,3
33.8958,0
33.9012,2
33.9015,0
33.9076,6
33.9076,4
33.9131,0
33.9294,2
33.9352,0
33.9461,10
33.9464,5
33.9519,0
33.9573,14
33.9574,6
33.9632,5
33.9634,4
33.9691,0
33.9745,12
33.9746,10
33.9748,4
33.9803,1
33.9916,0
34.0025,3
34.0025,0
34.008,2
34.008,0
34.0134,9
34.0135,8
34.0189,6
34.0299,5
34.0299,2
34.0408,1
34.0465,0
34.0519,9
34.052,5
34.0578,2
34.058,0
34.0634,9
34.0637,7
34.0692,6
34.0692,5
34.0749,4
34.0751,2
34.0753,0
34.0807,9
34.0808,3
34.0866,0
34.0975,7
34.0975,4
34.0977,0
34.0979,14
34.098,9
34.1089,6
34.1091,2
34.1145,0
34.1254,7
34.1255,5
34.1309,4
34.1421,1
34.1476,0
34.1584,11
34.1645,8
34.176,7
34.1814,5
34.1871,4
34.1929,1
34.2205,0
34.2314,2
34.2314,1
34.2316,0
34.2536,12
34.2538,0
34.2592,4
34.2763,0
34.2872,1
34.2872,0
34.2927,11
34.2929,8
34.2984,6
34.2986,3
34.2988,0
34.2989,5
34.299,0
34.3099,1
34.3102,0
34.3103,2
34.3104,0
34.3158,8
34.3158,6
34.3213,5
34.3213,0
34.3323,10
34.3324,9
34.3326,8
34.3327,6
34.3382,5
34.3382,0
34.366,15
34.3662,14
34.3665,0
34.3667,13
34.3668,0
34.378,9
34.3783,7
34.3838,5
34.3838,2
34.384,1
34.3842,0
34.3896,2
34.3896,0
34.395,6
34.3954,1
34.4009,0
34.4063,7
34.4064,0
34.4118,4
34.4119,0
34.4173,15
34.4174,7
34.4231,6
34.4233,4
34.4235,3
34.4289,2
34.4344,1
34.4346,0
34.44,13
34.4401,6
34.4513,5
34.4513,4
34.4515,3
34.457,0
34.4736,5
34.4793,4
34.4795,3
34.485,1
34.4904,0
34.4906,3
34.4962,2
34.5016,0
34.507,12
34.5072,0
34.5126,14
34.5128,0
34.5182,2
34.5182,0
34.5236,12
34.5237,11
34.5291,9
34.5348,8
34.5351,5
34.5406,0
34.546,11
34.5464,6
34.5518,5
34.5573,0
34.5682,10
34.5683,2
34.5743,0
34.5799,11
34.5799,7
34.6022,5
34.6022,2
34.6356,1
34.6413,0
34.6467,15
34.6469,0
34.6523,10
34.6526,8
34.6583,4
34.6637,0
34.6691,3
34.6692,0
34.6747,12
34.6749,11
34.6867,8
34.6921,7
34.6976,5
34.7031,3
34.7306,2
34.7361,0
34.7362,5
34.7363,3
34.742,1
34.7475,0
34.7643,4
34.7644,0
34.7698,5
34.7699,0
34.7753,5
34.7753,3
34.7755,0
34.781,2
34.7925,0
34.7926,7
34.7927,5
34.8039,2
34.8096,0
34.8205,12
34.8205,11
34.826,10
34.8261,7
34.8315,5
34.8317,4
34.8372,3
34.8426,0
34.8535,13
34.8536,0
34.8591,7
34.8592,0
34.8646,5
34.8647,0
34.8701,2
34.8707,0
34.8761,8
34.8762,5
34.8819,0
34.8874,9
34.8874,8
34.8931,4
34.8986,3
34.8987,2
34.905,1
34.9052,0
34.9215,14
34.9217,12
34.9272,10
34.9327,5
34.9327,4
34.9382,1
34.9436,0
34.96,10
34.9658,6
34.9659,4
34.9717,3
34.9771,1
34.9829,0
34.983,11
34.9884,6
34.9941,4
34.9996,3
35.005,0
35.0104,14
35.0105,12
35.016,8
35.0217,7
35.0272,6
35.0272,0
35.0326,1
35.0327,0
35.0381,7
35.0382,3
35.0384,2
35.0385,0
35.0494,13
35.0497,10
35.0552,5
35.0831,3
35.0889,0
35.0943,5
35.0944,0
35.0998,6
35.0998,4
35.1053,1
35.1111,0
35.1165,6
35.1166,0
35.122,13
35.1223,7
35.1278,5
35.1278,3
35.1387,2
35.1441,1
35.1496,0
35.155,14
35.1889,9
35.1943,8
35.2001,6
35.2276,5
35.2276,0
35.2278,26
35.2332,4
35.2334,3
35.2336,1
35.2339,0
35.234,15
35.2342,0
35.2396,13
35.2397,11
35.2452,8
35.2454,0
35.2508,14
35.2509,9
35.2623,0
35.2731,13
35.2841,12
35.2843,11
35.29,9
35.2958,8
35.3015,7
35.3124,6
35.3182,3
35.3184,1
35.3238,0
35.3292,8
35.3293,0
35.3348,6
35.3349,0
35.3403,1
35.3403,0
35.3457,2
35.3458,0
35.3512,11
35.3515,8
35.3854,0
35.3908,5
35.3908,4
35.391,0
35.3964,1
35.4025,0
35.4079,5
35.4079,3
35.4134,0
35.4297,8
35.4301,0
35.452,14
35.452,11
35.4523,10
35.4578,9
35.4633,7
35.4687,5
35.4687,1
35.469,0
35.4799,2
35.48,0
35.4908,3
35.4909,0
35.4963,5
35.4967,0
35.5021,3
35.5021,0
35.5076,4
35.5079,1
35.5081,0
35.5135,6
35.5135,5
35.5305,0
35.5417,1
35.5418,0
35.5419,1
35.542,0
35.5474,15
35.5476,0
35.553,14
35.5531,9
35.5585,8
35.564,5
35.5697,4
35.5699,0
35.5753,11
35.5755,0
35.5809,12
35.581,7
35.5864,5
35.5865,2
35.5919,0
35.5973,13
35.5979,12
35.5981,11
35.5983,10
35.6044,9
35.6099,8
35.6153,6
35.6211,0
35.6265,2
35.6269,0
35.6323,8
35.6324,0
35.6378,10
35.6379,9
35.6433,6
35.6488,5
35.6542,3
35.6652,1
35.6706,0
35.6761,1
35.6763,0
35.6764,4
35.6765,0
35.6819,8
35.682,6
35.6877,2
35.6932,0
35.6988,11
35.6988,10
35.7043,5
35.7104,1
35.7159,0
35.7267,4
35.7268,0
35.7322,14
35.7326,5
35.7381,3
35.7438,2
35.744,0
35.7549,6
35.755,0
35.7604,9
35.7605,0
35.7659,2
35.766,0
35.7714,12
35.7715,8
35.7772,7
35.7827,5
35.7827,0
35.7881,11
35.7882,6
35.816,4
35.8218,0
35.8326,14
35.8328,0
35.8382,12
35.8391,11
35.8446,3
35.85,0
35.8557,5
35.8558,4
35.8613,0
35.8614,3
35.8615,0
35.8669,6
35.867,0
35.8724,1
35.8725,0
35.8779,10
35.8783,5
35.8837,3
35.8892,2
35.8894,0
35.8948,4
35.8948,3
35.9003,2
35.9007,1
35.9174,0
35.9228,2
35.9286,0
35.934,3
35.9345,1
35.94,0
35.9454,11
35.9455,8
35.9509,7
35.9564,5
35.9564,4
35.9619,0
35.9673,2
35.9674,0
35.9782,10
35.9783,9
35.9895,5
35.9895,0
35.9949,2
35.995,0
36.0004,3
36.0005,2
36.0175,1
36.0229,0
36.0283,10
36.0284,8
36.0286,2
36.0346,1
36.0348,0
36.0457,6
36.0511,5
36.0512,2
36.0514,0
36.0515,12
36.0516,9
36.057,5
36.068,0
36.0734,12
36.0735,8
36.0843,5
36.0844,3
36.0901,0
36.0955,13
36.0956,7
36.1011,6
36.1068,3
36.1126,1
36.129,0
36.1345,11
36.1348,8
36.1403,5
36.1568,3
36.1623,0
36.1677,9
36.1678,4
36.1733,0
36.1787,14
36.1788,0
36.1842,8
36.1903,7
36.1957,5
36.1958,2
36.2015,1
36.2071,0
36.2237,15
36.224,14
36.2295,13
36.2297,9
36.2357,7
36.2414,6
36.2469,5
36.2469,3
36.2523,0
36.2632,1
36.2632,0
36.2687,14
36.2687,12
36.2742,9
36.2796,7
36.2851,5
36.2908,4
36.2963,3
36.3018,0
36.3072,4
36.3127,0
36.3129,6
36.3129,4
36.3131,3
36.3357,0
36.3411,1
36.3412,0
36.3466,6
36.3466,4
36.347,1
36.3472,0
36.3526,10
36.3527,0
36.3581,12
36.3583,0
36.3637,8
36.3637,5
36.3692,3
36.3749,2
36.3751,1
36.3861,0
36.3916,3
36.3921,0
36.3922,11
36.3923,10
36.3925,7
36.3979,5
36.398,0
36.4034,7
36.4035,3
36.4092,1
36.4094,0
36.4148,1
36.4148,0
36.4314,9
36.4315,3
36.4317,2
36.4319,0
36.4373,1
36.4373,0
36.4428,9
36.4433,7
36.4602,5
36.4602,3
36.4657,0
36.4658,5
36.4659,0
36.4713,14
36.4715,0
36.4769,5
36.477,1
36.4772,0
36.5048,12
36.5328,6
36.544,4
36.5494,2
36.5552,1
36.5554,0
36.5608,7
36.5609,0
36.5717,15
36.5718,14
36.572,13
36.5775,6
36.5829,5
36.5829,3
36.5884,1
36.5886,0
36.5997,4
36.5998,0
36.6107,2
36.6107,0
36.6161,5
36.6162,1
36.6387,0
36.6441,2
36.6441,0
36.6495,14
36.6497,0
36.6551,3
36.6557,0
36.6611,8
36.6612,0
36.6721,2
36.6721,0
36.6775,13
36.6777,0
36.6831,6
36.6832,0
36.6887,12
36.6889,9
36.6944,8
36.6945,7
36.7003,5
36.7057,3
36.7166,0
36.7168,6
36.7169,0
36.7279,15
36.7282,11
36.7453,8
36.7511,2
36.7566,0
36.762,12
36.7621,0
36.7675,2
36.7676,0
36.773,4
36.7731,0
36.7785,13
36.7785,12
36.7896,10
36.8009,9
36.8064,5
36.8064,0
36.8283,6
36.8287,0
36.8396,15
36.8401,14
36.8456,13
36.8516,9
36.8518,8
36.8573,7
36.8627,5
36.8628,1
36.863,0
36.8685,15
36.8686,12
36.8851,11
36.8906,5
36.8908,0
36.8962,4
36.8963,0
36.9017,1
36.902,0
36.9183,13
36.9187,12
36.9241,11
36.9243,7
36.9298,2
36.9301,0
36.9355,4
36.947,1
36.9525,0
36.9579,2
36.958,0
36.9634,13
36.9635,9
36.9693,2
36.9747,1
36.9802,0
36.9911,4
36.9912,0
37.0083,18
37.0193,17
37.0248,5
37.0249,0
37.025,2
37.025,1
37.0308,0
37.0362,6
37.0476,1
37.0533,0
37.0587,15
37.059,14
37.0645,13
37.07,1
37.0755,0
37.0809,1
37.0864,0
37.0918,10
37.0918,5
37.0973,0
37.1082,14
37.114,11
37.1141,0
37.1195,9
37.1253,8
37.1307,7
37.1309,5
37.1366,3
37.1368,0
37.1423,4
37.1423,0
37.1477,12
37.1478,10
37.1652,7
37.1762,6
37.1816,5
37.1871,4
37.1926,0
37.198,8
37.1981,0
37.2147,2
37.2148,0
37.2257,5
37.2312,1
37.2369,0
37.2371,5
37.2424,0
37.2478,10
37.2479,0
37.2534,4
37.2536,2
37.2594,0
37.2648,10
37.2649,7
37.2762,6
37.2764,3
37.2818,2
37.2873,0
37.2981,14
37.2982,12
37.3037,5
37.3037,2
37.3039,0
37.3093,3
37.3094,1
37.3207,0
37.3261,12
37.3262,6
37.3265,3
37.3267,0
37.343,1
37.3488,0
37.3491,9
37.3492,8
37.3546,7
37.3601,0
37.3655,1
37.3661,0
37.3715,5
37.3716,0
37.377,2
37.377,0
37.3824,15
37.3825,11
37.3827,6
37.3937,5
37.3938,0
37.4047,15
37.4049,14
37.4051,8
37.4053,7
37.4108,6
37.411,2
37.4167,0
37.4169,4
37.4169,2
37.4224,0
37.4278,11
37.4278,9
37.4503,2
37.4558,1
37.4613,0
37.4667,12
37.4668,0
37.4722,9
37.4728,3
37.4783,0
37.4837,12
37.4838,11
37.4892,8
37.4947,6
37.5001,5
37.5002,3
37.5056,1
37.5058,0
37.5167,6
37.517,4
37.5225,1
37.5279,0
37.5333,14
37.5335,0
37.5389,5
37.5389,4
37.5502,2
37.5556,0
37.5665,4
37.5673,2
37.5728,0
37.5784,11
37.5784,10
37.5893,9
37.5948,7
37.595,6
37.6004,5
37.6004,3
37.6059,0
37.6113,2
37.6114,0
37.6168,13
37.6169,9
37.6226,8
37.6228,4
37.623,3
37.6284,0
37.6393,12
37.6394,0
37.6448,12
37.6453,0
37.6566,12
37.657,11
37.6624,10
37.6682,9
37.6739,6
37.6794,5
37.6794,2
37.6848,0
37.6903,8
37.6957,5
37.6958,2
37.696,0
37.6961,12
37.6962,11
37.7016,5
37.7071,0
37.7126,3
37.718,1
37.7182,0
37.7184,3
37.724,0
37.7573,7
37.7574,0
37.7628,9
37.7629,0
37.7683,10
37.7684,0
37.7793,13
37.7796,12
37.7851,6
37.7909,4
37.7911,3
37.7965,1
37.802,0
37.8074,1
37.8074,0
37.8129,4
37.8131,3
37.8186,1
37.8243,0
37.8411,3
37.8412,0
37.8466,7
37.8467,4
37.8688,1
37.8745,0
37.8799,8
37.88,3
37.8802,0
37.8911,9
37.8911,8
37.8966,5
37.8966,3
37.9021,1
37.9075,0
37.9129,8
37.913,2
37.9185,0
37.9294,6
37.9352,5
37.9407,3
37.9461,2
37.9519,1
37.9576,0
37.9685,7
37.9686,1
37.9689,0
37.9799,11
37.9801,0
37.9855,12
37.9856,0
37.991,6
37.9911,0
37.9965,3
37.9966,0
38.002,10
38.0023,9
38.0081,8
38.0135,6
38.0136,3
38.019,0
38.0245,15
38.0246,8
38.0303,4
38.0358,2
38.036,0
38.0468,2
38.0469,0
38.0577,13
38.0581,11
38.0638,10
38.0693,5
38.0693,4
38.0748,0
38.0802,12
38.0803,0
38.0858,3
38.0858,0
38.0912,14
38.0913,9
38.1134,5
38.1188,1
38.1246,0
38.13,6
38.1303,1
38.1358,0
38.1412,1
38.1413,0
38.1467,9
38.1468,0
38.1522,1
38.1522,0
38.1634,5
38.1801,0
38.1855,1
38.1856,0
38.191,2
38.191,1
38.1968,0
38.2022,15
38.2023,0
38.2077,6
38.2078,5
38.2138,2
38.2193,0
38.2302,1
38.2302,0
38.2356,2
38.236,0
38.2415,3
38.2416,0
38.247,5
38.2471,0
38.2525,7
38.2526,6
38.258,5
38.258,3
38.2582,0
38.2636,6
38.264,0
38.2806,6
38.2807,1
38.2867,0
38.2979,2
38.3034,0
38.309,10
38.3092,0
38.3146,7
38.3146,5
38.3201,0
38.3255,4
38.331,0
38.3422,13
38.3423,4
38.3425,2
38.3427,0
38.3429,3
38.3429,0
38.3483,14
38.3485,0
38.3539,3
38.354,0
38.3594,14
38.3595,2
38.3653,0
38.3764,7
38.3819,5
38.3819,4
38.3877,1
38.3878,0
38.4041,5
38.4042,0
38.4096,5
38.4097,0
38.4151,9
38.4152,6
38.4206,5
38.4207,1
38.4261,0
38.437,1
38.4373,0
38.4427,1
38.4428,0
38.4536,4
38.4537,3
38.4652,1
38.4654,0
38.4708,4
38.4709,0
38.4763,9
38.482,8
38.4877,7
38.4934,6
38.4936,0
38.5099,14
38.51,12
38.5155,5
38.5155,2
38.5157,0
38.5265,2
38.5266,1
38.5268,0
38.5322,13
38.5322,12
38.5377,7
38.5435,4
38.549,0
38.5598,2
38.5599,0
38.5653,10
38.5654,4
38.5711,3
38.5992,0
38.6048,15
38.605,0
38.6104,6
38.6105,0
38.6159,4
38.616,0
38.6214,3
38.6214,1
38.6272,0
38.6326,11
38.6326,9
38.6381,7
38.6439,0
38.6493,14
38.6495,0
38.6549,15
38.6549,11
38.6661,8
38.6719,7
38.6776,4
38.683,0
38.6939,2
38.6945,1
38.6946,0
38.7055,3
38.7056,0
38.711,4
38.7111,0
38.7165,8
38.7165,6
38.722,5
38.7275,0
38.733,1
38.7331,0
38.744,13
38.7443,11
38.7498,5
38.7608,0
38.7662,9
38.7663,6
38.7778,3
38.7836,0
38.7944,7
38.7945,2
38.8109,1
38.8111,0
38.8223,6
38.8223,5
38.8225,2
38.828,0
38.8334,7
38.8335,0
38.8389,2
38.839,0
38.8444,1
38.8446,0
38.8447,8
38.8448,5
38.8449,4
38.8451,1
38.8564,0
38.8618,7
38.8623,4
38.8678,0
38.8732,4
38.8732,3
38.89,2
38.8955,1
38.9012,0
38.9066,2
38.9067,0
38.9175,5
38.9176,1
38.9231,0
38.9285,15
38.9341,5
38.9341,0
38.9343,7
38.9343,2
38.9398,1
38.9452,0
38.9506,13
38.951,10
38.9565,8
38.9567,5
38.9569,2
38.9623,0
38.9678,5
38.9733,4
38.979,1
38.9848,0
38.9849,11
38.985,7
38.9959,5
38.9959,4
39.0128,3
39.0182,1
39.0187,0
39.0295,2
39.0296,0
39.035,12
39.0351,11
39.0405,3
39.046,1
39.0462,0
39.0573,7
39.0574,2
39.0629,0
39.0684,9
39.0686,0
39.074,6
39.074,3
39.0798,0
39.0853,10
39.0855,9
39.0912,5
39.0967,1
39.1024,0
39.1028,4
39.1028,3
39.1083,0
39.1137,12
39.1138,0
39.1193,7
39.1194,0
39.1248,2
39.1251,0
39.147,4
39.1471,0
39.1525,12
39.1526,6
39.1694,5
39.1695,1
39.1749,0
39.1803,5
39.1804,0
39.1858,2
39.1862,0
39.1916,2
39.2036,1
39.2094,0
39.2149,1
39.215,0
39.2258,13
39.2259,11
39.2368,9
39.2423,7
39.2478,5
39.2478,0
39.2533,4
39.2591,0
39.2592,18
39.2645,12
39.2647,10
39.2649,7
39.2704,5
39.2704,4
39.2758,3
39.2815,0
39.2817,6
39.2817,5
39.2875,3
39.2932,1
39.2987,0
39.3041,12
39.3041,9
39.3099,8
39.3153,5
39.3154,1
39.3208,0
39.3262,6
39.3263,0
39.3317,10
39.3318,4
39.3539,1
39.3596,0
39.365,4
39.3651,3
39.3705,2
39.3816,0
39.387,11
39.3874,5
39.3876,1
39.3935,0
39.4044,6
39.4045,0
39.4099,14
39.41,9
39.4105,8
39.4107,3
39.4162,0
39.4216,6
39.4216,5
39.4271,0
39.4326,8
39.4326,7
39.4328,0
39.4387,13
39.4388,12
39.4443,6
39.4497,5
39.4497,3
39.4552,2
39.4554,1
39.4611,0
39.4719,9
39.4721,0
39.4775,9
39.4776,0
39.4945,13
39.4946,7
39.5,6
39.5001,3
39.5004,0
39.5058,3
39.506,0
39.5116,12
39.5117,7
39.5174,5
39.5229,2
39.5284,0
39.5558,13
39.5559,2
39.5785,1
39.584,0
39.5894,2
39.5894,0
39.5948,7
39.5952,0
39.6177,4
39.618,2
39.6238,0
39.6292,2
39.6292,0
39.6401,1
39.6401,0
39.6456,2
39.6457,0
39.6458,6
39.6511,5
39.6511,3
39.6566,2
39.662,0
39.6732,14
39.6733,0
39.6789,3
39.6844,1
39.6901,0
39.6955,12
39.6959,7
39.7016,5
39.7071,1
39.7126,0
39.718,4
39.7181,0
39.7235,15
39.7238,10
39.7296,8
39.735,7
39.7405,5
39.7405,2
39.746,0
39.7568,2
39.7569,0
39.7623,4
39.7624,0
39.7678,12
39.7681,11
39.779,10
39.7847,6
39.796,2
39.8238,0
39.8349,4
39.835,0
39.8459,6
39.8514,5
39.8514,2
39.8569,0
39.8623,15
39.8623,13
39.8732,11
39.879,9
39.8844,5
39.8845,3
39.8899,0
39.9065,9
39.9066,6
39.9071,0
39.9125,10
39.9126,6
39.918,5
39.9181,1
39.9182,0
39.9291,10
39.9292,0
39.9346,4
39.9347,0
39.9456,6
39.9459,2
39.9516,0
39.9625,11
39.9628,8
39.9683,5
39.9683,4
39.9737,3
39.9795,2
39.9797,0
39.9851,3
39.9851,0
39.996,13
39.9961,8
39.9963,1
40.002,0
40.0075,4
40.0075,0
40.0129,10
40.0133,9
40.0135,5
40.019,1
40.025,0
40.0304,1
40.0304,0
40.0359,13
40.036,12
40.0362,6
40.0416,5
40.0416,4
40.0471,3
40.0525,0
40.0527,7
40.0527,5
40.0582,2
40.0636,0
40.0695,8
40.0756,3
40.0864,2
40.0922,0
40.0976,14
40.0976,13
40.0978,9
40.1038,8
40.1093,6
40.115,3
40.1205,1
40.1263,0
40.1318,3
40.1375,0
40.1379,12
40.1379,11
40.1434,8
40.1488,6
40.149,4
40.1603,2
40.1713,1
40.1823,0
40.1877,9
40.1878,0
40.1932,2
40.1936,0
40.199,3
40.199,0
40.2044,10
40.2046,0
40.21,10
40.2103,7
40.2161,5
40.2163,3
40.2217,0
40.2272,5
40.2272,1
40.233,0
40.2384,13
40.2385,0
40.2439,1
40.244,0
40.2494,8
40.2494,7
40.2549,5
40.2549,2
40.2713,0
40.2767,10
40.2769,0
40.2823,3
40.2826,0
40.2935,2
40.2935,0
40.299,6
40.299,4
40.3161,2
40.3163,0
40.3217,15
40.322,14
40.3331,13
40.3389,11
40.3443,9
40.3498,5
40.3553,2
40.3608,0
40.3662,5
40.3663,0
40.3717,3
40.3717,0
40.3771,5
40.3772,0
40.3826,8
40.383,4
40.3885,2
40.3939,0
40.3994,11
40.3996,10
40.3998,8
40.4053,6
40.411,4
40.4165,1
40.4222,0
40.4223,14
40.4224,12
40.4225,11
40.4282,9
40.4284,7
40.4341,6
40.4345,1
40.4399,0
40.4453,6
40.4454,0
40.4508,7
40.4509,3
40.4511,0
40.4565,10
40.4788,6
40.4842,5
40.4845,2
40.49,0
40.4954,1
40.4955,0
40.5009,13
40.5009,11
40.5064,5
40.5231,0
40.5286,14
40.5288,9
40.529,6
40.5345,5
40.5345,2
40.5408,0
40.5411,6
40.5464,5
40.5465,2
40.5467,0
40.5521,3
40.5521,0
40.563,8
40.563,7
40.5798,5
40.5798,1
40.5853,0
40.5907,5
40.5964,4
40.6019,0
40.6025,15
40.6025,12
40.6028,9
40.6082,8
40.6197,3
40.6254,0
40.6309,12
40.6364,7
40.6419,5
40.6419,0
40.6421,1
40.6421,0
40.6475,9
40.6476,0
40.6531,10
40.6536,9
40.6538,8
40.6593,5
40.6647,4
40.6756,0
40.6812,12
40.6813,11
40.6815,9
40.6816,8
40.6818,4
40.6873,2
40.693,1
40.6985,0
40.7039,6
40.704,5
40.7097,2
40.7152,1
40.7153,0
40.7208,10
40.7211,9
40.7268,8
40.7271,0
40.7325,9
40.7326,0
40.738,4
40.7381,0
40.7658,6
40.7661,3
40.7716,0
40.777,7
40.7772,6
40.7826,5
40.7881,2
40.7939,0
40.7993,6
40.8102,5
40.8102,3
40.8104,0
40.8106,1
40.8106,0
40.816,15
40.8161,12
40.8218,11
40.8276,9
40.833,8
40.8385,7
40.8442,3
40.8497,2
40.8551,0
40.8605,7
40.8606,3
40.866,0
40.8714,5
40.8715,0
40.8769,15
40.8771,0
40.8825,10
40.888,9
40.8882,6
40.8936,5
40.8936,3
40.8996,0
40.905,1
40.9051,0
40.9105,3
40.9106,0
40.916,12
40.9163,6
40.9221,5
40.9275,2
40.933,0
40.9384,13
40.9388,9
40.9445,7
40.9447,5
40.9449,1
40.9507,0
40.9561,6
40.9562,0
40.9616,9
40.9616,8
40.9618,7
40.9673,5
40.9673,0
40.9727,12
40.9729,0
40.9783,4
40.9784,0
40.9838,4
40.9839,0
40.9893,4
40.9893,0
40.9947,6
40.9948,0
41.0003,4
41.0003,0
41.0057,11
41.0061,10
41.0173,7
41.0229,0
41.0451,14
41.0453,0
41.0507,12
41.0513,6
41.0568,5
41.0677,4
41.0731,2
41.0733,1
41.0788,0
41.0842,11
41.0843,0
41.0952,9
41.1009,8
41.1064,5
41.1064,2
41.1119,0
41.112,10
41.1121,0
41.1175,5
41.1176,4
41.1181,0
41.1289,1
41.1293,0
41.1347,8
41.135,5
41.1405,0
41.1459,5
41.146,0
41.1514,9
41.152,8
41.1574,7
41.1628,5
41.1683,4
41.1685,0
41.1739,11
41.1739,10
41.1741,6
41.1743,4
41.1745,3
41.18,0
41.1909,6
41.1963,5
41.1963,3
41.2018,0
41.2077,4
41.2077,2
41.2132,0
41.2186,15
41.2187,5
41.2242,4
41.2299,0
41.2356,12
41.2413,7
41.2468,5
41.2468,4
41.2525,3
41.2637,0
41.2638,3
41.2639,0
41.2693,14
41.2694,11
41.2696,5
41.2751,1
41.2805,0
41.2859,15
41.286,13
41.2915,5
41.2916,0
41.297,3
41.297,0
41.3024,13
41.3026,0
41.3196,10
41.3197,6
41.3254,2
41.3256,0
41.331,4
41.3311,2
41.3368,1
41.3423,0
41.3477,7
41.3481,1
41.3483,0
41.3537,15
41.354,11
41.3594,8
41.3652,7
41.3706,5
41.3761,3
41.3816,1
41.387,0
41.3924,13
41.3926,0
41.398,13
41.3981,4
41.4036,1
41.409,0
41.4201,11
41.4261,5
41.4261,1
41.4263,0
41.4317,1
41.4318,0
41.4372,8
41.4487,7
41.4709,6
41.4711,0
41.4765,14
41.4766,11
41.482,10
41.4878,7
41.4933,6
41.4934,5
41.4989,0
41.5043,11
41.5043,10
41.5045,7
41.5439,6
41.5494,5
41.5494,4
41.5496,1
41.555,0
41.5659,1
41.5659,0
41.5713,12
41.5719,11
41.5774,7
41.5828,5
41.5829,4
41.5883,3
41.6047,0
41.6156,6
41.6159,2
41.6214,1
41.6268,0
41.6322,15
41.6327,12
41.6382,10
41.6439,7
41.6441,6
41.6443,4
41.65,3
41.6555,1
41.6609,0
41.6663,2
41.6667,0
41.6721,7
41.6722,0
41.6776,11
41.6779,10
41.6888,8
41.6942,7
41.6944,5
41.6999,0
41.722,12
41.7221,9
41.7223,5
41.7445,3
41.7503,0
41.7669,2
41.7675,1
41.7729,0
41.7783,15
41.7784,13
41.7838,11
41.7893,10
41.7947,9
41.8002,5
41.8002,1
41.817,0
41.8224,7
41.8225,0
41.8279,2
41.828,0
41.8334,1
41.8335,0
41.8389,7
41.839,0
41.8444,8
41.8449,3
41.8503,2
41.8561,0
41.8669,7
41.867,1
41.8724,0
41.8778,7
41.8779,0
41.8834,2
41.8837,1
41.8839,0
41.8893,11
41.8893,9
41.8895,6
41.8897,5
41.8955,2
41.9012,0
41.9121,9
41.9177,6
41.9234,5
41.9289,4
41.9346,1
41.9401,0
41.9455,2
41.9455,1
41.9513,0
41.9567,10
41.9568,8
41.968,7
41.9904,5
42.0015,0
42.0124,5
42.0125,0
42.0179,9
42.018,3
42.0289,0
42.0397,15
42.0399,0
42.0453,10
42.0513,7
42.0568,5
42.0568,3
42.057,0
42.0624,13
42.0626,0
42.068,15
42.0738,12
42.0792,6
42.0847,5
42.0847,4
42.0902,0
42.1011,8
42.1011,7
42.1066,5
42.1066,0
42.112,9
42.1175,8
42.1232,3
42.1287,0
42.1341,1
42.1342,0
42.1396,9
42.1397,0
42.1451,12
42.1452,7
42.1454,4
42.1512,0
42.1566,1
42.1627,0
42.1681,1
42.1681,0
42.1736,2
42.1736,0
42.179,1
42.1794,0
42.1848,10
42.1848,8
42.185,7
42.1905,6
42.1959,5
42.196,0
42.2014,7
42.2015,0
42.2069,13
42.2124,8
42.2126,6
42.2128,5
42.213,2
42.2188,0
42.2189,9
42.219,8
42.2244,7
42.2302,4
42.2356,0
42.241,11
42.2411,7
42.2466,5
42.2466,1
42.2521,0
42.2575,4
42.2578,0
42.2633,8
42.2711,5
42.2766,0
42.2875,15
42.2876,4
42.2931,0
42.3039,4
42.304,2
42.3262,0
42.3316,14
42.3321,12
42.3376,9
42.3431,8
42.3485,7
42.3599,5
42.3602,0
42.3656,13
42.366,10
42.3715,7
42.377,5
42.3827,3
42.3882,0
42.3938,11
42.3939,6
42.3993,5
42.3993,4
42.4048,2
42.4157,0
42.4211,10
42.4212,0
42.4266,12
42.4267,11
42.4269,2
42.4382,0
42.4436,14
42.4438,0
42.4492,7
42.4492,6
42.4547,5
42.4547,1
42.4607,0
42.4661,11
42.4663,0
42.4717,2
42.4717,0
42.4771,4
42.4832,3
42.4886,1
42.494,0
42.4994,8
42.4996,0
42.505,11
42.505,9
42.5053,0
42.5107,3
42.5108,1
42.5109,0
42.5163,13
42.5165,0
42.5219,4
42.522,0
42.5274,8
42.5275,6
42.5332,0
42.5386,14
42.5387,12
42.5609,10
42.5664,6
42.5721,5
42.5781,4
42.5836,1
42.6003,0
42.6057,11
42.6058,7
42.6113,5
42.6113,0
42.6167,2
42.6168,0
42.6222,15
42.6222,13
42.6277,12
42.639,3
42.6444,2
42.6499,0
42.6553,15
42.6556,14
42.661,11
42.6612,10
42.6672,6
42.6674,1
42.6732,0
42.6786,2
42.6786,0
42.6953,13
42.6955,11
42.6957,6
42.7012,5
42.7012,4
42.7067,2
42.7121,1
42.7176,0
42.7179,12
42.7232,7
42.7342,0
42.7396,12
42.74,7
42.7455,5
42.7455,4
42.7509,2
42.7567,1
42.7621,0
42.7676,5
42.779,4
42.7845,3
42.7905,2
42.7959,1
42.8014,0
42.8015,7
42.8016,2
42.8071,0
42.8126,7
42.818,6
42.8235,5
42.8235,0
42.8291,5
42.8292,3
42.8348,0
42.8403,13
42.8461,11
42.8574,9
42.8629,5
42.8629,3
42.8742,2
42.8797,1
42.8854,0
42.8855,10
42.8912,3
42.9187,1
42.9244,0
42.9299,2
42.9299,0
42.9353,15
42.9355,0
42.9409,7
42.941,2
42.9467,1
42.9522,0
42.9576,5
42.9577,0
42.9631,13
42.9689,12
42.9743,7
42.9746,5
42.9804,1
42.9805,0
42.9861,2
42.9862,0
42.997,5
42.9974,2
43.0029,0
43.0083,12
43.0084,0
43.0138,7
43.0139,3
43.0141,1
43.0196,0
43.025,13
43.0251,0
43.0305,3
43.0306,1
43.0308,0
43.0416,12
43.0417,10
43.053,5
43.053,3
43.064,0
43.0694,3
43.0697,0
43.0751,4
43.0755,0
43.081,9
43.0864,7
43.0921,5
43.0979,1
43.1036,0
43.1148,6
43.1148,4
43.1203,0
43.1257,9
43.1258,7
43.126,3
43.1262,0
43.1316,14
43.1317,10
43.1371,9
43.1426,6
43.1428,5
43.1541,0
43.1595,11
43.1596,2
43.1706,1
43.1876,0
43.193,6
43.1931,0
43.1985,5
43.1986,2
43.1988,0
43.2042,1
43.2045,0
43.2099,6
43.21,4
43.2102,3
43.2157,0
43.2319,7
43.232,0
43.2429,2
43.243,0
43.2484,13
43.2484,11
43.2486,10
43.2544,0
43.2707,13
43.271,11
43.2764,10
43.2766,9
43.2824,2
43.2826,1
43.2883,0
43.2938,2
43.2938,0
43.3047,11
43.3052,9
43.3054,7
43.3109,6
43.3163,5
43.3164,3
43.3218,0
43.3272,6
43.3273,0
43.3327,10
43.3329,0
43.3383,2
43.3383,0
43.3438,12
43.3492,11
43.3495,3
43.3608,2
43.3662,0
43.3664,2
43.3664,0
43.3719,12
43.372,5
43.3722,0
43.3724,10
43.3724,6
43.3782,4
43.3839,3
43.3896,2
43.3951,0
43.4005,15
43.4006,10
43.4231,8
43.4286,7
43.434,5
43.4341,0
43.4449,6
43.4449,4
43.4504,3
43.4561,0
43.4615,3
43.4616,2
43.4671,0
43.4725,3
43.4725,0
43.4836,13
43.4841,0
43.4949,15
43.4951,0
43.5005,15
43.5006,10
43.5061,5
43.5121,0
43.5175,6
43.5176,5
43.523,4
43.5232,0
43.5287,1
43.5287,0
43.5341,6
43.5342,4
43.5344,0
43.5399,13
43.54,3
43.5402,0
43.5405,12
43.5406,8
43.546,5
43.5461,3
43.5518,1
43.5575,0
43.563,8
43.5631,0
43.5739,9
43.574,5
43.5797,3
43.5799,2
43.5801,0
43.6078,14
43.6082,10
43.6139,7
43.6194,5
43.6248,4
43.625,3
43.6305,2
43.6359,0
43.6413,12
43.6415,0
43.6469,2
43.647,0
43.6578,4
43.6579,3
43.6636,0
43.6691,10
43.6748,7
43.6803,5
43.6803,2
43.6805,0
43.6807,13
43.6807,8
43.6862,5
43.6862,3
43.7086,0
43.714,5
43.7141,0
43.7195,8
43.7201,4
43.7255,3
43.731,2
43.7364,0
43.7418,2
43.7419,0
43.7473,8
43.7474,0
43.7528,7
43.7529,0
43.7584,10
43.7584,9
43.7641,7
43.7696,0
43.775,3
43.7751,0
43.7805,15
43.7807,0
43.7861,2
43.7861,0
43.7973,15
43.7973,12
43.7976,8
43.8033,2
43.815,1
43.8206,0
43.826,15
43.8262,7
43.8316,6
43.8317,0
43.8371,3
43.8372,0
43.8426,6
43.8427,0
43.8481,7
43.8482,0
43.8536,2
43.8591,1
43.8592,0
43.8812,1
43.8813,0
43.8867,7
43.8868,0
43.8922,11
43.8926,3
43.8928,1
43.9038,0
43.9092,14
43.9094,0
43.9148,1
43.9154,0
43.9265,8
43.9266,1
43.9268,0
43.9377,11
43.9377,7
43.9487,5
43.9542,2
43.9596,0
43.9705,1
43.9708,0
43.9762,10
43.9764,0
43.9818,1
43.9818,0
43.9872,4
43.9873,0
43.9927,4
43.9928,0
43.9983,11
44.0042,9
44.0097,6
44.0152,5
44.0152,3
44.0206,0
44.0208,10
44.0208,9
44.0263,5
44.0264,0
44.0318,14
44.0321,12
44.0375,9
44.043,5
44.043,3
44.0485,0
44.0486,7
44.054,5
44.0542,3
44.0596,0
44.0651,7
44.0652,0
44.0706,8
44.0766,5
44.0766,4
44.0768,0
44.0822,3
44.0823,0
44.0988,12
44.0991,11
44.1049,10
44.1103,6
44.1158,5
44.1158,0
44.1213,6
44.1219,3
44.1221,2
44.1223,0
44.1331,13
44.1332,8
44.1441,6
44.1496,5
44.1496,0
44.155,6
44.1551,0
44.1605,14
44.1607,0
44.1661,8
44.1662,4
44.1719,0
44.1774,7
44.1774,6
44.1829,5
44.1829,0
44.1883,3
44.1884,2
44.1941,1
44.1943,0
44.2109,11
44.211,0
44.2164,12
44.2165,10
44.2167,4
44.2225,0
44.2279,15
44.2284,14
44.2339,10
44.2341,9
44.2342,4
44.2396,3
44.2451,0
44.2507,13
44.2507,11
44.2616,10
44.267,9
44.2672,7
44.2674,0
44.2728,11
44.273,0
44.2784,4
44.2787,3
44.2842,1
44.2899,0
44.3007,14
44.3008,9
44.3124,8
44.3178,5
44.3178,4
44.3236,3
44.3293,2
44.3347,1
44.3402,0
44.3456,4
44.3457,1
44.3511,0
44.3566,11
44.3566,10
44.3621,6
44.3675,5
44.3676,2
44.373,1
44.3732,0
44.3786,13
44.3789,12
44.3844,11
44.39,5
44.3955,0
44.4009,6
44.4009,4
44.4067,0
44.4178,9
44.418,0
44.4234,5
44.4234,2
44.4289,0
44.4343,4
44.4344,0
44.4398,7
44.4399,0
44.4453,11
44.4456,10
44.4459,6
44.4513,5
44.4513,3
44.4568,0
44.4676,6
44.4677,4
44.4732,1
44.4792,0
44.4846,12
44.4847,8
44.5125,4
44.5182,0
44.5237,6
44.5238,0
44.5292,8
44.5293,0
44.5406,3
44.5407,0
44.5516,7
44.5626,5
44.5626,1
44.5681,0
44.5682,9
44.5683,8
44.5685,1
44.574,0
44.5848,12
44.585,0
44.5904,5
44.5907,1
44.5964,0
44.6018,1
44.6019,0
44.6073,7
44.6075,6
44.6077,5
44.6134,0
44.6188,3
44.6189,0
44.6243,13
44.6247,12
44.6301,11
44.6304,1
44.6358,0
44.6412,13
44.6416,12
44.647,11
44.6579,9
44.6634,8
44.6688,7
44.6743,5
44.6743,0
44.6798,3
44.6798,1
44.6907,0
44.6961,4
44.6967,3
44.7021,0
44.7076,8
44.7133,4
44.7192,0
44.7246,13
44.7247,0
44.7301,13
44.7303,0
44.7357,10
44.736,9
44.7418,8
44.742,6
44.7474,5
44.7694,4
44.775,3
44.7804,1
44.7862,0
44.7916,14
44.7916,11
44.7971,5
44.7972,0
44.8026,9
44.8026,6
44.8081,5
44.8141,1
44.8195,0
44.825,10
44.825,7
44.8308,5
44.8417,1
44.8477,0
44.8642,5
44.8643,4
44.8697,3
44.8752,0
44.886,4
44.8861,0
44.8915,9
44.8918,8
44.8973,5
44.8973,1
44.9028,0
44.9082,12
44.9083,6
44.9085,0
44.9139,7
44.9139,6
44.9144,2
44.9367,0
44.9641,8
44.9645,5
44.9699,3
44.9757,0
44.9811,5
44.9812,0
44.9866,5
44.9867,0
44.9921,8
45.0314,4
45.0427,2
45.0481,1
45.0536,0
45.059,5
45.0591,0
45.0645,3
45.0646,0
45.07,15
45.0703,12
45.076,11
45.0763,0
45.0764,13
45.0821,6
45.0876,5
45.0876,0
45.0989,12
45.1042,11
45.1097,7
45.1099,6
45.1156,2
45.1214,0
45.127,12
45.1271,1
45.1492,0
45.1546,1
45.1547,0
45.1601,8
45.1605,4
45.161,0
45.1664,2
45.1664,1
45.1719,0
45.1827,12
45.1829,0
45.1883,2
45.1883,0
45.1937,13
45.1939,1
45.1993,0
45.2048,5
45.2161,2
45.2219,0
45.2332,10
45.2333,0
45.2387,6
45.2388,0
45.2442,2
45.2443,0
45.2497,14
45.2503,9
45.2779,8
45.2781,7
45.2836,5
45.2836,0
45.2946,3
45.2947,0
45.3001,3
45.3005,0
45.3115,2
45.3116,0
45.317,2
45.317,0
45.3224,4
45.3225,0
45.3337,8
45.3337,3
45.3342,0
45.3396,10
45.3398,0
45.3452,15
45.3453,4
45.3455,0
45.3624,6
45.3624,1
45.3733,0
45.3842,15
45.3842,9
45.3897,6
45.3952,5
45.4009,4
45.4064,0
45.4118,14
45.4119,8
45.4174,5
45.4174,0
45.4228,9
45.4229,5
45.4286,3
45.4341,0
45.4396,7
45.4398,6
45.44,2
45.4454,1
45.4509,0
45.4565,11
45.4566,0
45.462,8
45.4626,7
45.4681,5
45.4681,4
45.4683,3
45.4684,1
45.4739,0
45.4793,12
45.4795,0
45.4849,6
45.4849,2
45.4904,0
45.4958,8
45.4959,0
45.5013,4
45.5014,0
45.5068,4
45.5072,2
45.5126,0
45.518,1
45.5181,0
45.5235,3
45.5235,2
45.5293,1
45.535,0
45.5404,5
45.5405,0
45.5459,15
45.5516,14
45.5571,11
45.5629,10
45.574,9
45.5795,7
45.5904,5
45.5904,4
45.6072,1
45.6126,0
45.618,1
45.6181,0
45.6235,13
45.6237,0
45.6291,10
45.6292,0
45.6346,12
45.6352,11
45.641,9
45.6411,8
45.6466,6
45.6575,5
45.6575,2
45.663,0
45.6684,12
45.6688,5
45.6797,3
45.6799,0
45.6907,10
45.691,7
45.6965,5
45.6965,0
45.702,3
45.702,0
45.7074,8
45.7079,5
45.7189,2
45.7246,0
45.73,13
45.7301,2
45.7414,0
45.7528,8
45.7585,5
45.7585,3
45.7646,0
45.7647,14
45.7648,13
45.765,8
45.7705,5
45.7705,0
45.776,1
45.7814,0
45.7816,13
45.7816,12
45.7873,6
45.7927,5
45.7928,1
45.7982,0
45.8036,14
45.8038,0
45.8092,14
45.8151,5
45.8206,0
45.826,10
45.8263,8
45.8317,6
45.8375,4
45.8377,2
45.8431,1
45.8433,0
45.8435,8
45.8435,4
45.8437,2
45.8495,0
45.8603,15
45.8604,13
45.8661,11
45.8716,5
45.8719,4
45.8774,3
45.8883,1
45.9047,0
45.9101,3
45.9102,0
45.9156,4
45.916,0
45.9268,4
45.9269,2
45.9382,1
45.9439,0
45.9493,13
45.9494,4
45.9607,0
45.9661,9
45.9665,8
45.9719,5
45.9722,0
45.9834,8
45.9888,7
45.989,5
46.011,0
46.0112,4
46.0112,3
46.0393,1
46.0451,0
46.0505,3
46.0505,0
46.056,7
46.0561,0
46.0615,5
46.0619,4
46.0674,3
46.0729,0
46.0837,3
46.0841,0
46.0949,5
46.095,2
46.1007,0
46.1116,11
46.1286,10
46.1341,5
46.1341,2
46.1395,0
46.145,1
46.151,0
46.1511,10
46.1512,9
46.1515,8
46.1569,7
46.1571,3
46.1626,0
46.1734,7
46.1741,6
46.1795,5
46.1795,1
46.1797,0
46.1851,7
46.1852,2
46.1907,0
46.1961,10
46.1961,8
46.2016,5
46.207,4
46.2072,0
46.2126,5
46.2181,2
46.2239,0
46.2347,3
46.2348,1
46.235,0
46.2404,9
46.2405,0
46.2459,7
46.246,4
46.252,0
46.2574,12
46.2686,10
46.2744,9
46.2746,7
46.28,6
46.2855,5
46.2855,4
46.2909,1
46.2963,0
46.3018,13
46.3019,0
46.3073,11
46.3075,0
46.3129,10
46.313,0
46.3184,7
46.3185,3
46.3187,2
46.3244,0
46.3298,14
46.33,0
46.3354,1
46.3355,0
46.3409,3
46.3409,0
46.3463,6
46.3464,5
46.3466,4
46.3523,2
46.3581,0
46.3635,4
46.3635,0
46.369,7
46.369,6
46.3745,5
46.3745,0
46.3854,3
46.3857,0
46.3966,9
46.3966,7
46.4021,5
46.4078,0
46.4187,10
46.4188,5
46.4245,3
46.43,0
46.4355,11
46.4412,10
46.4414,6
46.4468,5
46.4526,4
46.458,0
46.4582,10
46.4583,6
46.4587,4
46.4642,3
46.4862,0
46.4916,6
46.4917,0
46.4971,12
46.4972,0
46.5026,14
46.503,10
46.5032,4
46.5087,2
46.5141,1
46.5199,0
46.5253,13
46.5253,10
46.5531,9
46.5588,6
46.5643,5
46.57,2
46.5702,0
46.5757,7
46.5757,6
46.5921,5
46.5921,4
46.5981,3
46.5983,0
46.6094,1
46.6095,0
46.6149,11
46.615,0
46.6204,10
46.6205,8
46.6259,5
46.626,1
46.6262,0
46.6373,11
46.6374,9
46.6428,5
46.6483,0
46.6537,14
46.6539,4
46.6596,3
46.6598,2
46.6708,1
46.6763,0
46.6874,6
46.6875,0
46.6929,13
46.6935,11
46.6989,9
46.7044,5
46.7099,0
46.7153,3
46.7154,2
46.7208,0
46.7375,6
46.7377,5
46.7379,0
46.7381,11
46.7381,7
46.7436,5
46.7436,1
46.7604,0
46.7658,14
46.7771,12
46.7826,5
46.7828,4
46.7885,3
46.7887,1
46.7942,0
46.7997,7
46.7999,0
46.8107,3
46.811,2
46.8165,0
46.8273,7
46.8274,0
46.8382,8
46.8386,0
46.8442,9
46.8443,7
46.8497,5
46.8498,0
46.8552,4
46.8606,3
46.8664,0
46.872,8
46.8721,0
46.8775,13
46.8776,0
46.8831,5
46.8831,4
46.8833,2
46.889,1
46.8948,0
46.9002,5
46.9003,0
46.9057,7
46.9058,0
46.9166,7
46.9167,0
46.9221,6
46.9222,0
46.9276,7
46.9282,6
46.9337,5
46.9394,4
46.9504,0
46.9558,3
46.9559,0
46.9613,10
46.9613,9
46.9671,7
46.9673,4
46.9732,1
46.9734,0
46.9788,14
46.9789,13
46.9843,12
46.9846,4
46.9903,0
46.9957,11
46.9959,0
47.0013,12
47.0014,10
47.0071,9
47.0125,7
47.018,5
47.018,4
47.0235,1
47.0289,0
47.0343,13
47.0344,7
47.0346,0
47.0401,11
47.0404,10
47.0407,0
47.0409,12
47.0461,11
47.0463,9
47.0628,5
47.0854,4
47.0909,0
47.091,14
47.0916,10
47.0918,6
47.0973,5
47.0973,4
47.1083,2
47.1138,0
47.1192,6
47.1193,0
47.1247,15
47.1249,0
47.1358,12
47.1415,10
47.1417,5
47.1471,4
47.1526,3
47.1583,2
47.1585,0
47.1641,6
47.1642,3
47.1756,1
47.1758,0
47.1812,10
47.1813,7
47.1867,6
47.1922,5
47.1979,4
47.2037,1
47.2039,0
47.2093,4
47.2093,0
47.2202,6
47.2203,0
47.2257,12
47.2258,9
47.2312,5
47.2312,4
47.2367,0
47.2421,6
47.2422,4
47.2476,1
47.2533,0
47.2589,12
47.2591,0
47.2645,6
47.2646,2
47.27,1
47.2704,0
47.2758,2
47.282,0
47.2874,5
47.2875,2
47.2932,1
47.299,0
47.3044,7
47.3044,6
47.3046,5
47.3101,3
47.3155,0
47.3264,3
47.3265,0
47.3319,12
47.332,0
47.3374,12
47.3376,0
47.343,4
47.3431,0
47.3485,1
47.3542,0
47.3544,3
47.3544,0
47.3598,15
47.36,0
47.3654,4
47.3655,1
47.3659,0
47.3768,5
47.388,1
47.3935,0
47.4046,8
47.4052,7
47.4106,5
47.4107,2
47.4162,0
47.4216,10
47.4217,3
47.4218,2
47.422,1
47.4275,0
47.4329,14
47.4331,11
47.45,6
47.4554,5
47.4554,1
47.4556,0
47.4665,10
47.4666,6
47.472,5
47.4722,3
47.4779,1
47.4835,0
47.4889,11
47.489,0
47.4944,8
47.4945,0
47.4999,6
47.5005,5
47.506,0
47.5114,14
47.5116,0
47.517,15
47.5171,5
47.5225,4
47.528,2
47.5335,1
47.5389,0
47.5443,13
47.5443,12
47.5445,11
47.5503,6
47.5557,5
47.5558,1
47.5559,0
47.5614,4
47.5614,3
47.5723,0
47.5777,6
47.5781,0
47.5835,2
47.5836,0
47.5947,11
47.5948,2
47.6117,0
47.6171,14
47.6172,11
47.6227,5
47.6227,2
47.6281,0
47.6335,13
47.6337,0
47.6391,2
47.6391,1
47.6393,0
47.6449,9
47.645,0
47.6504,15
47.6506,0
47.656,13
47.6562,0
47.6616,5
47.6621,4
47.6785,1
47.6843,0
47.6897,1
47.6897,0
47.6953,10
47.7123,7
47.7178,6
47.7232,5
47.7232,3
47.7286,2
47.7341,1
47.7343,0
47.7397,15
47.7398,8
47.74,6
47.7454,5
47.7455,0
47.7509,15
47.751,10
47.7568,0
47.7622,9
47.7677,6
47.7734,4
47.7789,2
47.7847,0
47.7848,29
47.7961,27
47.8017,5
47.8018,1
47.802,0
47.8021,13
47.8021,12
47.8076,10
47.8136,8
47.8191,7
47.8519,5
47.8519,4
47.8577,0
47.8631,6
47.8632,3
47.8686,2
47.8741,1
47.8798,0
47.8854,15
47.8858,0
47.8912,7
47.8913,6
47.9025,5
47.9025,4
47.9244,2
47.9299,0
47.9353,4
47.9354,0
47.9408,1
47.9411,0
47.9465,10
47.9467,0
47.9521,1
47.9521,0
47.9575,13
47.9576,12
47.9578,11
47.958,6
47.9637,5
47.9746,4
47.9748,3
47.9754,0
47.9808,8
47.9809,6
47.9978,4
47.998,3
48.0035,0
48.0089,1
48.0089,0
48.0143,8
48.0147,7
48.0201,6
48.0201,2
48.0366,0
48.0474,13
48.0476,0
48.053,5
48.0531,0
48.0585,10
48.0588,2
48.0646,1
48.07,0
48.0755,14
48.0757,11
48.0759,10
48.087,6
48.0927,4
48.0985,0
48.0986,11
48.0987,8
48.1042,7
48.1044,6
48.1099,5
48.1099,3
48.1153,0
48.1208,15
48.1211,13
48.1266,5
48.1486,3
48.154,0
48.1595,14
48.1596,7
48.1653,5
48.1655,0
48.1764,14
48.1764,13
48.1766,12
48.1768,6
48.1823,0
48.1878,15
48.1879,5
48.1881,4
48.1938,0
48.1992,5
48.1993,0
48.2047,12
48.2048,10
48.2161,9
48.222,8
48.2275,7
48.2329,5
48.2329,4
48.2332,0
48.2386,5
48.2386,4
48.2496,1
48.255,0
48.2604,12
48.2605,5
48.266,0
48.2769,8
48.2772,7
48.2827,6
48.2887,5
48.2889,3
48.2943,2
48.3,1
48.3058,0
48.3112,9
48.3112,8
48.3167,5
48.3167,3
48.3225,1
48.3391,0
48.3445,9
48.3446,7
48.35,5
48.3501,0
48.3556,9
48.361,7
48.3664,5
48.3722,0
48.3836,15
48.3837,1
48.3895,0
48.3949,2
48.3949,0
48.4119,4
48.4287,1
48.4341,0
48.4343,15
48.4344,1
48.4399,0
48.4453,1
48.4454,0
48.4508,12
48.4509,3
48.4564,0
48.4618,12
48.4618,10
48.4621,8
48.4676,5
48.4676,2
48.4789,0
48.4843,9
48.4844,0
48.4898,1
48.4899,0
48.5008,14
48.5011,12
48.5071,11
48.5183,5
48.5183,0
48.5237,13
48.5238,9
48.5408,0
48.5462,2
48.5463,0
48.5517,1
48.5518,0
48.5572,11
48.5572,10
48.5627,7
48.5629,2
48.5631,1
48.5744,0
48.5852,2
48.5854,0
48.5963,13
48.5963,9
48.6021,7
48.6078,3
48.6135,2
48.619,0
48.6355,4
48.6356,0
48.641,1
48.6411,0
48.6465,3
48.6466,0
48.652,11
48.652,10
48.6575,8
48.6684,5
48.6684,3
48.6739,0
48.6793,6
48.6796,3
48.6853,2
48.6909,1
48.6967,0
48.6968,5
48.6969,2
48.7023,0
48.7078,11
48.7081,6
48.7194,5
48.7248,3
48.7303,0
48.7357,4
48.7363,3
48.7418,2
48.7472,0
48.7637,9
48.7638,8
48.7914,5
48.7915,0
48.7969,10
48.7969,9
48.8024,8
48.8028,7
48.8086,0
48.8198,15
48.8199,0
48.8253,13
48.8255,2
48.8367,0
48.8421,14
48.8422,0
48.8476,4
48.8477,0
48.8531,3
48.8532,0
48.8586,4
48.8589,1
48.8591,0
48.8645,14
48.8646,12
48.87,10
48.8702,9
48.8702,7
48.8757,5
48.8869,1
48.8923,0
48.8978,4
48.8978,0
48.9032,5
48.9033,0
48.9087,9
48.9088,4
48.9146,1
48.9149,0
48.9315,6
48.9315,5
48.9318,4
48.9376,0
48.943,4
48.9485,2
48.954,0
48.9649,1
48.9649,0
48.9757,11
48.9758,0
48.9813,3
48.9813,1
48.9815,0
48.9871,4
48.9874,1
48.9876,0
48.993,12
48.9931,11
48.9985,9
48.9987,8
49.0042,5
49.0042,4
49.0097,0
49.0151,9
49.021,0
49.0214,9
49.0386,8
49.044,6
49.0495,0
49.0603,1
49.0662,0
49.0716,4
49.0717,0
49.0771,9
49.0772,1
49.0826,0
49.0881,9
49.0938,8
49.0993,5
49.1105,4
49.1163,1
49.122,0
49.1222,4
49.1222,3
49.1224,0
49.1278,9
49.1279,8
49.1333,7
49.1391,2
49.1445,1
49.15,0
49.161,1
49.1664,0
49.1718,3
49.1718,2
49.172,0
49.1774,5
49.1775,0
49.1829,2
49.1832,0
49.1944,9
49.1947,0
49.195,11
49.1951,9
49.2005,7
49.2007,6
49.2009,4
49.2066,2
49.2121,1
49.2178,0
49.2232,5
49.2233,0
49.2287,15
49.2345,14
49.24,8
49.2567,7
49.2621,5
49.2676,2
49.2731,0
49.2785,14
49.284,13
49.2894,10
49.2952,8
49.2954,4
49.3231,1
49.3291,0
49.3292,9
49.3293,5
49.3348,3
49.3402,2
49.346,1
49.3514,0
49.3623,11
49.3624,6
49.3625,5
49.368,2
49.3735,0
49.3789,12
49.379,7
49.3844,5
49.3845,0
49.3899,4
49.39,0
49.3955,9
49.3959,8
49.4013,6
49.4126,5
49.4181,0
49.4236,6
49.424,1
49.4298,0
49.4299,11
49.43,7
49.4354,6
49.4409,5
49.4409,3
49.4411,1
49.4468,0
49.4577,9
49.4578,4
49.4633,0
49.4741,6
49.4743,4
49.4798,0
49.4852,15
49.4853,10
49.5076,5
49.513,4
49.5185,2
49.5298,0
49.5352,7
49.5352,4
49.5412,1
49.5522,0
49.5631,5
49.5632,0
49.5686,5
49.5689,3
49.5744,0
49.5798,15
49.58,0
49.5854,4
49.5854,3
49.5912,0
49.5966,3
49.5967,0
49.6021,2
49.6024,1
49.6244,0
49.6298,12
49.6303,0
49.6357,12
49.6357,6
49.6361,0
49.6415,9
49.6416,8
49.647,2
49.6473,0
49.6527,13
49.6533,11
49.6535,10
49.6589,9
49.6646,8
49.6704,5
49.6704,1
49.6759,0
49.6867,11
49.6869,0
49.6923,10
49.6923,9
49.6978,5
49.6978,4
49.7032,0
49.7086,11
49.709,3
49.7146,0
49.7201,11
49.7201,10
49.7256,7
49.7258,6
49.7315,3
49.7373,0
49.7481,2
49.7482,0
49.7536,8
49.7537,0
49.7591,15
49.7593,0
49.7647,7
49.7648,0
49.7756,9
49.776,8
49.7762,0
49.7816,5
49.7817,0
49.7871,14
49.7872,13
49.7982,12
49.804,8
49.8097,6
49.8152,5
49.8152,0
49.8206,13
49.8208,0
49.8262,7
49.8262,6
49.832,0
49.8374,10
49.8375,9
49.8379,8
49.8381,5
49.8549,4
49.8606,2
49.8661,0
49.8715,5
49.8715,4
49.877,0
49.8824,7
49.8825,0
49.8879,11
49.888,7
49.8935,5
49.899,2
49.9044,0
49.9156,3
49.9156,1
49.9158,0
49.9212,3
49.9215,2
49.927,1
49.9324,0
49.9436,8
49.9439,7
49.9441,6
49.9495,0
49.9549,3
49.955,0
49.9604,15
49.9608,14
49.9665,8
49.9667,6
49.9722,5
49.9722,3
49.9777,0
49.9831,1
49.9831,0
49.994,14
49.994,13
49.9942,10
49.9997,8
50.0109,6
50.0111,5
50.0166,2
50.022,0
50.0332,8
50.0332,5
50.039,0
50.0501,2
50.0615,0
50.0669,9
50.0669,8
50.0671,2
50.0729,0
50.0837,13
50.0839,4
50.0893,3
50.0948,0
50.1002,15
50.1002,13
50.1115,8
50.117,6
50.1225,5
50.1225,4
50.1282,0
50.1338,8
50.1339,4
50.1397,0
50.1452,12
50.1456,2
50.1511,0
50.1565,4
50.1566,0
50.162,4
50.1621,2
50.1681,1
50.1735,0
50.179,5
50.179,0
50.1845,5
50.2066,1
50.2291,0
50.2345,1
50.2345,0
50.2399,10
50.24,3
50.2401,0
50.2458,14
50.2459,0
50.2514,8
50.2514,7
50.2571,6
50.2573,4
50.2628,2
50.2688,1
50.2743,0
50.2797,2
50.2852,0
50.2853,7
50.2854,5
50.2909,0
50.2963,1
50.2964,0
50.3018,5
50.302,1
50.3075,0
50.3131,8
50.3187,0
50.3241,13
50.3242,12
50.3354,5
50.3408,4
50.341,3
50.3412,2
50.3469,0
50.3581,5
50.3581,2
50.3636,0
50.369,4
50.3693,3
50.3858,1
50.3913,0
50.3967,13
50.3971,9
50.4025,7
50.408,5
50.408,1
50.4135,0
50.4136,3
50.4137,2
50.4139,0
50.4193,7
50.4194,0
50.4248,13
50.4251,10
50.4306,8
50.4361,6
50.4363,3
50.4417,1
50.4584,0
50.4639,13
50.4639,7
50.4643,4
50.4761,3
50.4816,2
50.4817,1
50.4819,0
50.4873,4
50.4874,2
50.4929,0
50.4983,9
50.4984,0
50.5038,12
50.5093,5
50.5093,4
50.5148,1
50.5205,0
50.526,8
50.5314,5
50.5314,3
50.5369,1
50.5424,0
50.543,10
50.5431,3
50.5433,0
50.5544,6
50.5545,3
50.5599,0
50.5654,10
50.5826,9
50.5881,6
50.5883,2
50.5991,1
50.5993,0
50.6156,14
50.6157,13
50.6212,7
50.6269,6
50.6324,5
50.6326,0
50.6437,7
50.6493,5
50.6493,3
50.6609,0
50.6718,8
50.6775,7
50.6777,6
50.6779,4
50.6834,0
50.6835,12
50.6836,6
50.6891,5
50.6891,4
50.6946,0
50.7,11
50.7166,9
50.7168,3
50.7222,1
50.728,0
50.7336,4
50.7338,3
50.7392,0
50.7448,1
50.7449,0
50.7503,2
50.7504,0
50.7558,2
50.7561,0
50.7615,10
50.762,8
50.7622,3
50.7677,0
50.7788,6
50.7789,0
50.7843,1
50.7849,0
50.7904,13
50.7958,8
50.8017,5
50.8017,4
50.8019,0
50.8075,18
50.8128,14
50.8182,11
50.8184,10
50.8186,6
50.8188,4
50.8243,0
50.8302,14
50.8302,12
50.8305,1
50.8359,0
50.8414,15
50.8415,7
50.8472,5
50.8527,4
50.8584,3
50.8586,1
50.8643,0
50.8752,15
50.8752,14
50.8807,10
50.8919,8
50.8973,7
50.9028,6
50.9082,5
50.9083,1
50.9137,0
50.9247,15
50.9301,14
50.9416,7
50.9471,5
50.9583,4
50.9637,2
50.9697,1
50.9752,0
50.9925,15
50.9926,4
50.9981,0
50.9983,7
51.0036,5
51.0036,2
51.0038,0
51.0039,11
51.004,8
51.0095,5
51.0095,3
51.0115,0
51.017,12
51.0224,8
51.0279,6
51.0336,3
51.0338,0
51.034,15
51.0392,14
51.0394,10
51.0396,6
51.0675,2
51.0676,0
51.0678,2
51.0678,0
51.0733,2
51.0733,0
51.0787,10
51.0845,9
51.0899,8
51.0954,5
51.0954,0
51.1063,8
51.1064,0
51.1118,7
51.1119,3
51.1341,2
51.1396,0
51.145,15
51.1451,14
51.1506,7
51.156,5
51.1561,0
51.1615,10
51.1615,9
51.1838,4
51.1898,2
51.2007,0
51.2061,14
51.2064,11
51.2119,5
51.2174,3
51.2228,0
51.2282,2
51.2283,1
51.2285,0
51.2393,3
51.2397,2
51.2451,0
51.2559,13
51.2561,2
51.2563,0
51.2673,8
51.2677,0
51.2731,15
51.2733,0
51.2787,1
51.2787,0
51.2841,7
51.2899,2
51.2954,0
51.301,4
51.301,1
51.3065,0
51.3119,14
51.312,7
51.3175,5
51.3175,3
51.323,0
51.3338,14
51.334,0
51.3394,12
51.3397,11
51.3452,9
51.3507,5
51.3507,4
51.3561,2
51.3616,1
51.367,0
51.3727,10
51.3729,0
51.3783,1
51.3783,0
51.3837,9
51.3839,0
51.3893,13
51.3893,9
51.4006,1
51.4063,0
51.4172,13
51.4172,11
51.4227,8
51.4282,5
51.4336,2
51.4338,0
51.4393,13
51.445,9
51.4616,5
51.4616,1
51.4618,0
51.462,3
51.462,0
51.4674,12
51.4676,0
51.473,7
51.4733,5
51.4846,4
51.4903,0
51.5018,7
51.5019,0
51.5073,6
51.5074,0
51.5128,6
51.5129,0
51.5183,7
51.5292,5
51.5292,4
51.5347,3
51.5349,0
51.5403,15
51.5405,0
51.5459,8
51.5463,2
51.5573,0
51.574,6
51.5797,5
51.5852,0
51.5853,13
51.5856,10
51.5858,7
51.5913,5
51.5913,4
51.6025,0
51.6079,7
51.6082,6
51.6137,5
51.6137,2
51.6192,0
51.6246,2
51.6246,0
51.63,11
51.6301,9
51.6356,5
51.6356,3
51.6469,0
51.6525,10
51.6526,0
51.658,7
51.6581,6
51.6693,5
51.675,1
51.6859,0
51.6914,10
51.6917,9
51.6971,8
51.7032,3
51.7086,1
51.7141,0
51.7195,8
51.7196,5
51.7251,0
51.7305,6
51.7306,0
51.736,10
51.7361,6
51.7415,5
51.7415,4
51.747,0
51.7524,9
51.7528,6
51.7582,5
51.7583,3
51.7584,2
51.7694,1
51.7748,0
51.7802,6
51.7811,5
51.7868,4
51.7923,3
51.7924,2
51.7926,1
51.7983,0
51.8038,13
51.8044,12
51.8046,7
51.81,6
51.8155,5
51.8155,1
51.821,0
51.8264,6
51.8265,1
51.8319,0
51.8373,12
51.8375,0
51.8429,7
51.843,2
51.8484,0
51.8596,13
51.8597,5
51.8651,2
51.8764,0
51.8876,8
51.8933,4
51.8988,3
51.9048,0
51.905,27
51.9103,25
51.9158,20
51.9267,16
51.9322,13
51.9487,8
51.949,0
51.9491,11
51.9492,10
51.9549,4
51.9604,3
51.9659,0
51.9713,14
51.977,11
51.9831,7
51.9889,6
51.9943,5
51.9943,4
51.9998,3
52.0058,2
52.0112,0
52.0168,9
52.0169,8
52.0223,6
52.0278,5
52.0278,3
52.0333,0
52.0387,6
52.0387,5
52.0442,3
52.0497,0
52.0551,12
52.0608,11
52.0663,5
52.0722,4
52.0777,0
52.0779,6
52.0831,0
52.0833,10
52.0836,6
52.1006,4
52.1063,1
52.1065,0
52.1119,6
52.1123,5
52.1177,4
52.1179,1
52.1234,0
52.1342,5
52.1343,3
52.1398,0
52.1452,2
52.1452,0
52.1507,10
52.1561,9
52.1619,6
52.1674,0
52.1675,12
52.1728,11
52.173,10
52.1787,9
52.1901,7
52.1959,3
52.1961,0
52.2016,10
52.2017,9
52.2072,5
52.2239,4
52.2241,1
52.2296,0
52.235,4
52.2351,0
52.2405,15
52.2406,11
52.246,7
52.2462,4
52.2517,2
52.2572,0
52.2739,6
52.2742,1
52.2744,0
52.28,11
52.28,6
52.2858,4
52.3026,0
52.308,9
52.3081,0
52.3135,1
52.3141,0
52.3249,4
52.325,0
52.3304,13
52.3359,12
52.3361,10
52.3415,8
52.3472,6
52.3526,5
52.3527,1
52.3581,0
52.3635,14
52.3639,11
52.3641,7
52.3643,1
52.3698,0
52.3752,1
52.3752,0
52.3806,6
52.3807,5
52.3861,3
52.3919,0
52.4027,6
52.4028,0
52.4085,13
52.4086,12
52.4141,5
52.4141,4
52.4143,2
52.4309,0
52.4363,11
52.4364,0
52.4418,10
52.4422,9
52.4479,6
52.4536,5
52.4592,3
52.4593,2
52.4595,1
52.465,0
52.4758,14
52.4762,11
52.4871,6
52.4928,1
52.4929,0
52.4987,12
52.5323,3
52.5325,0
52.5433,15
52.5437,10
52.5602,8
52.5604,1
52.5659,0
52.5773,12
52.5774,0
52.5829,3
52.5829,1
52.5884,0
52.5938,9
52.5938,7
52.5941,5
52.6055,3
52.6109,2
52.6164,0
52.6218,1
52.6224,0
52.6332,10
52.6333,7
52.6335,5
52.6389,3
52.6444,2
52.6498,0
52.6552,6
52.6553,3
52.6555,0
52.6609,7
52.6609,5
52.6611,4
52.6666,3
52.6723,2
52.6778,0
52.6886,8
52.6887,6
52.6941,5
52.6999,4
52.7111,0
52.7166,3
52.722,0
52.7279,4
52.7279,2
52.7334,0
52.7388,6
52.7389,0
52.7443,5
52.7446,4
52.7448,3
52.745,0
52.7505,9
52.7507,8
52.7562,5
52.7562,4
52.7617,0
52.7619,18
52.7787,16
52.7842,0
52.7843,15
52.7898,11
52.7901,9
52.7903,7
52.7958,6
52.8016,0
52.807,12
52.807,11
52.8072,9
52.813,7
52.8239,5
52.8239,1
52.8242,0
52.8298,1
52.8301,0
52.8355,2
52.8356,0
52.841,6
52.8411,4
52.8465,0
52.8519,9
52.852,0
52.8574,7
52.8575,5
52.8577,4
52.8691,0
52.8745,5
52.8745,0
52.8857,15
52.8859,0
52.8913,13
52.8914,8
52.8968,6
52.9023,5
52.9023,0
52.9244,13
52.9245,9
52.9305,8
52.9359,6
52.9414,5
52.9414,2
52.9634,0
52.9688,12
52.969,0
52.9798,10
52.9802,0
52.9911,14
52.9911,12
53.008,3
53.0082,0
53.0136,9
53.0137,0
53.0191,7
53.0192,0
53.0246,13
53.0247,12
53.0635,7
53.0689,5
53.0689,2
53.0744,1
53.0801,0
53.091,1
53.091,0
53.1073,9
53.1082,8
53.1197,3
53.1199,0
53.131,8
53.1311,0
53.1365,14
53.1369,10
53.1423,7
53.1478,5
53.1533,0
53.1587,9
53.1588,4
53.1697,0
53.1751,4
53.1752,0
53.1806,12
53.1807,10
53.1862,0
53.1976,8
53.1977,0
53.2031,4
53.2032,0
53.2086,15
53.2088,0
53.2142,2
53.2148,1
53.215,0
53.2258,7
53.2259,0
53.2314,1
53.2314,0
53.2368,8
53.2372,4
53.2374,0
53.2428,10
53.2429,0
53.2483,10
53.2489,9
53.2491,7
53.2545,6
53.271,5
53.271,3
53.2821,1
53.2933,0
53.2987,3
53.2987,2
53.3042,0
53.3096,7
53.3097,0
53.3209,2
53.3209,0
53.3263,1
53.3264,0
53.3318,15
53.332,0
53.3374,5
53.3375,0
53.3429,3
53.3429,0
53.3538,5
53.3544,2
53.3599,0
53.3654,13
53.3764,7
53.3766,3
53.3821,2
53.3878,0
53.388,10
53.388,9
53.3989,8
53.4047,5
53.4101,1
53.4159,0
53.4213,6
53.4214,0
53.4268,9
53.4385,7
53.4443,6
53.4497,5
53.4552,1
53.4554,0
53.4662,15
53.4664,0
53.4718,10
53.4773,9
53.4827,7
53.4882,5
53.4882,4
53.4939,2
53.4994,0
53.5048,3
53.5052,0
53.5106,7
53.5107,0
53.5161,9
53.5162,2
53.5275,1
53.533,0
53.5384,12
53.5385,5
53.5442,2
53.5447,0
53.5501,10
53.5502,8
53.5556,7
53.5721,6
53.5724,0
53.5778,6
53.5778,4
53.5833,3
53.5888,0
53.5942,13
53.5945,12
53.5999,11
53.6109,8
53.6166,7
53.6224,1
53.6226,0
53.6334,8
53.6335,5
53.639,4
53.6447,2
53.6501,1
53.6558,0
53.6667,11
53.6667,9
53.6669,8
53.6724,5
53.6724,0
53.6833,5
53.6834,0
53.6888,14
53.6889,12
53.6891,3
53.6949,0
53.7057,6
53.7058,5
53.7112,4
53.7115,3
53.7117,1
53.7172,0
53.7226,13
53.7229,11
53.7284,8
53.7342,0
53.7396,14
53.7396,12
53.7451,10
53.7508,9
53.7563,7
53.7617,5
53.7672,4
53.7727,3
53.7781,2
53.7891,0
53.8111,8
53.8112,0
53.8166,15
53.8167,13
53.8221,11
53.8281,7
53.8336,6
53.8393,5
53.8448,0
53.8502,12
53.8508,10
53.8562,7
53.8617,6
53.8671,5
53.8672,0
53.8726,8
53.8726,6
53.8781,5
53.889,4
53.8944,2
53.8999,1
53.9003,0
53.9112,2
53.9113,0
53.9167,5
53.9167,0
53.9389,10
53.9389,8
53.9499,5
53.9557,0
53.9669,15
53.9674,8
53.9729,6
53.9783,5
53.9783,3
53.995,1
54.0062,0
54.0119,5
54.0173,4
54.023,3
54.04,1
54.0455,0
54.0456,7
54.0457,3
54.0511,0
54.0623,2
54.0623,0
54.0677,2
54.068,0
54.0789,9
54.079,0
54.0845,13
54.0845,11
54.09,10
54.0955,5
54.0957,0
54.0958,15
54.0959,14
54.1013,13
54.1071,11
54.1073,7
54.1128,5
54.1128,0
54.1182,12
54.1184,0
54.1238,13
54.1238,9
54.1293,6
54.1519,3
54.1576,1
54.1631,0
54.1685,5
54.1688,2
54.1797,1
54.1851,0
54.1905,5
54.1906,0
54.2015,14
54.2072,13
54.2127,12
54.2129,10
54.2184,6
54.2184,5
54.2241,1
54.2243,0
54.2297,15
54.2298,13
54.23,5
54.2358,3
54.2415,2
54.2469,0
54.2523,14
54.2587,11
54.2641,10
54.2696,9
54.275,8
54.2805,7
54.2914,5
54.2914,4
54.2916,2
54.2971,0
54.3025,13
54.3026,12
54.308,8
54.3138,6
54.3248,5
54.3248,0
54.3302,14
54.353,13
54.3584,10
54.3586,9
54.3586,7
54.3641,6
54.3641,3
54.3696,2
54.3698,0
54.3752,5
54.3753,0
54.3807,15
54.381,13
54.3865,6
54.3919,5
54.403,4
54.4032,2
54.4087,0
54.4141,8
54.4142,2
54.4145,0
54.4308,14
54.4308,13
54.4363,10
54.4365,9
54.4365,8
54.442,3
54.4477,1
54.4756,0
54.481,15
54.4811,10
54.4865,7
54.5031,5
54.5031,3
54.5086,0
54.514,15
54.5143,11
54.5198,7
54.5253,5
54.5253,2
54.5308,0
54.5362,15
54.5363,11
54.5587,10
54.5641,8
54.5699,0
54.6029,11
54.603,4
54.609,3
54.6092,0
54.62,9
54.6205,0
54.6259,12
54.626,0
54.6314,6
54.6315,4
54.6372,1
54.6539,0
54.6705,10
54.6706,0
54.6927,9
54.6928,0
54.6982,10
54.6983,5
54.7038,0
54.7147,9
54.7148,0
54.7202,1
54.7205,0
54.7259,7
54.726,4
54.7315,1
54.7374,0
54.7428,7
54.743,4
54.7432,0
54.7434,12
54.7434,11
54.7492,5
54.7549,2
54.7714,0
54.7768,10
54.777,0
54.7824,9
54.7827,6
54.7885,5
54.7887,0
54.7941,14
54.7943,0
54.7997,10
54.7997,8
54.8052,5
54.8052,3
54.8107,0
54.8161,5
54.8162,0
54.8216,14
54.8219,11
54.8274,9
54.8331,6
54.8388,5
54.839,2
54.8445,0
54.8499,9
54.8557,8
54.8559,7
54.8613,5
54.8894,3
54.8948,1
54.9003,0
54.9004,15
54.9005,7
54.906,5
54.917,1
54.9225,0
54.9279,7
54.9283,0
54.9337,13
54.9338,12
54.9449,9
54.9504,8
54.9562,1
54.9619,0
54.9728,4
54.9729,0
54.973,12
54.9731,7
54.9733,3
54.9793,0
54.9847,5
54.985,4
54.9905,2
54.9959,1
54.9961,0
55.0015,3
55.0016,2
55.007,0
55.0124,5
55.0125,0
55.0347,14
55.0401,12
55.0455,10
55.051,9
55.0567,6
55.0625,4
55.0736,0
55.0795,1
55.0796,0
55.085,4
55.0852,0
55.0908,4
55.0909,1
55.0911,0
55.0965,2
55.0966,0
55.102,1
55.102,0
55.1074,5
55.1075,0
55.1129,15
55.113,13
55.1184,12
55.1239,10
55.1296,7
55.1351,5
55.1351,2
55.1406,0
55.146,3
55.1515,1
55.1517,0
55.1518,4
55.1519,3
55.1576,0
55.163,15
55.1631,12
55.1633,7
55.1747,6
55.1805,0
55.1859,3
55.186,0
55.1914,14
55.1915,13
55.2023,11
55.2025,10
55.208,5
55.208,4
55.2135,2
55.2189,0
55.2298,10
55.2301,5
55.2356,2
55.2413,0
55.2414,11
55.247,10
55.2472,7
55.2527,6
55.2584,4
55.2639,1
55.2696,0
55.275,7
55.2751,0
55.2805,12
55.2807,0
55.2861,7
55.2862,0
55.2916,2
55.2922,0
55.303,3
55.3031,0
55.3085,9
55.3086,0
55.314,4
55.3195,3
55.325,0
55.3304,7
55.3304,6
55.3417,5
55.3417,4
55.3472,3
55.3526,2
55.3641,0
55.3695,6
55.3699,4
55.3753,3
55.3808,0
55.3862,10
55.3863,0
55.3917,9
55.3919,0
55.3973,6
55.3978,5
55.4033,2
55.4088,0
55.4196,1
55.4197,0
55.4305,4
55.4306,2
55.4414,1
55.4472,0
55.4526,6
55.4527,4
55.4581,1
55.4583,0
55.4637,2
55.4644,0
55.4698,14
55.4701,13
55.4756,12
55.4758,9
55.4759,7
55.4814,5
55.4816,4
55.4873,3
55.4928,0
55.4929,3
55.493,0
55.5041,14
55.5042,8
55.5096,5
55.5151,3
55.5153,0
55.5207,10
55.5209,0
55.5263,7
55.5264,0
55.5318,14
55.5318,13
55.5372,11
55.543,5
55.5485,0
55.5539,3
55.554,0
55.5594,15
55.5595,12
55.5597,5
55.5712,3
55.5769,2
55.5824,0
55.5878,2
55.5878,0
55.5932,10
55.5938,5
55.5993,3
55.6048,1
55.6102,0
55.6211,14
55.6212,0
55.6266,4
55.6267,0
55.6321,14
55.6322,13
55.6376,10
55.6488,9
55.6598,6
55.66,5
55.6655,3
55.6713,0
55.6767,9
55.6825,8
55.6879,6
55.6939,1
55.6941,0
55.6995,3
55.6996,2
55.6998,0
55.7052,7
55.7053,0
55.7107,15
55.7107,13
55.7162,10
55.7217,7
55.7271,6
55.7326,5
55.7326,2
55.7381,0
55.7494,7
55.7547,6
55.755,0
55.7604,5
55.7605,0
55.7659,13
55.766,0
55.7772,7
55.7827,5
55.7827,0
55.7829,11
55.7829,7
55.7945,4
55.7947,0
55.811,15
55.8113,11
55.8168,10
55.8223,7
55.8277,6
55.8277,5
55.8332,0
55.8386,12
55.8387,11
55.8389,5
55.8447,0
55.8501,11
55.8501,10
55.8556,9
55.8613,8
55.8668,7
55.8726,2
55.878,0
55.8834,2
55.8834,0
55.8888,2
55.8892,0
55.8948,1
55.8948,0
55.9003,6
55.9006,3
55.9063,1
55.9065,0
55.9067,12
55.912,9
55.9174,8
55.9176,4
55.9231,0
55.9285,6
55.9286,0
55.9341,5
55.9341,0
55.9395,6
55.9396,5
55.945,4
55.9505,0
55.9559,15
55.979,13
55.9848,8
55.985,6
55.9904,5
55.9959,1
56.0013,0
56.0067,6
56.0068,0
56.0122,8
56.0124,0
56.0178,7
56.0181,5
56.0183,0
56.0237,2
56.0238,1
56.024,0
56.0294,9
56.0348,8
56.035,6
56.0459,5
56.0459,3
56.0517,0
56.0573,3
56.0575,2
56.063,1
56.0687,0
56.0741,1
56.0742,0
56.0796,7
56.0854,4
56.0856,2
56.0858,1
56.0912,0
56.0914,9
56.119,8
56.1245,7
56.13,5
56.13,3
56.1354,1
56.1412,0
56.1468,5
56.1468,0
56.1522,3
56.1526,2
56.158,1
56.1635,0
56.1689,10
56.169,0
56.1744,4
56.1745,2
56.2135,0
56.2189,4
56.2247,3
56.2304,2
56.2361,0
56.2417,6
56.2418,3
56.242,0
56.2474,1
56.2474,0
56.2583,11
56.2584,0
56.2638,3
56.2643,1
56.2755,0
56.281,1
56.281,0
56.2866,3
56.2869,0
56.3205,10
56.3207,0
56.3261,2
56.3261,1
56.3316,0
56.337,6
56.3425,5
56.3425,0
56.3427,12
56.3428,0
56.3482,3
56.3483,0
56.3537,9
56.3538,0
56.3592,3
56.3765,0
56.3874,15
56.3878,4
56.3991,2
56.4046,0
56.416,6
56.4161,0
56.4215,12
56.4215,11
56.4217,5
56.4272,3
56.4326,2
56.4381,1
56.4436,0
56.449,13
56.449,9
56.4492,8
56.4547,7
56.4549,4
56.4603,2
56.4658,0
56.477,1
56.4772,0
56.4828,3
56.4883,2
56.4885,0
56.4944,8
56.4945,6
56.5116,5
56.5171,2
56.5336,0
56.5391,5
56.5391,0
56.5446,14
56.5447,0
56.5501,7
56.5502,0
56.5556,11
56.5557,9
56.5559,6
56.5671,5
56.5671,1
56.5726,0
56.6002,1
56.6002,0
56.6056,15
56.6057,11
56.6115,1
56.6335,0
56.6389,8
56.6395,7
56.6453,6
56.6507,5
56.6562,4
56.6616,0
56.6671,11
56.6674,8
56.6729,7
56.6731,0
56.6785,2
56.6786,0
56.684,15
56.6841,0
56.6896,1
56.6896,0
56.695,8
56.6953,7
56.7177,6
56.7234,4
56.7291,3
56.7346,0
56.74,11
56.7403,5
56.7405,3
56.7407,1
56.7461,0
56.7516,12
56.7516,9
56.7626,8
56.7683,7
56.7738,5
56.7738,2
56.7793,0
56.7847,15
56.7848,8
56.7903,5
56.7903,4
56.7957,0
56.8014,6
56.8015,0
56.8069,15
56.8078,14
56.8132,12
56.819,10
56.8245,5
56.8245,3
56.8247,2
56.8357,0
56.8411,4
56.8411,0
56.8466,11
56.8466,8
56.8521,6
56.8575,5
56.8575,4
56.863,0
56.8684,14
56.8688,11
56.8908,5
56.8908,2
56.8965,0
56.9021,4
56.908,0
56.9134,3
56.9135,2
56.9189,1
56.9191,0
56.9245,15
56.9247,0
56.9301,2
56.9302,0
56.9356,7
56.9362,5
56.9363,4
56.9418,2
56.9528,1
56.9582,0
56.9691,2
56.9692,0
56.98,2
56.9804,1
56.9858,0
56.9912,9
56.9913,0
56.9967,1
56.9968,0
57.0023,2
57.009,0
57.0093,15
57.0146,14
57.0201,9
57.0258,8
57.0313,7
57.0367,5
57.0422,2
57.0476,0
57.053,5
57.0531,2
57.0586,0
57.0641,6
57.0696,5
57.0696,3
57.0754,2
57.0756,0
57.081,5
57.081,0
57.0865,4
57.0865,0
57.0919,7
57.0921,0
57.0975,11
57.0976,5
57.1143,4
57.1145,2
57.1205,0
57.1259,7
57.1262,6
57.1318,0
57.1372,7
57.1374,5
57.143,0
57.1484,4
57.1484,2
57.1486,0
57.154,10
57.1541,7
57.1595,6
57.1597,5
57.1599,4
57.1654,0
57.1708,7
57.1709,0
57.1763,1
57.1766,0
57.1821,6
57.1821,0
57.1876,7
57.1876,5
57.1933,4
57.1935,3
57.199,0
57.232,10
57.2321,0
57.2432,9
57.2438,8
57.244,6
57.2495,5
57.2495,3
57.2549,1
57.2604,0
57.2712,15
57.2712,13
57.2715,9
57.2769,5
57.2827,3
57.2881,2
57.2936,0
57.3044,8
57.3045,7
57.3103,3
57.3105,0
57.3159,3
57.3217,0
57.3218,7
57.3218,6
57.3276,5
57.3336,1
57.339,0
57.3444,14
57.3446,0
57.3555,3
57.3555,1
57.3665,0
57.3719,10
57.3721,1
57.3775,0
57.383,13
57.3887,12
57.3941,10
57.3943,9
57.3943,6
57.4001,4
57.4055,3
57.4057,0
57.4059,5
57.4059,2
57.4061,1
57.4119,0
57.4173,9
57.4174,0
57.4228,10
57.4229,0
57.4283,10
57.4284,7
57.4286,6
57.4453,4
57.4507,2
57.4562,1
57.4616,0
57.4671,11
57.4671,8
57.4726,7
57.478,5
57.4781,0
57.4835,12
57.4836,0
57.4891,11
57.4892,0
57.4946,4
57.506,3
57.5117,0
57.5171,11
57.5173,0
57.5227,13
57.5233,11
57.5288,9
57.5345,5
57.5403,3
57.5457,2
57.6068,0
57.6176,1
57.6182,0
57.6236,9
57.624,6
57.6294,5
57.6294,4
57.6349,2
57.6409,0
57.6463,15
57.6463,14
57.6518,10
57.652,9
57.6574,6
57.663,3
57.6631,2
57.6686,1
57.6741,0
57.6795,13
57.6797,0
57.6851,7
57.6908,6
57.6963,5
57.7127,0
57.7181,3
57.7185,2
57.7244,1
57.7299,0
57.7353,9
57.7468,1
57.7522,0
57.7631,7
57.7632,1
57.7686,0
57.774,5
57.7741,0
57.7795,3
57.7798,2
57.7853,0
57.7964,7
57.7965,6
57.8019,5
57.8019,2
57.8074,0
57.8128,7
57.8129,0
57.8183,13
57.8187,3
57.8355,1
57.8415,0
57.8469,11
57.8472,10
57.8528,4
57.8583,3
57.8692,0
57.8746,3
57.8747,1
57.8802,0
57.8856,2
57.8856,0
57.8965,4
57.8968,3
57.9023,2
57.9187,0
57.9298,6
57.9299,0
57.9354,5
57.936,1
57.9414,0
57.9476,5
57.9529,3
57.9583,1
57.9639,0
57.9693,8
57.9693,6
57.9748,5
57.9748,0
57.9911,9
57.9912,1
57.9914,0
57.997,2
57.997,0
58.0137,2
58.0139,1
58.0194,0
58.0195,11
58.0196,9
58.0253,5
58.0311,4
58.0365,1
58.042,0
58.0476,12
58.0533,10
58.0588,7
58.0591,0
58.0592,13
58.0594,0
58.0648,3
58.0651,0
58.0759,5
58.076,0
58.0869,13
58.087,0
58.0979,15
58.0981,0
58.1035,10
58.104,8
58.1094,5
58.1095,0
58.1149,3
58.1149,2
58.1204,0
58.1318,14
58.1323,13
58.1433,8
58.1487,7
58.1489,3
58.1491,2
58.1549,0
58.1603,8
58.1603,6
58.1715,5
58.1717,4
58.1827,3
58.205,0
58.2104,12
58.2105,0
58.216,6
58.2217,2
58.2219,1
58.2276,0
58.2277,6
58.2391,4
58.2446,0
58.25,10
58.25,9
58.2558,5
58.2612,4
58.2667,2
58.2888,0
58.2997,4
58.2997,0
58.3051,1
58.3055,0
58.3163,6
58.3164,4
58.3219,0
58.3273,12
58.3278,11
58.328,7
58.3335,2
58.3338,0
58.3394,13
58.3395,0
58.345,3
58.345,0
58.3504,6
58.3505,0
58.3559,14
58.356,8
58.3841,6
58.3842,5
58.3845,0
58.3899,5
58.3899,3
58.3953,2
58.3955,0
58.4009,5
58.401,0
58.4064,7
58.4065,0
58.4119,9
58.4123,7
58.4232,6
58.4235,0
58.4343,7
58.4347,0
58.4401,8
58.4402,1
58.446,0
58.4514,1
58.4514,0
58.4568,6
58.4574,5
58.4629,0
58.4683,8
58.4685,0
58.4739,2
58.4741,1
58.4795,0
58.4904,5
58.4905,0
58.4959,10
58.496,9
58.5014,7
58.5017,3
58.5074,2
58.5128,1
58.5183,0
58.5346,8
58.5352,7
58.5407,5
58.5464,3
58.5519,1
58.5573,0
58.5628,4
58.5633,3
58.5688,0
58.5742,2
58.5743,0
58.5797,3
58.5797,0
58.5851,9
58.5906,0
58.5961,6
58.5961,4
58.6016,3
58.607,0
58.6124,4
58.6125,0
58.6179,3
58.6183,0
58.6237,1
58.6237,0
58.6346,7
58.6347,5
58.6403,3
58.6405,1
58.6407,0
58.6519,1
58.6519,0
58.6628,2
58.6633,0
58.6687,2
58.6688,0
58.6742,1
58.6743,0
58.6854,5
58.6855,0
58.6909,9
58.691,0
58.6964,15
58.6965,13
58.7019,12
58.7074,11
58.7131,10
58.7133,7
58.7188,6
58.7242,5
58.7297,0
58.7351,7
58.7352,0
58.7406,5
58.741,1
58.747,0
58.7578,8
58.7579,1
58.7641,0
58.7697,8
58.7697,7
58.7699,6
58.7753,5
58.7755,0
58.7809,8
58.781,4
58.7865,2
58.7867,0
58.7922,11
58.7924,0
58.8032,1
58.8033,0
58.8087,10
58.8088,7
58.8145,5
58.8147,0
58.8201,9
58.8203,0
58.8257,11
58.8257,8
58.8367,5
58.8368,3
58.8425,1
58.8427,0
58.8481,7
58.8482,0
58.8536,14
58.8537,11
58.8649,9
58.8651,0
58.8817,13
58.8818,8
58.8875,7
58.893,5
58.893,2
58.8985,0
58.9039,9
58.904,5
58.9095,0
58.9149,8
58.915,0
58.9204,1
58.9207,0
58.9316,1
58.9316,0
58.937,14
58.9428,13
58.9485,8
58.954,5
58.954,1
58.9595,0
58.9649,8
58.965,1
58.9707,0
58.9762,3
58.9765,0
58.9819,15
58.982,13
58.9875,8
58.9984,5
58.9985,0
59.0093,2
59.0096,0
59.015,3
59.0151,0
59.0205,2
59.0263,1
59.0317,0
59.0371,4
59.0372,3
59.0426,0
59.0481,10
59.0484,6
59.0599,5
59.0654,3
59.0709,0
59.0763,8
59.0764,0
59.0818,6
59.0819,0
59.0873,8
59.0874,5
59.0986,3
59.1043,0
59.1152,7
59.1152,6
59.1207,5
59.1207,0
59.1261,11
59.1265,9
59.1319,7
59.1374,6
59.1428,5
59.1429,0
59.1483,13
59.1483,11
59.1543,7
59.1545,6
59.1547,4
59.1549,0
59.1603,5
59.1607,3
59.1661,2
59.1716,0
59.1824,1
59.1831,0
59.1885,8
59.1886,0
59.194,2
59.194,0
59.1995,8
59.1996,7
59.1997,6
59.2107,5
59.2107,0
59.2109,9
59.211,4
59.2277,1
59.2332,0
59.2386,12
59.2387,5
59.2441,3
59.2496,1
59.2554,0
59.2608,10
59.2665,5
59.2722,3
59.278,0
59.2781,11
59.2835,5
59.2835,0
59.2889,6
59.289,0
59.2947,4
59.2949,1
59.3115,0
59.3116,11
59.3118,0
59.3172,1
59.3172,0
59.3226,9
59.3227,5
59.3285,1
59.3339,0
59.3393,1
59.3394,0
59.3505,6
59.3506,0
59.356,2
59.3564,0
59.3618,11
59.3618,9
59.3673,5
59.3731,3
59.3788,0
59.3897,8
59.3897,7
59.3952,5
59.3952,0
59.4061,9
59.4081,5
59.4082,4
59.4136,0
59.419,2
59.4191,0
59.4245,13
59.4247,0
59.4301,1
59.4304,0
59.4413,15
59.4414,0
59.4469,3
59.4469,0
59.4523,1
59.4524,0
59.4578,15
59.4581,13
59.4752,12
59.4809,11
59.4864,7
59.4918,5
59.4918,4
59.4973,3
59.5028,0
59.5136,2
59.5137,0
59.5191,7
59.5192,2
59.5246,1
59.5301,0
59.5355,3
59.5356,0
59.541,9
59.5411,0
59.5465,3
59.5466,0
59.552,1
59.558,0
59.5634,8
59.5637,7
59.5748,5
59.5748,2
59.575,1
59.5807,0
59.5916,15
59.592,10
59.6084,9
59.6086,5
59.6143,4
59.6198,2
59.6253,0
59.6361,2
59.6362,0
59.6416,9
59.6419,7
59.6474,5
59.6529,0
59.6583,5
59.6584,1
59.6641,0
59.6695,9
59.6696,0
59.675,10
59.6752,0
59.6806,6
59.6812,5
59.6869,4
59.6924,0
59.6978,8
59.6979,0
59.7033,12
59.7034,11
59.7199,9
59.7308,8
59.7366,4
59.7421,0
59.7475,10
59.7476,0
59.753,10
59.7585,7
59.7587,5
59.7645,1
59.7646,0
59.781,6
59.7811,0
59.792,2
59.7926,0
59.7981,14
59.7983,6
59.8149,2
59.8204,1
59.8258,0
59.8313,4
59.8313,0
59.8368,3
59.8422,0
59.8424,14
59.8427,13
59.8482,12
59.8484,5
59.8539,0
59.8593,5
59.8593,4
59.8648,0
59.876,14
59.8763,13
59.882,12
59.8875,5
59.8877,0
59.8932,12
59.8937,11
59.8992,5
59.8993,0
59.9048,4
59.9049,0
59.9103,15
59.9104,13
59.9159,9
59.9213,5
59.9214,0
59.9378,8
59.9435,4
59.949,3
59.9492,1
59.9546,0
59.9548,11
59.9548,10
59.9603,5
59.9661,3
59.9772,0
59.9826,5
59.9827,4
59.9881,3
59.9939,0
60.005,14
60.0051,9
60.0105,8
60.016,5
60.016,4
60.0215,2
60.0323,1
60.0433,0
60.0487,6
60.0488,0
60.0542,15
60.0545,14
60.06,10
60.0768,8
60.0826,1
60.0881,0
60.0935,7
60.094,6
60.0998,5
60.1052,4
60.1217,3
60.1219,0
60.1273,10
60.1274,4
60.1328,3
60.133,0
60.1384,7
60.1386,0
60.144,7
60.144,6
60.1552,5
60.1553,0
60.1607,14
60.1775,12
60.1834,11
60.1836,7
60.1891,5
60.2005,4
60.2007,3
60.2062,0
60.2063,10
60.2064,8
60.2066,6
60.212,5
60.212,3
60.2229,0
60.2283,10
60.2284,8
60.2339,0
60.2393,3
60.2393,1
60.2448,0
60.2502,11
60.2505,10
60.2615,6
60.267,5
60.2672,2
60.2726,0
60.278,13
60.2784,8
60.2844,7
60.2898,6
60.2899,0
60.2953,2
60.2954,0
60.3009,4
60.301,3
60.3122,0
60.3176,12
60.3177,0
60.3231,1
60.3232,0
60.3286,14
60.3287,0
60.3342,7
60.3342,5
60.351,3
60.3565,0
60.3619,10
60.3619,9
60.3677,5
60.3844,0
60.3898,12
60.3899,3
60.4008,1
60.401,0
60.4064,10
60.4065,4
60.4068,3
60.4126,2
60.418,0
60.4236,9
60.4237,5
60.4292,0
60.4402,4
60.4403,0
60.4457,3
60.4458,0
60.4512,3
60.4512,0
60.4567,8
60.457,6
60.4624,5
60.4679,0
60.4733,7
60.4734,0
60.4789,11
60.4789,10
60.4849,7
60.4851,5
60.4853,2
60.4908,0
60.4962,4
60.4962,0
60.5017,14
60.5017,11
60.5019,9
60.5021,8
60.5078,6
60.5243,5
60.5243,3
60.5303,0
60.5412,14
60.5414,0
60.5468,12
60.5469,7
60.5523,5
60.5524,0
60.5578,12
60.5581,11
60.5636,10
60.569,9
60.5745,5
60.5745,0
60.5799,10
60.5801,0
60.5855,14
60.5858,13
60.5913,10
60.6137,7
60.6194,6
60.6252,3
60.6363,1
60.6418,0
60.6472,10
60.6473,0
60.6527,15
60.6529,0
60.6583,4
60.6586,2
60.6695,1
60.6752,0
60.6807,12
60.6807,9
60.6809,6
60.6867,5
60.6924,0
60.6978,6
60.6979,0
60.7033,7
60.7034,1
60.7093,0
60.7204,14
60.7206,0
60.726,11
60.7261,0
60.7316,1
60.7316,0
60.7425,13
60.7425,9
60.7482,7
60.7538,0
60.7592,8
60.7593,3
60.7814,1
60.7816,0
60.7924,15
60.7928,12
60.793,8
60.7985,5
60.7985,4
60.8042,2
60.8097,0
60.8152,3
60.8157,2
60.8211,1
60.8213,0
60.8214,8
60.8215,0
60.8269,14
60.827,12
60.8324,11
60.8379,5
60.838,1
60.8434,0
60.8488,6
60.8489,4
60.8544,0
60.8598,15
60.86,0
60.8654,5
60.8767,3
60.8934,0
60.8988,9
60.8989,3
60.8992,0
60.9101,11
60.9101,10
60.9329,9
60.9331,6
60.9333,4
60.9388,2
60.9443,0
60.9497,10
60.9498,0
60.9607,3
60.9607,2
60.9716,0
60.977,13
60.9773,11
60.9831,10
60.9885,5
60.9942,3
61,0
61.0054,14
61.0054,13
61.0109,11
61.0164,6
61.0218,5
61.0279,0
61.0333,13
61.0334,12
61.0336,8
61.0501,5
61.0502,0
61.0556,10
61.0557,4
61.0667,0
61.0721,6
61.0722,0
61.0776,3
61.0779,2
61.0834,0
61.0942,6
61.0943,0
61.0997,12
61.1002,8
61.1113,5
61.1113,0
61.1167,6
61.1168,0
61.1283,3
61.1283,0
61.1338,2
61.1338,0
61.1447,3
61.1447,2
61.1502,0
61.161,1
61.1611,0
61.1719,5
61.1723,0
61.1778,12
61.1778,11
61.178,6
61.1782,3
61.1837,2
61.1894,0
61.1896,8
61.1896,7
61.1951,6
61.2063,5
61.2117,4
61.2172,0
61.2226,3
61.2227,0
61.2336,12
61.2341,10
61.2396,9
61.2617,8
61.2839,5
61.2894,3
61.2948,0
61.3003,4
61.3006,3
61.3008,0
61.3062,8
61.3063,5
61.312,3
61.3175,0
61.3229,12
61.3229,11
61.3231,8
61.3286,5
61.3286,4
61.3344,1
61.3398,0
61.3509,14
61.351,12
61.3565,11
61.3619,6
61.3674,5
61.3674,2
61.3729,0
61.384,15
61.3841,9
61.3896,8
61.395,5
61.4121,1
61.4175,0
61.4229,2
61.423,0
61.4284,11
61.4285,0
61.4339,10
61.4341,0
61.4395,1
61.4395,0
61.4449,7
61.4453,6
61.4507,5
61.4507,2
61.4512,0
61.4567,15
61.4621,14
61.4623,13
61.4677,10
61.4732,6
61.479,1
61.4844,0
61.501,9
61.5066,7
61.5068,0
61.5177,3
61.5234,0
61.5236,4
61.5236,0
61.5345,2
61.5346,0
61.54,1
61.5403,0
61.5457,1
61.5458,0
61.5512,1
61.5514,0
61.5678,13
61.5678,12
61.568,10
61.5735,7
61.6072,5
61.6126,4
61.6186,3
61.6298,0
61.6353,12
61.6354,0
61.6408,4
61.6412,1
61.6466,0
61.6575,6
61.6576,0
61.663,13
61.663,11
61.6685,8
61.6687,5
61.6742,3
61.6854,0
61.6963,3
61.6964,0
61.7072,2
61.7073,0
61.7127,7
61.7133,3
61.719,0
61.7193,13
61.7194,12
61.7196,10
61.725,7
61.7305,5
61.7305,2
61.7363,0
61.7417,4
61.7418,0
61.7472,3
61.7528,0
61.7584,9
61.7585,6
61.7805,5
61.7805,1
61.7972,0
61.8138,9
61.8142,3
61.8199,0
61.8255,1
61.8256,0
61.831,9
61.8311,0
61.8365,12
61.8369,7
61.8426,5
61.848,0
61.8534,1
61.8535,0
61.8589,8
61.859,0
61.8644,7
61.8645,0
61.8699,12
61.8702,11
61.876,0
61.8814,10
61.8815,0
61.887,4
61.8874,0
61.8877,12
61.8879,2
61.8933,1
61.8988,0
61.9042,6
61.9097,5
61.9097,0
61.9099,11
61.91,6
61.9102,4
61.9159,0
61.9271,13
61.9272,0
61.9326,15
61.9327,14
61.9437,12
61.9494,11
61.9552,6
61.9606,5
61.9607,1
61.9661,0
61.9827,24
61.9881,8
61.9885,4
61.9888,0
61.9889,3
61.989,0
61.9944,4
61.9999,3
62.0054,0
62.0109,9
62.011,5
62.0112,3
62.0172,2
62.0174,0
62.0228,3
62.023,0
62.0289,2
62.0289,0
62.0343,2
62.0344,0
62.0398,10
62.0401,9
62.0458,8
62.046,5
62.0515,4
62.0569,0
62.0624,4
62.0624,2
62.0679,0
62.0787,10
62.0789,0
62.0843,10
62.0843,8
62.101,7
62.1065,5
62.1119,4
62.1174,1
62.1231,0
62.1286,4
62.1286,0
62.134,8
62.1341,2
62.1344,1
62.1399,0
62.1511,3
62.1568,1
62.1623,0
62.1624,5
62.1625,4
62.168,0
62.1734,4
62.1734,3
62.1789,1
62.1843,0
62.1899,6
62.19,4
62.1957,3
62.2012,1
62.2066,0
62.2177,6
62.2178,0
62.2232,11
62.2236,0
62.229,13
62.2291,12
62.2349,5
62.2403,1
62.2461,0
62.2569,3
62.2569,1
62.2571,0
62.268,8
62.268,6
62.2683,0
62.2739,2
62.2794,0
62.2849,1
62.285,0
62.2904,7
62.2905,0
62.2959,5
62.2962,4
62.2964,3
62.3019,0
62.3073,8
62.3074,0
62.3128,6
62.3129,1
62.3131,0
62.324,5
62.3243,0
62.3297,11
62.3298,7
62.3413,5
62.3526,1
62.358,0
62.3634,15
62.3635,13
62.369,10
62.3745,5
62.3745,0
62.3799,14
62.3854,12
62.3909,5
62.391,0
62.3964,5
62.3964,0
62.4076,5
62.4076,4
62.4131,0
62.4186,6
62.424,5
62.424,0
62.4242,13
62.4243,7
62.43,0
62.4467,8
62.4521,7
62.4585,0
62.4586,4
62.4587,0
62.4641,13
62.4642,8
62.4974,7
62.5086,6
62.5252,5
62.531,0
62.5364,12
62.5365,10
62.5419,9
62.5477,0
62.5531,1
62.5532,0
62.5586,10
62.5587,2
62.559,1
62.5647,0
62.5756,4
62.5756,3
62.5758,1
62.5813,0
62.5976,8
62.5977,0
62.6031,4
62.6035,2
62.6089,0
62.6143,10
62.6198,8
62.6253,5
62.6313,3
62.6368,2
62.6425,1
62.648,0
62.6534,12
62.6537,10
62.6594,9
62.6649,6
62.6649,5
62.6651,0
62.6653,11
62.6653,10
62.6708,5
62.6708,0
62.6762,15
62.6763,8
62.6818,5
62.6819,0
62.6873,8
62.6873,6
62.6875,3
62.693,0
62.6984,1
62.6985,0
62.7039,13
62.7039,12
62.7097,10
62.7151,9
62.7206,8
62.726,7
62.7315,5
62.7315,2
62.7372,0
62.7427,6
62.7427,3
62.7485,0
62.7539,5
62.754,0
62.7594,4
62.7595,0
62.7649,6
62.7649,3
62.7759,0
62.7813,8
62.7819,5
62.7877,0
62.7931,5
62.7932,0
62.7986,12
62.8041,9
62.8153,6
62.8207,5
62.8208,4
62.8262,2
62.8317,0
62.8371,5
62.8374,3
62.8487,2
62.8544,1
62.8601,0
62.8655,3
62.8659,1
62.8713,0
62.8767,9
62.8769,0
62.8823,13
62.8823,8
62.8878,6
62.8933,5
62.8933,0
62.8987,12
62.8988,10
62.9043,5
62.9043,0
62.9211,11
62.9213,9
62.9215,7
62.9269,5
62.927,0
62.9271,15
62.9272,11
62.9274,9
62.939,0
62.9444,1
62.9499,0
62.9553,14
62.9611,10
62.9613,4
62.9671,2
62.9726,0
62.9835,8
62.9889,6
62.9943,5
62.9944,3
62.9946,0
63.0001,8
63.0168,5
63.0168,4
63.0173,0
63.0227,8
63.0227,7
63.0285,4
63.0452,0
63.0506,12
63.0507,3
63.0621,0
63.0675,15
63.0678,14
63.0733,9
63.0788,8
63.0791,3
63.0846,0
63.09,8
63.0901,4
63.101,2
63.1012,0
63.1121,9
63.1122,0
63.1176,14
63.118,7
63.1234,6
63.1289,5
63.1289,3
63.1346,0
63.1455,2
63.1458,1
63.157,0
63.1625,1
63.1625,0
63.1679,14
63.1685,10
63.174,8
63.174,6
63.1742,3
63.1797,0
63.1906,12
63.1907,11
63.1961,9
63.2016,5
63.2016,1
63.2071,0
63.2125,14
63.2127,0
63.2181,11
63.235,10
63.2405,5
63.2405,0
63.246,4
63.2463,3
63.2518,0
63.2626,4
63.2627,0
63.2681,1
63.2681,0
63.2736,13
63.2742,12
63.2744,8
63.2798,5
63.2799,3
63.2908,0
63.2962,4
63.2963,3
63.3018,0
63.3072,6
63.3073,0
63.3076,10
63.3078,0
63.3132,9
63.3246,8
63.3301,5
63.3301,1
63.3465,0
63.3519,4
63.3522,0
63.3577,8
63.3577,5
63.3632,0
63.3686,4
63.3687,0
63.3741,2
63.3744,0
63.3858,10
63.3861,9
63.3916,5
63.3916,0
63.397,11
63.4048,5
63.4048,2
63.4103,0
63.4157,1
63.4157,0
63.4211,6
63.4212,0
63.4266,5
63.427,0
63.4324,12
63.4326,0
63.438,5
63.4381,0
63.4435,13
63.4436,0
63.449,5
63.4491,1
63.4493,0
63.4604,3
63.4611,0
63.4665,14
63.4665,12
63.4667,8
63.4722,6
63.4776,5
63.4777,3
63.4834,0
63.4888,15
63.4889,14
63.4944,8
63.4998,7
63.5,3
63.5055,0
63.5164,14
63.5164,12
63.5219,5
63.5219,3
63.5556,2
63.5613,0
63.5722,14
63.5723,4
63.5781,2
63.5835,0
63.589,6
63.5893,1
63.5948,0
63.5949,14
63.595,7
63.6005,5
63.6005,0
63.6114,8
63.6115,0
63.6169,5
63.6169,4
63.6224,0
63.6278,8
63.6279,0
63.6334,8
63.6334,4
63.6391,1
63.6393,0
63.6448,15
63.645,0
63.6504,6
63.6505,0
63.6559,3
63.6563,0
63.6617,3
63.6618,0
63.6672,5
63.6678,1
63.7121,0
63.7176,10
63.7178,9
63.718,6
63.7182,5
63.7236,0
63.7238,7
63.7238,6
63.7299,5
63.7353,3
63.7408,0
63.7462,14
63.7464,0
63.7518,3
63.7518,0
63.7573,4
63.7576,3
63.7631,0
63.7633,1
63.7633,0
63.7687,11
63.7689,0
63.7743,1
63.7749,0
63.7805,5
63.7807,3
63.7809,2
63.7811,1
63.7869,0
63.787,3
63.7871,0
63.7925,11
63.7928,9
63.7928,8
63.7931,2
63.8041,1
63.8095,0
63.8096,3
63.8097,1
63.8206,0
63.8261,12
63.8262,10
63.8265,0
63.8319,14
63.8323,12
63.8378,10
63.838,9
63.838,8
63.8435,7
63.8436,6
63.8491,5
63.8491,0
63.8493,21
63.8547,5
63.8549,0
63.855,5
63.8551,4
63.8553,0
63.8607,13
63.8612,0
63.8666,8
63.8666,5
63.8724,4
63.8778,0
63.8833,15
63.8835,14
63.8893,13
63.8947,12
63.9002,11
63.911,10
63.9165,8
63.9498,5
63.9498,0
63.9552,11
63.9553,10
63.9607,5
63.9665,4
63.9667,2
63.9669,0
63.9723,6
63.9724,0
63.9778,14
63.9779,10
64.0112,8
64.0171,7
64.0225,5
64.0226,0
64.028,3
64.0335,0
64.0338,5
64.0338,3
64.0396,0
64.045,13
64.0451,9
64.0453,8
64.0455,3
64.068,0
64.0734,14
64.0734,12
64.0791,11
64.0846,9
64.0848,2
64.0908,0
64.0962,4
64.0962,3
64.1017,0
64.1071,13
64.1126,10
64.1128,9
64.1128,6
64.1183,5
64.1183,4
64.124,1
64.1295,0
64.1349,13
64.1408,12
64.1462,11
64.1517,7
64.1571,5
64.1572,4
64.1574,0
64.1628,3
64.1628,0
64.1683,9
64.1686,7
64.1741,5
64.1801,0
64.1855,10
64.1856,1
64.213,0
64.2185,1
64.2185,0
64.2239,3
64.224,0
64.2294,11
64.2295,9
64.2352,5
64.2354,2
64.2408,0
64.2462,5
64.2466,0
64.252,4
64.2521,0
64.2575,15
64.2577,0
64.2631,8
64.2632,3
64.2634,0
64.2856,10
64.2857,0
64.2911,15
64.2918,14
64.2975,13
64.3029,12
64.3031,10
64.3033,8
64.3088,5
64.3088,3
64.3143,0
64.3251,3
64.3252,0
64.3306,9
64.3307,0
64.3361,10
64.3362,8
64.3583,6
64.3585,0
64.364,8
64.3642,2
64.3754,0
64.3808,10
64.3809,0
64.3863,4
64.3864,0
64.3918,12
64.3919,8
64.3976,7
64.3979,0
64.4033,5
64.4034,0
64.4088,12
64.4091,7
64.4201,5
64.4201,0
64.4309,13
64.4311,0
64.4365,9
64.4366,0
64.442,4
64.4421,0
64.4475,13
64.4479,10
64.4536,7
64.459,5
64.4591,0
64.4702,1
64.4703,0
64.4757,11
64.4762,3
64.4764,0
64.4766,7
64.4766,6
64.4769,0
64.4823,4
64.4823,0
64.4878,5
64.4878,0
64.4932,3
64.4933,0
64.4987,9
64.4991,8
64.5045,5
64.51,3
64.5265,0
64.5319,8
64.532,1
64.5377,0
64.5431,6
64.5432,3
64.5489,2
64.5544,0
64.5598,7
64.5599,5
64.5654,0
64.5875,12
64.5876,0
64.593,6
64.5931,0
64.5985,12
64.5991,11
64.6048,10
64.6102,7
64.6105,0
64.6213,12
64.6214,11
64.6269,5
64.6269,3
64.6271,2
64.6325,0
64.6434,11
64.6434,10
64.6489,5
64.649,0
64.6544,13
64.6547,12
64.6602,11
64.6656,10
64.6713,7
64.6768,5
64.6768,3
64.677,2
64.6772,1
64.6829,0
64.694,11
64.6942,0
64.705,4
64.7054,2
64.7108,1
64.7163,0
64.7217,8
64.7217,6
64.7272,5
64.7327,0
64.7435,11
64.7436,4
64.7494,2
64.7496,0
64.7607,15
64.7609,0
64.7663,13
64.7663,11
64.7773,5
64.7774,0
64.7828,2
64.7834,1
64.7888,0
64.7943,12
64.7945,10
64.7947,7
64.7949,6
64.8004,5
64.8004,4
64.8224,1
64.8279,0
64.828,12
64.828,11
64.839,10
64.8391,9
64.8392,4
64.8446,2
64.8501,1
64.8503,0
64.8617,6
64.8618,0
64.8727,10
64.8781,7
64.8839,6
64.8893,5
64.8951,1
64.9005,0
64.9061,10
64.9122,6
64.9125,5
64.918,0
64.9234,5
64.9235,0
64.9289,15
64.9289,12
64.9399,5
64.9399,4
64.9453,2
64.9508,1
64.9562,0
64.9616,13
64.962,10
64.9622,5
64.9677,3
64.9731,2
64.9789,0
64.9843,11
64.9843,8
64.9901,6
64.9958,3
65.0013,2
65.0013,0
65.0067,15
65.0068,7
65.007,5
65.0127,3
65.0182,2
65.0185,1
65.0239,0
65.0348,7
65.0349,0
65.0403,5
65.0458,0
65.0512,6
65.0513,4
65.0626,1
65.068,0
65.0734,12
65.0735,5
65.0792,4
65.0847,2
65.0849,0
65.0903,13
65.0961,11
65.1016,10
65.107,9
65.1125,5
65.1182,3
65.1237,2
65.1293,0
65.1295,3
65.1295,1
65.135,0
65.1404,3
65.1404,2
65.1459,0
65.1568,15
65.1569,8
65.1623,6
65.1902,5
65.1902,4
65.1959,3
65.2017,0
65.2071,1
65.2071,0
65.2125,4
65.2126,3
65.2238,1
65.2293,0
65.2401,1
65.2402,0
65.2456,6
65.2457,5
65.2511,3
65.2566,2
65.262,0
65.2674,7
65.2678,3
65.268,2
65.2734,1
65.2789,0
65.2898,5
65.2955,4
65.3065,2
65.312,0
65.3174,11
65.3175,0
65.3229,5
65.323,1
65.3455,0
65.3509,13
65.3511,0
65.3565,6
65.3565,5
65.3568,1
65.3622,0
65.3733,14
65.3736,10
65.3791,8
65.3846,5
65.3901,0
65.3955,10
65.3958,9
65.4016,8
65.4018,3
65.4073,0
65.4127,4
65.4127,0
65.4182,1
65.4184,0
65.4296,5
65.4296,3
65.4351,2
65.4405,1
65.4407,0
65.4461,14
65.4462,13
65.4516,12
65.4571,5
65.4572,0
65.4626,9
65.4627,0
65.4681,10
65.4739,3
65.4793,0
65.4849,13
65.4907,11
65.491,10
65.4912,9
65.4966,5
65.4967,1
65.5024,0
65.5079,6
65.508,4
65.5138,0
65.5192,12
65.5252,10
65.5254,6
65.5256,5
65.5311,3
65.5366,0
65.542,11
65.542,8
65.5475,5
65.553,3
65.5584,2
65.5639,0
65.5693,9
65.5694,2
65.603,0
65.6084,14
65.6085,8
65.6088,7
65.6145,5
65.62,2
65.626,0
65.6368,8
65.6369,0
65.6423,12
65.6425,0
65.6697,4
65.6698,3
65.67,0
65.6754,12
65.6755,0
65.6809,12
65.6813,10
65.6867,9
65.6922,5
65.6977,3
65.7037,0
65.7091,13
65.7201,12
65.7256,5
65.7314,2
65.7368,0
65.7427,6
65.7428,5
65.743,0
65.7484,4
65.7485,0
65.7539,4
65.7541,2
65.7543,0
65.7544,10
65.7545,9
65.7599,5
65.76,2
65.7765,0
65.7819,4
65.7822,1
65.7877,0
65.7931,4
65.7932,1
65.8157,0
65.8211,11
65.8212,9
65.8321,5
65.8322,1
65.8324,0
65.8378,9
65.8378,5
65.855,3
65.8604,2
65.8658,1
65.866,0
65.8714,2
65.8715,0
65.8769,15
65.877,14
65.8827,12
65.8881,11
65.8883,8
65.8938,7
65.8996,1
65.8998,0
65.9106,1
65.9109,0
65.9164,2
65.9166,0
65.9168,11
65.9169,1
65.9171,0
65.928,4
65.928,2
65.9337,0
65.9446,6
65.945,4
65.9504,2
65.9559,0
65.9613,12
65.9614,6
65.9616,4
65.9671,1
65.9725,0
65.9833,13
65.9837,7
65.9839,1
65.9841,0
65.9895,15
65.9897,0
65.9951,5
65.9952,3
66.0006,0
66.006,15
66.012,13
66.0177,9
66.0232,7
66.0511,5
66.0621,3
66.0675,2
66.073,0
66.0893,5
66.0896,0
66.095,11
66.0951,5
66.1012,2
66.1234,0
66.1288,13
66.1289,2
66.1456,0
66.1511,10
66.1511,9
66.1513,8
66.1568,5
66.1622,0
66.1731,9
66.1732,0
66.1786,7
66.1787,0
66.1842,11
66.1843,0
66.1897,7
66.19,6
66.201,5
66.2068,0
66.2122,2
66.2122,0
66.2234,11
66.2234,6
66.2347,5
66.2404,3
66.2459,0
66.2513,12
66.2514,0
66.2569,1
66.2569,0
66.2623,3
66.2626,2
66.2628,0
66.2682,9
66.2683,3
66.2792,2
66.2847,0
66.2901,12
66.2903,0
66.2957,11
66.296,8
66.3015,7
66.3072,3
66.3127,0
66.3238,14
66.3239,13
66.3296,10
66.3351,6
66.3406,5
66.3406,4
66.3429,0
66.3538,15
66.3541,12
66.3596,6
66.3705,5
66.3759,2
66.3814,1
66.3816,0
66.3926,6
66.393,3
66.3932,0
66.3986,9
66.3987,8
66.4041,7
66.4043,0
66.4098,4
66.4101,2
66.4156,0
66.4211,5
66.4215,0
66.4269,4
66.427,0
66.4324,6
66.4325,0
66.4379,14
66.4382,13
66.4385,5
66.4442,3
66.4497,1
66.4554,0
66.4662,4
66.4663,3
66.4665,2
66.4719,0
66.4831,7
66.4831,2
66.4886,0
66.494,14
66.4944,8
66.4998,7
66.5054,0
66.5108,13
66.5109,4
66.5164,0
66.5219,7
66.5273,5
66.5274,0
66.5277,15
66.5333,11
66.5388,5
66.5389,2
66.5443,1
66.5503,0
66.5557,2
66.5558,1
66.5612,0
66.5666,2
66.5667,0
66.5721,15
66.5722,11
66.5776,9
66.5831,5
66.5831,3
66.5886,0
66.594,13
66.5941,11
66.5943,6
66.5997,5
66.5998,4
66.6055,0
66.6164,6
66.6167,5
66.6222,0
66.6277,9
66.6331,4
66.6334,2
66.6336,0
66.6337,11
66.6338,10
66.6392,6
66.6447,5
66.6447,0
66.6503,1
66.6504,0
66.6612,11
66.6616,6
66.6726,5
66.6726,0
66.678,4
66.6781,3
66.6835,1
66.6945,0
66.7057,1
66.7057,0
66.7111,10
66.7112,9
66.7166,5
66.7167,1
66.7282,0
66.7393,12
66.7395,0
66.7449,13
66.745,4
66.756,0
66.7614,8
66.762,7
66.7674,5
66.7784,0
66.7838,13
66.7894,5
66.7894,0
66.7948,10
66.795,0
66.8004,2
66.8004,0
66.8058,7
66.8062,4
66.8117,0
66.8171,15
66.8173,0
66.8227,3
66.8227,2
66.8229,0
66.8283,10
66.8285,0
66.8339,15
66.8342,14
66.8397,6
66.8454,4
66.8509,1
66.8564,0
66.8618,7
66.8619,0
66.8673,4
66.8674,0
66.8728,4
66.8737,0
66.8901,4
66.8902,1
66.8956,0
66.9012,7
66.9013,0
66.9067,6
66.9071,0
66.918,2
66.918,0
66.9234,1
66.9292,0
66.9403,4
66.9407,3
66.9409,0
66.9463,2
66.9463,0
66.9517,8
66.9518,7
66.9578,5
66.9633,0
66.9687,2
66.9688,0
66.9742,9
66.9744,8
66.9799,5
66.9853,4
66.9855,0
66.9964,2
66.9964,0
67.0019,13
67.0019,8
67.0077,6
67.0131,5
67.0132,1
67.0186,0
67.024,1
67.0241,0
67.0408,2
67.0414,1
67.0468,0
67.0577,6
67.0578,0
67.0633,2
67.0635,0
67.0637,15
67.064,13
67.0642,12
67.0644,7
67.0698,5
67.0699,3
67.0755,1
67.0757,0
67.0812,13
67.0813,12
67.0868,10
67.0924,0
67.0926,14
67.0927,7
67.0981,5
67.0982,1
67.1036,0
67.109,13
67.1094,7
67.1096,6
67.115,5
67.1205,1
67.1428,0
67.1482,11
67.1487,4
67.1542,2
67.1711,1
67.1765,0
67.1819,10
67.182,9
67.1874,8
67.1929,7
67.1984,5
67.2038,4
67.2093,0
67.2205,8
67.2259,5
67.2259,0
67.2261,12
67.2262,8
67.2318,5
67.2318,3
67.2373,2
67.2433,0
67.2487,5
67.2491,3
67.2493,2
67.2547,0
67.2656,2
67.2661,1
67.2716,0
67.294,8
67.2941,5
67.2996,0
67.305,3
67.3051,0
67.3105,4
67.3105,0
67.3159,15
67.3214,14
67.3269,11
67.3324,8
67.3381,7
67.3438,5
67.3496,4
67.355,1
67.3605,0
67.3659,1
67.366,0
67.3714,5
67.3714,0
67.3769,5
67.3769,0
67.3883,8
67.3884,6
67.4105,5
67.4219,1
67.4273,0
67.4327,8
67.4328,0
67.4382,1
67.4383,0
67.4437,8
67.4441,0
67.4495,3
67.4496,0
67.455,8
67.4556,7
67.4611,5
67.4611,2
67.4665,0
67.4777,6
67.4778,2
67.5,0
67.5054,4
67.5055,0
67.5163,12
67.5164,5
67.5332,0
67.5386,1
67.5387,0
67.5441,10
67.5442,2
67.55,0
67.5609,7
67.5611,2
67.5613,1
67.5726,0
67.5727,9
67.5728,3
67.5783,2
67.5837,0
67.5892,13
67.5895,10
67.5896,9
67.5951,6
67.5952,0
67.6006,11
67.6007,6
67.6061,5
67.6061,3
67.6116,1
67.6118,0
67.6174,15
67.6175,0
67.623,7
67.6231,0
67.6285,14
67.6289,3
67.6398,2
67.6456,0
67.6568,11
67.6568,9
67.6678,7
67.6736,5
67.679,3
67.6845,1
67.685,0
67.6904,15
67.6959,13
67.7013,8
67.7122,6
67.7177,5
67.7177,0
67.7286,4
67.7289,1
67.7344,0
67.7399,1
67.74,0
67.7454,15
67.7455,6
67.7512,5
67.7567,0
67.7621,1
67.7622,0
67.7735,6
67.7736,3
67.779,0
67.7959,7
67.7959,5
67.8014,3
67.807,0
67.8179,6
67.8179,2
67.8181,0
67.8235,6
67.8236,0
67.829,4
67.8291,0
67.8345,1
67.8346,0
67.84,1
67.8457,0
67.8511,10
67.8512,6
67.857,3
67.8682,1
67.8684,0
67.874,13
67.874,10
67.88,9
67.8855,5
67.8855,4
67.891,3
67.8965,0
67.9019,7
67.902,0
67.9074,13
67.9074,12
67.9184,6
67.9239,5
67.9296,1
67.9351,0
67.9405,1
67.9406,0
67.946,11
67.9462,10
67.9517,7
67.9575,0
67.9629,5
67.9635,3
67.969,0
67.9799,2
67.9801,0
67.9804,3
67.9805,1
67.9859,0
67.9914,15
67.9916,14
67.9971,10
68.0026,7
68.008,5
68.0081,3
68.0135,0
68.0189,10
68.0191,1
68.0303,0
68.0357,6
68.0411,5
68.0413,4
68.0471,2
68.0525,0
68.0579,1
68.0583,0
68.0637,14
68.0695,11
68.0696,9
68.0751,5
68.0751,4
68.0806,1
68.0866,0
68.0975,8
68.0976,6
68.1032,5
68.1087,0
68.1088,1
68.1089,0
68.1143,11
68.1144,0
68.1198,12
68.12,0
68.1254,5
68.1255,0
68.1309,15
68.1311,0
68.1365,11
68.1366,0
68.1478,14
68.1481,10
68.1483,7
68.1537,5
68.154,0
68.1541,12
68.1542,9
68.1596,5
68.1597,3
68.1765,2
68.1767,1
68.1822,0
68.193,14
68.1936,12
68.1991,11
68.2045,10
68.21,9
68.2154,7
68.2209,5
68.2209,0
68.2263,8
68.2264,0
68.2319,3
68.2319,0
68.2373,13
68.2375,2
68.2378,0
68.2487,7
68.2541,5
68.2541,1
68.2596,0
68.2597,2
68.2713,0
68.2767,8
68.2768,0
68.2823,3
68.2823,0
68.2877,5
68.2881,4
68.2935,3
68.299,0
68.3044,1
68.3044,0
68.3099,15
68.3101,14
68.3103,12
68.3158,6
68.3213,5
68.3213,4
68.3268,1
68.3322,0
68.3431,13
68.3435,0
68.3489,11
68.3489,10
68.3544,5
68.3601,3
68.3659,0
68.3767,6
68.3768,0
68.3822,12
68.3823,6
68.3881,4
68.3938,3
68.3939,2
68.3941,0
68.3996,10
68.4106,5
68.4106,0
68.4109,4
68.411,0
68.4219,8
68.422,0
68.4274,10
68.4329,5
68.4329,4
68.4331,2
68.4385,0
68.444,7
68.4442,5
68.4497,3
68.4499,2
68.4553,1
68.4608,0
68.4609,5
68.461,0
68.4664,6
68.4665,0
68.4719,14
68.4725,13
68.478,7
68.4838,5
68.4893,0
68.4947,8
68.4953,5
68.5008,0
68.5062,15
68.5064,12
68.5067,5
68.5069,3
68.5124,0
68.5125,9
68.5126,4
68.518,2
68.5235,0
68.5289,10
68.529,0
68.5344,8
68.5346,0
68.54,4
68.54,2
68.5458,0
68.5512,7
68.5512,6
68.5567,5
68.5567,2
68.5622,0
68.5676,7
68.5788,5
68.579,2
68.5845,0
68.5846,11
68.5847,7
68.5901,6
68.6069,0
68.6123,3
68.6124,0
68.6178,7
68.6179,0
68.6233,10
68.6234,7
68.6291,6
68.6293,3
68.6403,0
68.6457,11
68.6458,0
68.6512,7
68.6567,6
68.6569,3
68.6626,1
68.6681,0
68.6793,1
68.685,0
68.6851,7
68.6852,2
68.6854,0
68.6908,4
68.6909,0
68.7017,1
68.7021,0
68.7129,9
68.7131,0
68.7185,6
68.7186,0
68.724,2
68.724,0
68.7406,1
68.7406,0
68.7461,15
68.7518,12
68.7573,8
68.7628,5
68.7628,0
68.7629,8
68.7631,0
68.7685,13
68.7686,0
68.774,6
68.7741,0
68.7795,14
68.7799,12
68.7802,10
68.7966,6
68.8024,3
68.8026,1
68.808,0
68.8134,3
68.8135,2
68.819,0
68.8298,14
68.8299,12
68.8353,10
68.8408,6
68.8463,5
68.852,3
68.8575,0
68.8629,6
68.863,0
68.8684,5
68.8685,0
68.8739,3
68.874,1
68.8797,0
68.8852,8
68.8857,7
68.8965,5
68.9023,0
68.9079,11
68.9133,5
68.9133,1
68.9241,0
68.935,15
68.9352,0
68.9406,1
68.9406,0
68.9515,8
68.9518,7
68.9573,5
68.9627,0
68.9681,10
68.9739,8
68.9906,7
68.9908,5
68.9963,0
69.0071,1
69.0072,0
69.0126,10
69.013,3
69.0184,1
69.0239,0
69.0293,10
69.0294,8
69.0296,6
69.0351,4
69.0405,3
69.0407,2
69.0464,1
69.0519,0
69.0573,9
69.0576,8
69.0631,5
69.0631,4
69.0686,0
69.0742,12
69.0743,1
69.0798,0
69.0852,14
69.0856,8
69.0858,6
69.0915,4
69.0917,0
69.0971,15
69.0973,0
69.1082,7
69.1088,5
69.1145,4
69.12,2
69.1254,1
69.1473,0
69.1527,4
69.1528,0
69.1582,6
69.1586,5
69.1641,0
69.1695,6
69.1695,3
69.1919,0
69.203,2
69.2031,1
69.2085,0
69.2139,1
69.214,0
69.2194,14
69.2197,8
69.2252,7
69.2254,0
69.2308,5
69.2309,0
69.2364,2
69.2365,0
69.2368,1
69.2368,0
69.2424,15
69.243,14
69.2486,5
69.2486,0
69.254,7
69.2541,0
69.2596,4
69.2599,1
69.2654,0
69.2708,10
69.2708,9
69.2763,7
69.2817,5
69.2818,1
69.2875,0
69.2929,4
69.293,3
69.3039,0
69.3093,7
69.3094,0
69.3148,4
69.3152,0
69.3265,5
69.3266,3
69.3321,0
69.3375,11
69.3378,8
69.3432,5
69.3433,1
69.3435,0
69.3436,11
69.3437,10
69.3491,5
69.3492,0
69.3546,3
69.3547,0
69.3601,9
69.3601,8
69.3659,4
69.3713,3
69.3715,2
69.3773,1
69.3827,0
69.3881,12
69.3883,0
69.3937,14
69.3941,0
69.3995,6
69.3996,1
69.4054,0
69.4108,7
69.4224,0
69.4333,4
69.4333,3
69.4388,0
69.4443,13
69.4497,12
69.4552,7
69.4606,5
69.4664,0
69.472,31
69.4773,30
69.4775,23
69.4777,15
69.4888,7
69.4945,6
69.5059,3
69.5116,0
69.5117,5
69.5118,4
69.5172,0
69.5226,3
69.5232,2
69.5287,1
69.5288,0
69.5342,4
69.5343,0
69.5397,7
69.5398,0
69.5452,15
69.5454,0
69.5508,12
69.5509,11
69.5511,6
69.5566,5
69.5566,0
69.562,3
69.5621,0
69.5675,8
69.5676,0
69.573,14
69.5734,11
69.5845,10
69.59,5
69.59,4
69.5902,0
69.5956,14
69.6014,12
69.6016,11
69.6181,8
69.6236,5
69.6241,3
69.6295,0
69.6404,5
69.6405,3
69.6459,2
69.6461,0
69.6516,11
69.6517,0
69.6519,5
69.6573,0
69.6627,7
69.6686,0
69.674,1
69.674,0
69.6795,12
69.6796,0
69.685,9
69.6851,7
69.6905,5
69.6906,0
69.6967,3
69.6967,2
69.6969,1
69.7024,0
69.7078,1
69.7078,0
69.7132,11
69.7134,0
69.7188,13
69.7189,4
69.7191,2
69.7193,0
69.7359,11
69.7359,6
69.7414,5
69.7525,0
69.7633,10
69.7634,0
69.7688,13
69.7689,6
69.7691,0
69.7747,7
69.7751,2
69.786,1
69.7915,0
69.7969,9
69.797,0
69.8024,1
69.8027,0
69.8139,2
69.8139,0
69.8194,6
69.8194,3
69.8196,1
69.8305,0
69.836,2
69.836,0
69.8414,4
69.842,3
69.8422,2
69.8477,0
69.8531,4
69.8534,0
69.8535,13
69.8536,9
69.8591,8
69.8593,0
69.8647,3
69.8648,2
69.8819,1
69.8821,0
69.8875,11
69.8876,5
69.8931,4
69.8988,0
69.9044,3
69.9271,2
69.9325,1
69.938,0
69.9434,7
69.9435,0
69.9489,7
69.9492,2
69.9547,0
69.9601,6
69.9602,5
69.9604,4
69.9606,0
69.9607,4
69.9608,0
69.9684,9
69.9685,6
69.9739,5
70.0018,0
70.0072,6
70.0076,4
70.0131,0
70.0188,3
70.0188,0
70.0242,11
70.0243,10
70.0298,7
70.03,3
70.036,2
70.0362,0
70.0418,2
70.0418,0
70.0472,3
70.0473,0
70.0528,6
70.0529,0
70.053,10
70.0531,0
70.0586,9
70.0587,0
70.0641,8
70.0642,2
70.0696,0
70.0805,9
70.0809,5
70.0918,3
70.092,0
70.1032,12
70.1089,10
70.1144,5
70.1144,0
70.1146,6
70.1146,4
70.1204,3
70.1259,0
70.1313,10
70.1316,6
70.1321,5
70.1375,4
70.143,0
70.1539,10
70.1539,6
70.1594,5
70.1594,3
70.1649,1
70.1703,0
70.1812,4
70.1815,0
70.1924,12
70.1925,7
70.1979,5
70.1981,4
70.2036,1
70.2093,0
70.2148,13
70.2202,12
70.2205,7
70.2262,5
70.2317,1
70.243,0
70.2433,11
70.2433,9
70.2488,8
70.2597,5
70.2597,0
70.2651,4
70.2652,0
70.2706,15
70.2707,14
70.2761,9
70.2763,8
70.2818,5
70.282,4
70.2822,3
70.2879,2
70.2934,0
70.3042,8
70.3043,0
70.3097,4
70.31,1
70.3102,0
70.3156,8
70.316,5
70.3325,0
70.3379,7
70.3382,6
70.3385,0
70.366,5
70.3661,0
70.3715,4
70.3716,1
70.377,0
70.3824,15
70.3825,9
70.3937,8
70.3939,7
70.3993,6
70.4048,5
70.4048,0
70.4103,5
70.4103,3
70.4161,0
70.4162,1
70.4163,0
70.4217,14
70.4222,13
70.4276,12
70.4331,7
70.4389,3
70.4446,1
70.4555,0
70.4609,9
70.461,6
70.4664,5
70.4719,0
70.4773,8
70.4775,0
70.4829,10
70.4831,8
70.4833,0
70.4887,5
70.4891,4
70.4892,2
70.4947,1
70.5002,0
70.5056,14
70.5057,7
70.5335,0
70.5389,15
70.539,14
70.5448,9
70.5502,5
70.5503,2
70.5889,0
70.5943,8
70.6001,0
70.6003,10
70.6003,8
70.6005,3
70.606,2
70.617,0
70.6225,7
70.6228,6
70.6282,0
70.6336,2
70.6337,0
70.6391,12
70.6397,11
70.6454,9
70.6457,1
70.6458,0
70.6567,9
70.6568,0
70.6622,9
70.6624,0
70.6678,3
70.6678,1
70.6733,0
70.6789,10
70.6963,9
70.7017,8
70.7127,6
70.713,0
70.7295,14
70.7302,12
70.7411,10
70.7469,6
70.7523,5
70.7525,3
70.758,2
70.7637,1
70.7639,0
70.7693,9
70.7694,6
70.7859,5
70.7859,0
70.8026,12
70.8026,9
70.8138,4
70.8141,0
70.8307,14
70.8697,7
70.8806,5
70.8861,4
70.9029,1
70.9031,0
70.9085,8
70.9087,5
70.9142,1
70.9199,0
70.9201,23
70.9256,20
70.9258,19
70.9258,13
70.926,10
70.9315,5
70.9315,4
70.9373,0
70.9374,6
70.9375,5
70.9377,0
70.9486,11
70.9491,10
70.9549,9
70.9603,8
70.9658,7
70.9712,5
70.9713,3
70.9823,0
70.9877,10
70.9878,7
70.9932,5
70.9932,4
70.9934,2
70.9989,0
71.0044,4
71.0046,2
71.0048,0
71.0049,12
71.005,9
71.0105,5
71.0105,0
71.0214,11
71.0214,10
71.0382,8
71.0442,6
71.0496,5
71.0497,0
71.0551,1
71.0554,0
71.0608,4
71.0609,0
71.0663,10
71.0663,9
71.0718,5
71.0993,2
71.1051,0
71.1105,15
71.1105,14
71.1108,9
71.111,6
71.1167,5
71.1224,2
71.1334,0
71.1391,11
71.1392,6
71.1394,4
71.1451,0
71.1507,6
71.1508,4
71.1565,1
71.162,0
71.1674,5
71.1675,1
71.1729,0
71.1783,11
71.1784,10
71.1894,6
71.1949,5
71.1949,4
71.2004,2
71.2116,0
71.2171,8
71.2228,3
71.2283,0
71.2339,13
71.2342,9
71.24,5
71.2455,3
71.2456,2
71.2458,0
71.2512,9
71.2513,4
71.2623,2
71.2625,0
71.2679,2
71.2682,0
71.2791,1
71.2791,0
71.29,4
71.29,3
71.2955,2
71.3009,1
71.3064,0
71.3118,11
71.3121,6
71.3179,1
71.3236,0
71.3291,10
71.3349,9
71.3403,8
71.3461,7
71.3515,5
71.357,0
71.3572,1
71.3574,0
71.374,7
71.3741,0
71.3795,6
71.3796,0
71.385,6
71.3851,4
71.407,3
71.4072,0
71.4127,14
71.4131,12
71.4186,5
71.4186,2
71.4241,0
71.4242,10
71.4243,9
71.43,8
71.4355,5
71.4355,0
71.4466,2
71.447,0
71.4524,9
71.4526,8
71.458,5
71.4581,0
71.4636,4
71.4638,3
71.4695,1
71.4697,0
71.4698,14
71.4752,10
71.4754,9
71.4754,3
71.4809,2
71.4863,0
71.4918,1
71.4972,0
71.4974,10
71.4975,6
71.5031,5
71.5032,1
71.5086,0
71.514,15
71.5142,0
71.5196,4
71.5197,0
71.5251,7
71.5255,5
71.5312,0
71.5366,4
71.5367,1
71.5424,0
71.5478,1
71.5482,0
71.5536,1
71.5536,0
71.559,7
71.5592,0
71.5646,12
71.5647,5
71.5811,0
71.5865,2
71.5868,1
71.5923,0
71.5977,14
71.5977,13
71.6032,11
71.6089,10
71.6147,8
71.6149,6
71.6258,5
71.6258,2
71.6313,0
71.6367,10
71.6368,0
71.6422,1
71.6426,0
71.648,9
71.6481,0
71.6535,11
71.6541,8
71.6596,7
71.665,6
71.6708,3
71.6763,0
71.6874,7
71.6875,5
71.6929,2
71.6984,0
71.7038,3
71.7038,2
71.7093,0
71.7202,15
71.7206,4
71.7315,1
71.7369,0
71.7425,2
71.7426,0
71.748,3
71.7483,0
71.7537,12
71.7538,10
71.7542,9
71.7544,7
71.7601,6
71.7656,5
71.7656,1
71.7711,0
71.7765,7
71.7771,4
71.7826,2
71.788,0
71.7934,15
71.7936,0
71.799,1
71.7991,0
71.81,7
71.8154,5
71.8212,1
71.8214,0
71.8324,1
71.8325,0
71.8379,12
71.838,8
71.8437,6
71.8439,2
71.8497,0
71.8608,10
71.8609,4
71.8666,0
71.872,7
71.8723,6
71.8777,5
71.8778,1
71.878,0
71.8834,5
71.8835,0
71.8889,14
71.889,0
71.8944,10
71.8946,2
71.9,0
71.9109,1
71.9109,0
71.9164,14
71.9221,13
71.9275,9
71.9278,4
71.9443,1
71.9445,0
71.9447,6
71.9448,1
71.9505,0
71.9559,1
71.956,0
71.9614,2
71.9614,0
71.9668,11
71.9669,8
71.9729,7
71.9786,6
71.984,5
71.9841,0
71.9949,15
71.9951,0
72.0005,10
72.0006,5
72.0008,4
72.0062,3
72.0117,0
72.0171,12
72.0173,0
72.0227,14
72.0228,3
72.0341,2
72.0451,0
72.0505,14
72.0506,13
72.0566,12
72.0623,10
72.0678,8
72.0733,5
72.0733,3
72.0844,1
72.0899,0
72.0953,7
72.0956,6
72.1011,5
72.1011,1
72.1401,0
72.1512,1
72.1512,0
72.1566,4
72.157,0
72.1624,4
72.1738,3
72.174,0
72.1794,10
72.1795,0
72.185,10
72.1853,9
72.1908,5
72.1962,4
72.2017,3
72.2074,0
72.2237,6
72.2238,2
72.235,0
72.2404,7
72.2461,5
72.2461,1
72.2575,0
72.2629,8
72.2742,7
72.2799,4
72.2801,3
72.2803,1
72.286,0
72.2914,8
72.2915,0
72.2969,10
72.2971,0
72.3025,13
72.3025,11
72.3027,7
72.3137,5
72.3138,0
72.3246,5
72.3247,0
72.3301,1
72.3302,0
72.3356,6
72.3361,4
72.3363,0
72.3365,30
72.3418,27
72.3472,24
72.3527,22
72.3695,13
72.375,8
72.3752,3
72.3809,2
72.3924,1
72.3978,0
72.398,8
72.398,7
72.4091,5
72.4091,4
72.4145,3
72.4147,2
72.4202,0
72.4257,10
72.4257,9
72.4312,7
72.4314,5
72.4371,0
72.4537,12
72.4537,11
72.4592,5
72.4592,0
72.4647,4
72.465,0
72.4704,14
72.4708,11
72.4762,8
72.4817,5
72.4817,3
72.493,1
72.4984,0
72.5039,14
72.504,9
72.5042,1
72.5045,0
72.5047,13
72.51,11
72.5209,10
72.5264,5
72.5264,4
72.5319,0
72.5373,9
72.5377,8
72.5431,5
72.5486,4
72.5596,0
72.565,5
72.5654,0
72.5708,3
72.5709,0
72.5763,9
72.5764,0
72.5818,3
72.5876,2
72.5933,0
72.5987,15
72.5988,10
72.6043,9
72.6099,6
72.6154,5
72.6156,2
72.6158,0
72.6212,1
72.6212,0
72.6266,8
72.6267,6
72.6321,5
72.6321,4
72.6376,3
72.6378,0
72.6489,15
72.6491,0
72.6545,15
72.6546,14
72.6601,9
72.6602,7
72.6715,3
72.6772,0
72.6826,9
72.6827,8
72.6884,5
72.7052,3
72.7107,2
72.7164,0
72.7273,6
72.7327,5
72.7329,0
72.7331,1
72.7554,0
72.7609,15
72.7612,14
72.7667,9
72.7669,7
72.7729,3
72.7841,1
72.7896,0
72.7897,6
72.7898,1
72.79,0
72.7954,1
72.7954,0
72.8008,2
72.8014,1
72.8068,0
72.8177,11
72.8178,0
72.8233,2
72.8233,0
72.8396,2
72.8397,0
72.8451,2
72.8452,0
72.8506,2
72.8509,0
72.8618,6
72.8618,0
72.8673,2
72.8673,0
72.8727,12
72.8731,10
72.884,9
72.8895,5
72.8895,4
72.8955,1
72.8957,0
72.9011,3
72.9011,2
72.9122,0
72.9176,4
72.9177,0
72.9231,11
72.9234,9
72.9288,7
72.9343,5
72.9343,0
72.9397,5
72.9398,0
72.9452,3
72.9456,2
72.951,1
72.9789,0
72.9843,8
72.9844,0
72.9898,12
72.99,0
72.9954,13
72.9955,7
72.9958,6
73.0015,5
73.007,3
73.0184,0
73.0293,7
73.0293,3
73.0348,0
73.0402,7
73.0403,5
73.0457,2
73.0515,0
73.0569,5
73.057,0
73.0624,9
73.0625,0
73.0679,15
73.068,12
73.0737,11
73.0795,10
73.085,0
73.0904,6
73.0905,0
73.1013,3
73.1014,0
73.1068,8
73.1069,0
73.1123,6
73.1127,3
73.1129,0
73.1183,9
73.1184,3
73.1241,1
73.1243,0
73.1298,3
73.143,0
73.1432,9
73.1433,5
73.1435,0
73.1489,3
73.149,0
73.1544,13
73.1547,12
73.1601,11
73.1659,10
73.1713,7
73.1768,6
73.1825,4
73.188,0
73.1934,4
73.1935,0
73.1989,8
73.199,0
73.2044,15
73.2046,0
73.21,3
73.2101,0
73.2155,14
73.2157,0
73.2211,3
73.2212,0
73.2266,2
73.2271,0
73.238,7
73.2435,5
73.2489,3
73.2547,1
73.2601,0
73.2603,13
73.2603,12
73.2658,11
73.2715,8
73.277,7
73.2772,3
73.2829,1
73.2884,0
73.2992,12
73.3109,10
73.3163,5
73.3164,0
73.3218,10
73.3219,0
73.3273,8
73.3275,0
73.3329,3
73.3383,2
73.3438,0
73.3492,14
73.3493,9
73.355,7
73.3605,6
73.3659,5
73.366,1
73.3714,0
73.3823,11
73.3883,5
73.4049,4
73.4107,0
73.4108,11
73.4109,10
73.4111,7
73.4166,4
73.4169,1
73.4223,0
73.4277,11
73.4279,0
73.4333,7
73.4334,5
73.4336,1
73.439,0
73.4499,14
73.4499,10
73.4501,9
73.4556,5
73.4556,3
73.4614,1
73.4668,0
73.4722,11
73.4723,10
73.4777,8
73.4779,7
73.4834,5
73.4834,2
73.4892,0
73.4946,2
73.4946,0
73.5001,10
73.5003,0
73.5005,12
73.5057,10
73.506,0
73.5061,5
73.5062,1
73.5119,0
73.5173,14
73.5175,0
73.5229,7
73.5233,5
73.5235,3
73.5289,0
73.5398,7
73.54,6
73.5403,0
73.5404,23
73.5457,18
73.546,9
73.5517,4
73.5519,3
73.5574,0
73.5575,14
73.5575,12
73.5579,8
73.5636,7
73.5691,5
73.5691,0
73.5745,11
73.5747,0
73.5801,9
73.5802,0
73.5856,1
73.5857,0
73.5911,2
73.5914,0
73.5968,11
73.597,0
73.6024,3
73.6078,2
73.6194,0
73.6248,8
73.6249,7
73.6413,5
73.6413,1
73.647,0
73.6524,2
73.6525,0
73.658,11
73.6637,10
73.6692,5
73.6694,0
73.675,5
73.6751,3
73.6753,0
73.6807,9
73.6808,5
73.6862,0
73.6919,9
73.6922,5
73.7032,3
73.7033,2
73.7088,0
73.709,1
73.709,0
73.7145,14
73.7148,4
73.7203,0
73.7206,4
73.7262,0
73.7318,3
73.7319,0
73.7429,12
73.743,11
73.7488,7
73.7489,6
73.7544,5
73.7599,1
73.7766,0
73.7821,2
73.7824,1
73.7936,0
73.7937,12
73.7938,10
73.7995,9
73.805,6
73.8104,5
73.8105,0
73.8159,4
73.8159,2
73.8323,0
73.8377,7
73.8383,4
73.8385,2
73.844,0
73.8494,12
73.8603,11
73.8605,10
73.866,7
73.8717,4
73.8772,0
73.8773,7
73.8774,3
73.8829,2
73.8938,0
73.8993,2
73.8996,0
73.9052,14
73.9052,11
73.9112,10
73.9167,5
73.9167,0
73.9222,8
73.9225,3
73.9279,0
73.9283,1
73.9283,0
73.9392,6
73.9393,0
73.9447,10
73.9448,4
73.9726,3
73.9781,1
73.9835,0
73.9944,3
73.9945,0
73.9999,8
74.0002,6
74.0059,5
74.0114,0
74.0168,14
74.0169,13
74.0337,8
74.0394,6
74.0448,5
74.0448,4
74.0451,0
74.0505,10
74.0506,0
74.056,3
74.0561,0
74.0615,15
74.0615,14
74.067,13
74.0672,12
74.0729,11
74.0731,10
74.0785,7
74.0895,5
74.0895,0
74.0949,5
74.095,0
74.1065,5
74.1119,0
74.1121,2
74.1121,0
74.1176,9
74.1179,8
74.1236,6
74.1294,0
74.1348,5
74.1349,1
74.1403,0
74.1458,12
74.1459,0
74.1513,11
74.1514,2
74.1516,0
74.1625,8
74.1626,5
74.1628,0
74.1682,9
74.1682,8
74.1737,5
74.1737,4
74.1792,0
74.1846,12
74.1848,0
74.1902,13
74.1905,11
74.1907,9
74.1909,2
74.1964,1
74.2021,0
74.2075,7
74.2076,0
74.2131,12
74.2131,11
74.2185,10
74.2246,7
74.2303,4
74.2306,0
74.2414,2
74.2415,0
74.2469,1
74.2469,0
74.2523,6
74.2524,0
74.2579,5
74.2579,4
74.2636,3
74.2638,2
74.2693,1
74.2747,0
74.2802,14
74.286,5
74.2914,3
74.2916,0
74.2918,3
74.2919,0
74.2973,1
74.2973,0
74.3027,7
74.3029,5
74.3087,2
74.3089,1
74.3422,0
74.3476,11
74.3479,9
74.3534,5
74.3535,0
74.3589,11
74.3644,5
74.3644,0
74.3646,5
74.3646,4
74.3701,1
74.3814,0
74.3978,3
74.3978,0
74.4032,15
74.4033,11
74.4041,10
74.4098,5
74.4159,0
74.4213,12
74.4214,5
74.4269,3
74.4324,0
74.4435,4
74.4436,0
74.449,7
74.4491,0
74.4545,14
74.4547,0
74.4601,5
74.4656,4
74.4766,0
74.482,13
74.4824,8
74.4826,2
74.488,1
74.4935,0
74.4989,1
74.5044,0
74.5156,1
74.5156,0
74.521,5
74.5211,4
74.5268,3
74.5325,2
74.5383,0
74.5491,7
74.5492,6
74.5494,0
74.5768,14
74.577,0
74.5824,6
74.5825,0
74.5879,12
74.5881,0
74.5935,9
74.5936,0
74.599,6
74.5991,0
74.6045,6
74.6049,1
74.6103,0
74.6157,15
74.6164,10
74.6166,9
74.6223,8
74.6277,5
74.6332,1
74.6334,0
74.639,6
74.6391,0
74.6445,2
74.645,1
74.6563,0
74.6617,14
74.6619,0
74.6729,3
74.673,0
74.6784,14
74.6785,0
74.6839,4
74.6894,0
74.6948,12
74.6951,10
74.7006,7
74.7061,6
74.7118,5
74.7175,4
74.7177,3
74.7235,1
74.7289,0
74.7343,8
74.7344,7
74.7401,5
74.7456,4
74.7513,0
74.7567,13
74.7569,0
74.7623,14
74.7624,11
74.7678,9
74.7733,0
74.7787,8
74.7789,4
74.7844,1
74.7846,0
74.79,7
74.7903,6
74.7958,5
74.8013,1
74.807,0
74.8124,9
74.8125,3
74.8182,2
74.824,1
74.8349,0
74.8403,2
74.8463,0
74.8519,15
74.852,8
74.8575,7
74.8577,0
74.8633,14
74.8634,9
74.8799,5
74.88,0
74.8908,12
74.8912,10
74.8913,8
74.8968,7
74.9023,5
74.9077,4
74.9132,1
74.9189,0
74.9243,8
74.9244,5
74.9299,0
74.9353,1
74.9356,0
74.941,7
74.9411,6
74.9471,4
74.9526,0
74.958,10
74.958,8
74.9635,7
74.969,6
74.9744,5
74.9799,4
74.9854,0
74.9908,11
74.9909,0
74.9963,13
74.9967,12
75.0022,6
75.0022,0
75.0076,1
75.0077,0
75.0131,1
75.0131,0
75.0186,15
75.0186,9
75.0189,8
75.0247,7
75.0304,6
75.0359,5
75.0359,2
75.0471,0
75.0525,7
75.0526,0
75.058,4
75.0583,3
75.0638,2
75.0692,0
75.0855,9
75.0857,0
75.0911,6
75.0968,4
75.1023,0
75.1077,15
75.1078,10
75.1133,5
75.1134,0
75.1188,9
75.1189,3
75.1247,0
75.1414,2
75.1468,1
75.1525,0
75.1527,3
75.1527,2
75.153,1
75.1532,0
75.164,4
75.1641,2
75.1696,1
75.175,0
75.1804,1
75.1805,0
75.1859,2
75.1914,0
75.2027,5
75.2028,0
75.2082,8
75.2083,0
75.2138,3
75.214,0
75.2141,10
75.2141,9
75.2143,7
75.2198,5
75.2198,3
75.2201,2
75.2256,0
75.231,11
75.2368,5
75.2422,4
75.2477,3
75.2479,0
75.2533,8
75.2539,4
75.2594,2
75.2757,1
75.2812,0
75.2866,2
75.2867,0
75.2921,15
75.2921,14
75.2976,10
75.3033,9
75.3088,8
75.3369,3
75.3371,1
75.3425,0
75.3535,7
75.3538,6
75.3592,5
75.3592,4
75.3647,3
75.3701,2
75.3703,0
75.3759,1
75.376,0
75.3868,1
75.3869,0
75.3977,8
75.3978,1
75.4036,0
75.4092,15
75.4092,13
75.4202,10
75.4257,8
75.4315,3
75.4369,0
75.4425,8
75.4426,5
75.448,2
75.454,0
75.4652,14
75.4654,13
75.471,5
75.471,1
75.482,0
75.4874,5
75.4875,0
75.4929,6
75.4929,4
75.4984,3
75.5038,2
75.504,1
75.5097,0
75.5152,2
75.5152,0
75.5206,6
75.5207,5
75.5261,2
75.5316,0
75.5485,5
75.5486,0
75.5652,9
75.5706,5
75.5707,0
75.5708,11
75.5711,10
75.5766,9
75.5768,5
75.5822,2
75.5877,0
75.5931,10
75.5932,3
75.5987,2
75.6041,0
75.6095,2
75.6099,0
75.6153,10
75.6208,5
75.6209,0
75.621,8
75.621,7
75.6268,6
75.627,5
75.6326,0
75.6438,7
75.6439,3
75.6493,1
75.655,0
75.6605,11
75.6612,0
75.6666,15
75.6666,11
75.6721,8
75.6776,5
75.6776,1
75.6831,0
75.694,1
75.6995,0
75.6998,11
75.7051,5
75.7051,4
75.7277,3
75.7279,0
75.7387,1
75.7391,0
75.7445,4
75.7503,0
75.7505,5
75.7505,2
75.756,0
75.7614,6
75.7615,0
75.7669,6
75.7675,3
75.8059,1
75.8113,0
75.8167,14
75.8173,13
75.8175,12
75.823,9
75.8288,3
75.8342,2
75.8397,0
75.8451,5
75.8454,4
75.8509,0
75.8563,2
75.8734,0
75.8788,6
75.8789,0
75.8843,9
75.8843,7
75.8898,6
75.9006,5
75.9007,3
75.9061,0
75.9115,5
75.9119,0
75.9173,11
75.9228,7
75.9282,5
75.9282,4
75.9337,0
75.9391,9
75.9392,2
75.9394,0
75.9448,13
75.9452,0
75.9506,3
75.9507,2
75.9509,0
75.9563,7
75.9564,0
75.9618,3
75.9619,0
75.9673,7
75.9677,0
75.9731,13
75.9845,12
76.0013,5
76.0013,0
76.0015,5
76.007,3
76.0124,0
76.029,14
76.0292,0
76.0346,10
76.0347,0
76.0401,3
76.0402,2
76.0459,1
76.0461,0
76.0516,7
76.0519,0
76.052,5
76.0521,0
76.0575,7
76.0632,6
76.0687,5
76.0687,0
76.0742,3
76.0742,2
76.0744,0
76.08,5
76.0806,2
76.086,0
76.0914,6
76.0915,5
76.0969,4
76.0971,2
76.1026,0
76.108,7
76.1191,6
76.1191,3
76.1248,0
76.1303,10
76.1304,0
76.1358,6
76.1359,1
76.1416,0
76.147,12
76.1471,10
76.1528,9
76.1586,7
76.164,5
76.164,1
76.1695,0
76.1749,9
76.175,6
76.1915,5
76.197,1
76.2024,0
76.2078,14
76.208,0
76.2134,8
76.214,6
76.2194,5
76.2194,4
76.2252,0
76.2361,14
76.2361,10
76.2416,9
76.2471,5
76.2471,1
76.2528,0
76.2583,2
76.2586,1
76.264,0
76.2807,1
76.2808,0
76.2862,2
76.2865,0
76.292,10
76.292,7
76.3084,5
76.3085,3
76.3139,0
76.3248,3
76.3254,1
76.3308,0
76.3362,4
76.3363,2
76.3417,0
76.3472,10
76.3472,7
76.3588,4
76.3645,1
76.37,0
76.3754,7
76.3755,0
76.3809,10
76.3812,9
76.3867,6
76.3869,3
76.3979,2
76.4033,0
76.4142,14
76.4142,10
76.4256,5
76.4258,4
76.4315,1
76.4427,0
76.4481,15
76.4482,9
76.4484,8
76.4539,6
76.4596,5
76.4653,4
76.4708,3
76.471,2
76.4712,1
76.4766,0
76.4768,2
76.4768,0
76.4823,1
76.4825,0
76.4826,2
76.4827,0
76.4881,14
76.4883,1
76.4937,0
76.5046,8
76.5047,0
76.5101,6
76.5104,1
76.5159,0
76.5213,12
76.5214,0
76.5268,7
76.5269,1
76.5271,0
76.5326,8
76.5381,7
76.5435,5
76.549,0
76.5492,6
76.5492,3
76.5494,0
76.5551,4
76.5552,1
76.5667,0
76.5778,25
76.5834,24
76.589,13
76.6055,8
76.611,5
76.611,1
76.6112,0
76.6113,15
76.6114,9
76.6169,8
76.6224,5
76.6224,0
76.6278,7
76.6279,0
76.6333,7
76.6334,1
76.6337,0
76.6391,6
76.6392,4
76.6446,3
76.6501,0
76.6555,2
76.6556,0
76.661,6
76.6614,0
76.6668,1
76.6722,0
76.6724,9
76.6727,7
76.6729,3
76.6786,0
76.684,14
76.6955,10
76.701,8
76.7064,7
76.7119,5
76.7121,2
76.7176,0
76.723,15
76.7231,8
76.7287,1
76.7345,0
76.7508,2
76.7508,0
76.7562,7
76.7563,2
76.773,1
76.7732,0
76.7786,7
76.7899,3
76.79,2
76.7955,0
76.8011,4
76.8012,0
76.812,13
76.8121,12
76.8123,8
76.8288,5
76.8288,4
76.8343,1
76.8397,0
76.8451,11
76.8455,10
76.8457,0
76.8513,12
76.8514,10
76.8516,8
76.8628,1
76.8796,0
76.885,7
76.8851,0
76.8959,7
76.8961,0
76.9015,9
76.9016,0
76.9124,4
76.9125,0
76.9179,7
76.9183,0
76.9239,3
76.924,0
76.9294,8
76.9295,0
76.9349,3
76.935,1
76.9407,0
76.9461,2
76.9461,1
76.9516,0
76.9627,9
76.9628,2
76.9685,0
76.9739,3
76.974,0
76.9794,10
76.9795,8
76.9797,7
76.9854,4
76.9909,0
76.9963,12
76.9967,6
77.0027,3
77.0082,2
77.0136,0
77.019,11
77.0191,9
77.0193,7
77.0248,5
77.0248,0
77.0357,14
77.0358,0
77.0412,3
77.0416,2
77.047,1
77.058,0
77.0634,1
77.0634,0
77.0688,4
77.0689,3
77.0694,0
77.0748,15
77.0749,0
77.0803,12
77.0807,10
77.0861,8
77.0919,7
77.0976,5
77.1034,4
77.1088,1
77.1143,0
77.1251,13
77.1252,11
77.1307,10
77.1361,5
77.1362,0
77.1417,13
77.1474,12
77.1528,10
77.153,9
77.153,8
77.1585,6
77.1642,5
77.1697,2
77.1754,0
77.181,13
77.1811,11
77.1866,5
77.1866,0
77.1921,11
77.1924,2
77.1978,1
77.198,0
77.1981,15
77.1982,10
77.204,8
77.2094,6
77.2095,2
77.2149,0
77.2203,14
77.2205,0
77.2259,12
77.2261,0
77.2315,11
77.2316,0
77.237,2
77.2373,1
77.2428,0
77.2482,13
77.2485,7
77.2488,4
77.2542,3
77.2597,0
77.2651,12
77.2652,0
77.2706,13
77.2707,11
77.2765,6
77.2824,5
77.2879,0
77.2988,5
77.2993,4
77.3048,1
77.305,0
77.3104,14
77.3104,13
77.3161,10
77.327,5
77.327,3
77.3381,2
77.3436,0
77.349,14
77.3494,9
77.3548,5
77.3548,4
77.3603,3
77.366,2
77.3662,0
77.3829,3
77.383,0
77.3884,14
77.3944,12
77.3999,9
77.4053,8
77.4054,6
77.4059,5
77.4114,4
77.4223,0
77.4277,10
77.4278,7
77.4386,5
77.4387,0
77.4441,13
77.4442,8
77.4496,5
77.4497,0
77.4551,2
77.4554,0
77.4663,8
77.4664,0
77.4718,10
77.4719,0
77.4773,2
77.4831,0
77.4948,5
77.4949,4
77.5116,3
77.5118,0
77.5173,12
77.5173,10
77.5228,6
77.5282,5
77.5283,0
77.5337,5
77.5338,0
77.5392,7
77.5395,5
77.5449,4
77.5504,3
77.5558,2
77.5616,0
77.5671,12
77.5726,7
77.578,5
77.584,4
77.5897,3
77.5952,1
77.6006,0
77.6008,15
77.6008,14
77.6063,10
77.612,9
77.6175,5
77.6175,4
77.6341,3
77.6343,1
77.6398,0
77.6452,15
77.6452,14
77.6561,8
77.6616,7
77.667,5
77.6725,4
77.678,0
77.6891,6
77.6892,0
77.7003,4
77.7004,1
77.7114,0
77.7223,5
77.7226,2
77.7281,1
77.7335,0
77.7446,8
77.7615,4
77.7725,0
77.7779,12
77.7781,0
77.7835,2
77.7835,0
77.789,14
77.8002,13
77.8057,6
77.817,3
77.8172,2
77.8227,0
77.8285,2
77.8286,0
77.834,1
77.8341,0
77.8395,14
77.8396,0
77.8451,13
77.8452,0
77.8506,2
77.8508,0
77.8562,4
77.8563,0
77.8617,15
77.8621,10
77.8675,9
77.873,8
77.8785,5
77.8785,0
77.8899,14
77.8903,2
77.8905,1
77.8907,0
77.8961,15
77.8963,0
77.9017,1
77.9017,0
77.9071,7
77.9072,1
77.9075,0
77.9187,8
77.9187,7
77.9242,6
77.9296,5
77.9296,1
77.9351,0
77.9459,13
77.9462,10
77.9517,8
77.9519,7
77.9573,0
77.9963,3
77.9964,0
78.0018,4
78.0025,0
78.0079,11
78.0079,10
78.0081,8
78.0136,5
78.0136,0
78.019,2
78.0194,1
78.0358,0
78.0414,3
78.0417,2
78.0419,0
78.0527,14
78.0528,12
78.0583,5
78.0583,4
78.0638,0
78.0692,11
78.0692,7
78.0696,1
78.0807,0
78.0861,11
78.0862,10
78.0917,8
78.0974,7
78.1031,3
78.1086,0
78.114,14
78.1141,6
78.1253,3
78.1308,0
78.1362,1
78.1362,0
78.1417,10
78.1418,3
78.1472,0
78.1526,6
78.1529,4
78.1638,3
78.164,2
78.1698,0
78.1752,9
78.1753,0
78.1807,2
78.1808,0
78.1862,3
78.1862,0
78.1917,10
78.1919,7
78.1977,1
78.2035,0
78.2036,4
78.2037,0
78.2091,13
78.2092,0
78.2201,13
78.2204,10
78.2259,9
78.2314,5
78.2314,4
78.2368,2
78.2422,0
78.2477,10
78.2477,5
78.248,0
78.2535,5
78.2536,4
78.2591,0
78.2645,12
78.2648,10
78.2705,8
78.2759,7
78.2814,6
78.2871,4
78.2873,3
78.2928,1
78.2985,0
78.3039,9
78.304,0
78.3094,10
78.3096,0
78.315,12
78.315,9
78.3153,4
78.3207,3
78.332,2
78.3374,0
78.3429,8
78.3484,5
78.3484,0
78.3486,29
78.354,14
78.3542,5
78.3544,3
78.3599,0
78.36,1
78.3601,0
78.3655,9
78.3656,8
78.371,7
78.3768,2
78.3823,0
78.3824,4
78.388,1
78.3935,0
78.3991,4
78.4213,2
78.4215,0
78.4269,1
78.427,0
78.4324,2
78.4325,0
78.4379,10
78.438,0
78.4434,10
78.4438,0
78.455,3
78.455,1
78.4604,0
78.4658,8
78.4659,2
78.4661,0
78.4717,5
78.4718,0
78.4829,12
78.4831,0
78.4885,7
78.4887,5
78.4889,2
78.4943,1
78.4998,0
78.5052,2
78.5055,0
78.5109,6
78.511,0
78.5391,10
78.5446,5
78.5501,2
78.5556,0
78.5557,15
78.5557,14
78.5612,13
78.5614,12
78.5669,5
78.5781,4
78.5835,3
78.589,0
78.5944,7
78.5945,6
78.5947,0
78.6055,15
78.606,0
78.6114,4
78.6115,1
78.6283,0
78.6394,11
78.6396,0
78.645,12
78.6451,0
78.6505,13
78.6506,8
78.6564,6
78.6566,4
78.662,3
78.6622,1
78.6788,0
78.6842,5
78.6845,1
78.69,0
78.7231,10
78.7232,4
78.7235,3
78.729,0
78.7344,4
78.7347,2
78.7405,0
78.7459,7
78.746,0
78.7514,10
78.7515,9
78.7517,0
78.7573,7
78.7574,5
78.7628,3
78.7683,0
78.7737,9
78.7738,7
78.785,3
78.7852,0
78.7907,3
78.7907,0
78.7961,4
78.7962,0
78.8071,5
78.8072,0
78.8126,1
78.8129,0
78.8183,8
78.8183,7
78.8238,5
78.8238,4
78.8296,2
78.835,0
78.8404,3
78.841,2
78.8521,0
78.8575,11
78.8576,5
78.863,1
78.8685,0
78.8739,8
78.874,0
78.8794,8
78.8795,0
78.885,9
78.8851,0
78.8905,15
78.8908,12
78.8963,5
78.8964,1
78.9021,0
78.9129,1
78.9132,0
78.9187,8
78.9195,4
78.925,3
78.9304,2
78.9362,0
78.9416,8
78.9419,7
78.9474,5
78.9474,2
78.9529,0
78.9583,11
78.9584,4
78.9638,3
78.9693,0
78.9748,14
78.9748,11
78.975,10
78.9805,8
78.9859,5
78.986,0
78.9916,9
78.9917,0
78.9971,10
78.9975,5
79.0029,1
79.0084,0
79.0195,12
79.0199,7
79.0256,5
79.0258,0
79.0313,9
79.0367,7
79.0425,3
79.0479,2
79.0534,1
79.0536,0
79.0591,6
79.0592,4
79.0647,0
79.0701,9
79.0702,1
79.0704,0
79.0758,3
79.0759,0
79.0813,12
79.0813,10
79.1037,6
79.1039,0
79.1094,11
79.1148,7
79.1206,2
79.1487,0
79.1543,5
79.1543,2
79.1545,0
79.1599,12
79.1601,0
79.1655,6
79.1656,0
79.171,15
79.1712,0
79.1821,2
79.1875,0
79.1877,10
79.1877,9
79.1879,7
79.1937,0
79.1991,8
79.1992,3
79.216,0
79.2214,8
79.2273,6
79.2328,5
79.2328,0
79.2384,4
79.2385,0
79.2439,1
79.244,0
79.2494,9
79.2497,4
79.2608,0
79.2662,11
79.2663,6
79.2717,5
79.2718,1
79.2772,0
79.2826,14
79.2828,3
79.2882,1
79.2884,0
79.2938,8
79.294,0
79.2994,2
79.2997,1
79.3051,0
79.3106,14
79.3108,5
79.3163,3
79.3222,2
79.3277,0
79.3385,1
79.3446,0
79.3557,14
79.3559,0
79.3613,10
79.3614,0
79.3668,15
79.3834,13
79.3889,11
79.3944,9
79.4002,0
79.4056,9
79.4057,1
79.4112,0
79.422,6
79.4221,0
79.4275,10
79.4279,8
79.4333,7
79.45,2
79.4557,0
79.4666,6
79.4667,0
79.4721,6
79.4722,3
79.4778,2
79.4836,0
79.4944,14
79.4945,10
79.4948,4
79.4949,2
79.5004,0
79.5058,15
79.5116,10
79.5171,8
79.5226,5
79.5282,4
79.5285,0
79.5339,8
79.534,0
79.5394,14
79.5395,8
79.5398,7
79.54,5
79.5457,4
79.5566,0
79.5622,3
79.5623,0
79.5677,12
79.5678,0
79.5732,5
79.5733,3
79.5788,1
79.5842,0
79.5897,10
79.5898,5
79.5953,3
79.5955,2
79.6009,0
79.6011,4
79.6014,1
79.6069,0
79.6124,15
79.618,14
79.6235,12
79.6293,2
79.6348,1
79.6408,0
79.6409,12
79.641,6
79.6465,5
79.6465,1
79.6522,0
79.6634,6
79.6635,0
79.6689,3
79.6689,0
79.6743,7
79.6744,5
79.6799,2
79.6853,1
79.6908,0
79.6962,6
79.7017,5
79.7017,0
79.7071,2
79.7072,0
79.7126,2
79.7184,0
79.7238,3
79.7238,1
79.7296,0
79.7407,2
79.7408,1
79.7465,0
79.7521,10
79.7581,7
79.7636,5
79.7636,4
79.7691,2
79.7745,0
79.7799,15
79.7801,0
79.7855,2
79.7856,0
79.791,8
79.7911,6
79.7913,0
79.7969,5
79.797,3
79.8024,1
79.8082,0
79.819,7
79.8191,0
79.8245,4
79.8246,0
79.83,8
79.8301,0
79.8356,13
79.8359,12
79.8414,9
79.8468,6
79.847,5
79.8638,0
79.8747,7
79.8749,6
79.8861,5
79.8916,0
79.8918,10
79.8918,5
79.9138,0
79.9192,15
79.9193,13
79.9248,8
79.9471,4
79.9525,3
79.958,0
79.9688,6
79.9694,5
79.9749,1
79.9804,0
79.9858,13
79.9915,9
79.9915,7
79.997,5
80.0081,3
80.0139,2
80.0193,0
80.0249,14
80.0305,10
80.036,9
80.0418,4
80.0419,3
80.0477,1
80.0479,0
80.0587,15
80.0588,11
80.0643,5
80.0645,2
80.0757,0
80.0812,10
80.0866,6
80.0871,5
80.0926,3
80.098,0
80.0982,8
80.0983,0
80.1037,8
80.1037,6
80.1092,5
80.115,0
80.1258,12
80.1259,7
80.1369,5
80.1369,3
80.1426,0
80.148,3
80.1485,0
80.1594,2
80.1595,0
80.1649,14
80.1649,13
80.1709,12
80.1764,6
80.1818,5
80.1873,4
80.1928,0
80.1982,4
80.1982,0
80.2037,1
80.2037,0
80.2309,2
80.2309,0
80.2418,2
80.2419,0
80.2473,15
80.2477,0
80.2531,12
80.2532,8
80.2589,6
80.2644,5
80.2644,2
80.2701,0
80.2755,13
80.2756,7
80.2758,6
80.276,1
80.2815,0
80.2869,4
80.287,0
80.2924,6
80.2925,0
80.2979,9
80.298,0
80.3034,15
80.3037,14
80.3092,10
80.3146,8
80.3204,2
80.3259,1
80.3538,0
80.3592,11
80.3592,6
80.3594,4
80.3649,0
80.3703,4
80.3709,2
80.3818,0
80.3872,13
80.3872,12
80.3875,7
80.3929,6
80.3984,5
80.3986,1
80.404,0
80.4094,4
80.4095,0
80.4204,14
80.4207,13
80.4317,6
80.4375,5
80.443,0
80.4541,13
80.4542,0
80.4597,15
80.4597,10
80.4655,6
80.4712,5
80.477,2
80.4824,0
80.4879,7
80.4879,4
80.4934,3
80.4988,2
80.5043,0
80.5097,10
80.5098,0
80.5261,10
80.5265,9
80.5319,7
80.5374,5
80.5374,3
80.5431,0
80.5486,11
80.5486,9
80.5543,8
80.5546,2
80.56,1
80.5658,0
80.5714,11
80.5774,10
80.5776,9
80.5779,2
80.5833,1
80.5888,0
80.5889,18
80.6164,12
80.6219,11
80.6221,9
80.6278,6
80.6333,5
80.6388,0
80.6389,15
80.6389,13
80.6444,12
80.6499,8
80.6556,4
80.6614,1
80.6668,0
80.6723,2
80.678,1
80.6835,0
80.6944,8
80.6999,6
80.7053,5
80.7108,4
80.7162,2
80.7217,0
80.7273,3
80.7273,0
80.7328,9
80.7329,0
80.7383,13
80.744,12
80.7497,9
80.7499,8
80.7557,0
80.7611,7
80.7612,5
80.7614,4
80.7668,2
80.7728,0
80.7782,15
80.7785,13
80.7843,12
80.7897,8
80.7899,7
80.7954,6
80.8008,5
80.8009,1
80.8173,0
80.8175,10
80.8175,8
80.8285,5
80.8285,4
80.8342,2
80.8344,0
80.8398,5
80.8401,0
80.8455,6
80.8513,4
80.8567,3
80.8794,0
80.8796,9
80.8797,0
80.8855,11
80.8856,7
80.8858,4
80.8912,0
80.9024,8
80.9024,7
80.9079,5
80.9079,0
80.9134,3
80.9136,0
80.9138,2
80.9138,0
80.9192,8
80.9193,0
80.9248,2
80.9248,1
80.925,0
80.9304,10
80.9362,9
80.9471,5
80.9471,4
80.9526,2
80.9528,1
80.9585,0
80.9752,4
80.9861,0
80.9917,8
80.9918,6
80.9972,5
80.9973,0
81.0081,2
81.0085,0
81.0141,12
81.0142,4
81.0196,3
81.0198,2
81.0307,1
81.0367,0
81.0421,3
81.0422,0
81.0476,5
81.0477,3
81.0531,0
81.0643,12
81.0646,9
81.0701,7
81.0758,6
81.0813,5
81.0813,0
81.0867,10
81.0873,4
81.0928,2
81.0983,0
81.1091,2
81.1092,1
81.1313,0
81.1369,15
81.1371,0
81.1425,6
81.1426,0
81.148,6
81.1484,0
81.1538,4
81.1538,2
81.1595,1
81.1597,0
81.1653,9
81.1656,8
81.1711,7
81.2045,6
81.2099,5
81.2099,3
81.2154,0
81.2263,10
81.2264,4
81.2318,3
81.2373,0
81.2484,5
81.2485,0
81.2593,14
81.2594,12
81.2648,8
81.2651,0
81.2763,4
81.2765,0
81.2767,25
81.282,18
81.2822,15
81.2881,14
81.2937,5
81.3049,4
81.3158,0
81.3214,3
81.3215,0
81.327,7
81.3272,0
81.3273,12
81.3274,10
81.3329,0
81.3383,14
81.3386,9
81.3443,5
81.3498,3
81.35,1
81.3554,0
81.3609,13
81.361,0
81.3664,9
81.3725,8
81.3782,6
81.3837,5
81.3891,4
81.3952,1
81.3953,0
81.4062,15
81.4063,11
81.4117,9
81.4172,5
81.4219,0
81.4273,1
81.4274,0
81.433,15
81.4332,0
81.4386,5
81.4387,0
81.4441,10
81.4498,5
81.4553,2
81.4555,0
81.4609,4
81.461,0
81.4664,6
81.4665,0
81.4719,5
81.478,2
81.4837,1
81.4839,0
81.4893,5
81.4894,4
81.4896,3
81.4953,2
81.501,1
81.5065,0
81.5121,14
81.5122,10
81.5177,9
81.5231,7
81.5233,6
81.5287,5
81.5288,0
81.5343,4
81.5397,3
81.5452,0
81.5453,9
81.5454,0
81.5508,9
81.5512,7
81.5566,5
81.5567,0
81.5621,11
81.5621,9
81.5623,6
81.5678,5
81.5678,2
81.5733,0
81.5787,8
81.579,5
81.5903,1
81.5904,0
81.5959,8
81.596,1
81.5961,0
81.6016,5
81.6019,4
81.6074,0
81.6128,3
81.6128,1
81.6183,0
81.6237,2
81.6238,0
81.6346,4
81.6347,3
81.6349,1
81.6403,0
81.6457,14
81.6458,10
81.6515,8
81.6517,7
81.6572,5
81.6572,4
81.6574,3
81.6628,1
81.6686,0
81.674,7
81.674,5
81.6798,1
81.6855,0
81.7019,10
81.7021,9
81.7078,6
81.719,5
81.719,2
81.7245,0
81.7246,10
81.7247,3
81.7357,2
81.7412,0
81.752,2
81.7575,1
81.763,0
81.7684,4
81.7684,0
81.7739,3
81.7739,0
81.7793,5
81.7797,0
81.7851,8
81.7852,0
81.7961,14
81.7964,12
81.8022,11
81.8248,10
81.8302,9
81.8305,0
81.8415,12
81.8469,6
81.8577,5
81.8582,2
81.8637,1
81.8691,0
81.8745,2
81.8746,1
81.8748,0
81.8802,6
81.8803,2
81.8805,0
81.8806,3
81.8807,0
81.8918,6
81.8927,5
81.8982,4
81.8984,3
81.9038,0
81.9093,8
81.9094,0
81.9148,1
81.9154,0
81.9263,10
81.9317,9
81.9372,5
81.9373,1
81.9485,0
81.9486,10
81.9486,8
81.9541,7
81.9598,0
81.9652,12
81.9707,10
81.9765,7
81.9766,6
81.9821,5
81.9821,1
81.9879,0
82.0045,8
82.0046,6
82.0048,2
82.0105,1
82.0163,0
82.0271,5
82.0272,2
82.0326,1
82.0381,0
82.0435,11
82.0436,9
82.049,7
82.0545,6
82.0603,0
82.0657,14
82.0657,10
82.066,5
82.0769,4
82.0826,2
82.0884,1
82.0993,0
82.1047,11
82.1049,0
82.1103,1
82.1108,0
82.1222,8
82.1276,7
82.1386,6
82.1441,5
82.1441,0
82.1443,29
82.1496,28
82.1551,24
82.1606,18
82.1609,8
82.172,7
82.1778,0
82.1779,9
82.178,0
82.1834,7
82.1835,5
82.1837,0
82.1891,5
82.1895,4
82.1949,2
82.2007,0
82.2063,12
82.2063,8
82.2065,7
82.2123,5
82.218,3
82.2234,2
82.2289,0
82.2343,3
82.2344,0
82.2398,12
82.2399,0
82.2454,1
82.2454,0
82.2508,8
82.2509,0
82.2563,10
82.2618,6
82.2676,4
82.273,0
82.284,13
82.2842,12
82.2896,11
82.301,5
82.301,3
82.3289,0
82.3345,6
82.3346,1
82.3401,0
82.3455,1
82.3455,0
82.3509,13
82.351,10
82.3565,5
82.3565,4
82.3619,2
82.368,0
82.3734,4
82.3734,3
82.3789,0
82.3843,1
82.3844,0
82.3902,2
82.396,0
82.4068,11
82.407,0
82.4124,12
82.4127,11
82.4129,10
82.4184,8
82.4404,5
82.4404,2
82.4462,1
82.4516,0
82.457,2
82.4571,0
82.4625,6
82.4625,5
82.4741,3
82.4743,0
82.4797,9
82.4798,4
82.4852,3
82.4907,0
82.4962,4
82.502,0
82.5021,5
82.5077,0
82.5131,7
82.5137,6
82.5253,0
82.5308,4
82.5362,0
82.5364,12
82.5365,8
82.5419,5
82.5419,3
82.5474,1
82.5476,0
82.5638,11
82.564,1
82.5694,0
82.5806,3
82.5806,0
82.5861,3
82.5861,2
82.5866,0
82.5974,13
82.5976,0
82.603,14
82.6034,11
82.6036,5
82.6147,3
82.6202,0
82.6256,14
82.626,13
82.6314,12
82.6316,11
82.637,10
82.6425,8
82.648,6
82.6534,5
82.6534,3
82.6592,0
82.6646,3
82.6647,0
82.6701,10
82.6703,9
82.676,7
82.6815,6
82.6815,0
82.6871,9
82.6872,5
82.6926,4
82.6981,0
82.7092,10
82.7096,4
82.7098,0
82.7152,1
82.7153,0
82.732,15
82.7323,14
82.7381,11
82.7435,7
82.749,5
82.749,4
82.7545,3
82.7599,0
82.7708,11
82.7709,8
82.7766,6
82.782,5
82.7821,4
82.7932,2
82.7987,0
82.8042,15
82.8099,9
82.8102,1
82.8214,0
82.8217,15
82.8275,14
82.833,7
82.8443,6
82.8553,5
82.8554,1
82.8608,0
82.8662,10
82.8663,9
82.8664,8
82.8719,6
82.8719,3
82.8774,2
82.8831,0
82.8886,3
82.8886,0
82.894,3
82.8941,0
82.8996,15
82.8997,13
82.8999,9
82.8999,7
82.9054,5
82.9055,0
82.9056,14
82.9111,13
82.9278,6
82.928,4
82.9337,3
82.94,0
82.9402,12
82.9402,10
82.9457,9
82.9511,8
82.9566,7
82.962,6
82.9675,5
82.9675,0
82.9729,7
82.973,0
82.9784,15
82.9785,11
82.9952,10
83.0007,7
83.0062,5
83.0062,3
83.0119,0
83.0174,10
83.0176,8
83.0178,5
83.0233,0
83.0235,6
83.0235,5
83.029,0
83.0344,5
83.0345,0
83.0399,10
83.04,0
83.0454,15
83.0456,0
83.051,8
83.0514,5
83.0569,1
83.0623,0
83.0677,14
83.0678,5
83.0733,0
83.0787,12
83.0788,0
83.0842,8
83.0846,7
83.0848,5
83.085,0
83.0904,5
83.0905,0
83.0959,15
83.0961,0
83.1015,4
83.1015,1
83.107,0
83.1124,8
83.1128,0
83.1182,13
83.1183,8
83.1405,1
83.1468,0
83.1577,1
83.1577,0
83.1746,15
83.1748,0
83.1802,11
83.1802,8
83.186,4
83.1915,1
83.1969,0
83.2023,1
83.2024,0
83.2078,11
83.2079,0
83.2133,1
83.2137,0
83.2191,8
83.2191,7
83.2249,5
83.2304,0
83.2358,9
83.2361,7
83.2418,6
83.242,5
83.2475,1
83.2529,0
83.264,4
83.264,2
83.2695,1
83.2749,0
83.2806,4
83.2808,0
83.2809,10
83.281,9
83.2864,8
83.2922,5
83.2977,3
83.3031,0
83.3085,11
83.3086,8
83.3141,5
83.3141,4
83.3256,2
83.331,0
83.3473,2
83.3478,1
83.3533,0
83.3587,4
83.3588,1
83.3642,0
83.3696,5
83.3697,0
83.3751,12
83.3753,0
83.3807,12
83.3808,8
83.381,3
83.3812,0
83.392,6
83.3924,2
83.3978,1
83.4033,0
83.4087,9
83.4088,8
83.4142,5
83.4142,3
83.4255,0
83.4309,8
83.431,0
83.4364,9
83.4365,5
83.4533,0
83.4588,9
83.4593,8
83.4595,6
83.4652,0
83.4934,8
83.4987,1
83.5041,0
83.5099,14
83.51,13
83.5155,8
83.5157,2
83.5214,0
83.5435,2
83.5435,1
83.5493,0
83.5601,8
83.5602,4
83.5657,2
83.5711,0
83.5765,12
83.5766,10
83.5821,8
83.5875,7
83.5987,0
83.6042,5
83.6042,0
83.6097,1
83.6097,0
83.6151,7
83.6209,6
83.6266,3
83.6324,0
83.6432,15
83.6433,10
83.6543,5
83.6543,3
83.6598,0
83.6654,14
83.6657,10
83.6715,5
83.677,3
83.6824,1
83.6879,0
83.6933,1
83.6933,0
83.6987,15
83.6991,14
83.7046,9
83.721,5
83.7212,3
83.7214,0
83.7325,5
83.7326,0
83.7381,15
83.7383,13
83.7383,7
83.7385,0
83.7441,2
83.7497,1
83.7499,0
83.7553,3
83.7554,0
83.7608,1
83.7608,0
83.7717,5
83.7718,0
83.7826,14
83.7828,0
83.7882,6
83.7883,1
83.7938,0
83.8103,5
83.8104,2
83.8269,0
83.8323,8
83.8327,0
83.8381,14
83.8383,0
83.8437,10
83.8442,8
83.8666,7
83.8721,5
83.8721,4
83.8723,1
83.8777,0
83.8832,3
83.8835,0
83.8997,3
83.8998,0
83.9052,8
83.9056,2
83.9111,0
83.9165,9
83.9166,0
83.922,10
83.9275,8
83.9332,6
83.939,3
83.9444,1
83.9499,0
83.9553,13
83.9559,10
83.9614,6
83.9671,5
83.9673,3
83.9728,0
83.9891,1
83.9891,0
83.9945,9
83.9946,0
84.0001,15
84.0001,11
84.0003,8
84.0061,7
84.0117,6
84.0172,1
84.0229,0
84.0337,4
84.0341,0
84.0395,3
84.0398,2
84.0453,0
84.0507,10
84.0507,8
84.0509,6
84.0622,4
84.0676,0
84.0731,3
84.0734,0
84.0788,10
84.0843,5
84.0843,4
84.0898,0
84.0954,8
84.0954,7
84.0956,5
84.1011,3
84.1065,1
84.1123,0
84.1177,15
84.1232,10
84.1286,9
84.1341,7
84.1395,2
84.1399,0
84.1454,10
84.1455,8
84.1622,7
84.168,2
84.1682,0
84.1736,6
84.1737,0
84.1791,1
84.1794,0
84.1956,15
84.1958,0
84.2012,2
84.2013,0
84.2067,3
84.2067,0
84.2122,13
84.2123,0
84.2177,13
84.2181,6
84.2183,4
84.224,1
84.2298,0
84.2352,5
84.2352,3
84.241,2
84.2698,0
84.2807,5
84.2807,0
84.2862,10
84.2862,6
84.2917,5
84.2917,1
84.2972,0
84.3026,5
84.3026,3
84.3081,0
84.3135,15
84.3359,9
84.3527,8
84.3582,6
84.3642,4
84.3752,0
84.3916,3
84.3917,0
84.4025,6
84.4028,3
84.4083,0
84.4192,11
84.4195,10
84.425,7
84.4304,5
84.4359,4
84.4416,3
84.4421,1
84.4531,0
84.4586,14
84.4643,12
84.4701,7
84.4703,5
84.4757,0
84.4761,5
84.4761,4
84.5039,2
84.5093,0
84.5147,11
84.5148,10
84.5205,8
84.526,5
84.5314,3
84.5369,1
84.5427,0
84.5481,11
84.5539,10
84.5595,8
84.5597,4
84.5651,1
84.5763,0
84.5874,9
84.5875,7
84.5929,5
84.593,2
84.5984,0
84.6038,8
84.6039,0
84.6094,5
84.6094,0
84.6149,6
84.6206,2
84.6261,0
84.6315,9
84.6315,7
84.637,5
84.637,3
84.6425,0
84.6479,8
84.6483,5
84.6485,0
84.6539,7
84.654,4
84.6545,0
84.6599,2
84.6601,0
84.6655,3
84.6656,0
84.6824,11
84.6824,10
84.6827,1
84.6882,0
84.6936,7
84.6939,3
84.6996,1
84.7108,0
84.7162,7
84.7163,0
84.7217,9
84.7221,3
84.7223,0
84.7277,15
84.7277,13
84.7332,10
84.75,7
84.7557,6
84.7892,5
84.7893,4
84.7951,0
84.8006,13
84.806,10
84.8114,8
84.8225,7
84.8283,6
84.8337,5
84.8398,3
84.8452,2
84.8507,0
84.8508,6
84.8509,5
84.8566,4
84.8623,3
84.8678,0
84.8732,12
84.8734,0
84.8788,2
84.8788,0
84.8902,5
84.8903,4
84.8957,2
84.9012,0
84.9066,12
84.9067,7
84.9121,5
84.9122,3
84.9176,1
84.9231,0
84.9285,7
84.9288,2
84.9565,0
84.9733,12
84.9734,8
84.9789,5
84.9789,4
84.9846,2
84.9903,0
84.9906,15
84.9907,11
84.9909,7
84.9964,5
85.0018,4
85.0072,2
85.0074,0
85.0128,8
85.0129,0
85.0184,14
85.0184,9
85.0239,7
85.0296,6
85.0299,0
85.0353,5
85.0353,2
85.0463,0
85.0633,15
85.0636,14
85.0691,8
85.0801,5
85.0801,3
85.0856,0
85.091,10
85.0911,7
85.0916,2
85.0971,0
85.0972,4
85.0972,3
85.1027,1
85.1082,0
85.1136,8
85.1137,3
85.1139,0
85.1248,6
85.1249,4
85.1304,0
85.1306,15
85.1306,14
85.1418,11
85.1476,9
85.153,5
85.1585,0
85.1642,4
85.1642,3
85.1644,1
85.1646,0
85.1759,11
85.176,3
85.1762,0
85.187,6
85.1877,0
85.1985,4
85.1986,3
85.204,1
85.2042,0
85.2151,2
85.2151,1
85.2206,0
85.226,13
85.226,12
85.2483,5
85.2483,0
85.2591,11
85.2593,0
85.2647,15
85.2652,0
85.2706,1
85.2763,0
85.2818,8
85.2875,7
85.2877,4
85.2934,2
85.2989,0
85.299,7
85.3044,5
85.3044,4
85.3099,0
85.3153,15
85.3153,14
85.3208,11
85.3262,10
85.3376,0
85.3431,9
85.3485,7
85.3597,3
85.3655,2
85.3657,0
85.3658,3
85.3659,0
85.3713,6
85.3714,0
85.3768,1
85.3771,0
85.388,11
85.3883,9
85.3937,8
85.3995,5
85.405,0
85.4106,3
85.4106,0
85.4161,9
85.4161,7
85.4216,5
85.4216,0
85.427,1
85.4271,0
85.4325,13
85.4326,0
85.4381,5
85.4384,1
85.4386,0
85.444,2
85.4441,0
85.4495,2
85.455,0
85.4605,2
85.4606,1
85.4666,0
85.472,14
85.4721,10
85.4723,9
85.478,8
85.4836,3
85.489,1
85.4892,0
85.4946,9
85.4947,8
85.4953,4
85.5008,0
85.5116,8
85.5117,7
85.5171,5
85.5226,0
85.528,7
85.5281,0
85.5335,14
85.5336,12
85.539,11
85.5448,8
85.5502,6
85.5557,0
85.5611,13
85.5612,3
85.5617,2
85.5671,0
85.5725,11
85.5728,10
85.5785,9
85.595,5
85.595,1
85.6007,0
85.6061,10
85.6065,7
85.6119,6
85.6285,5
85.6285,1
85.6339,0
85.6394,2
85.6396,0
85.6397,14
85.6398,11
85.6455,9
85.651,5
85.651,4
85.6565,0
85.6731,12
85.6734,11
85.6792,8
85.7181,7
85.7235,5
85.7236,0
85.729,3
85.7345,2
85.7347,0
85.7512,2
85.7513,0
85.7621,2
85.7622,0
85.7676,12
85.7679,11
85.7736,6
85.7791,0
85.7845,7
85.785,6
85.7852,1
85.7907,0
85.7963,14
85.7964,6
85.8021,5
85.8079,3
85.8133,1
85.8242,0
85.8297,6
85.8351,5
85.8406,3
85.8461,0
85.8462,3
85.8463,1
85.852,0
85.8628,7
85.8629,3
85.8687,0
85.8741,8
85.8741,7
85.8799,0
85.8853,2
85.8911,0
85.9023,12
85.9024,4
85.9081,2
85.9083,1
85.9195,0
85.9197,7
85.9198,0
85.9252,7
85.9253,0
85.9307,7
85.9308,0
85.9362,2
85.9363,0
85.9472,10
85.9529,5
85.9583,4
85.9585,2
85.964,0
85.9641,5
85.9697,4
85.9699,3
85.9754,2
85.9811,0
85.9865,15
85.9867,0
85.9921,8
85.9922,0
85.9976,6
85.9976,5
86.0037,4
86.0091,1
86.0205,0
86.0259,8
86.0259,2
86.0261,0
86.0316,12
86.0316,10
86.0371,8
86.0425,6
86.048,5
86.0594,2
86.0648,1
86.0703,0
86.0757,4
86.0758,0
86.0812,11
86.0815,10
86.087,6
86.1037,4
86.1094,3
86.1149,0
86.1203,9
86.1203,7
86.1313,5
86.1313,3
86.1368,0
86.1422,8
86.1422,7
86.1424,6
86.1478,5
86.1479,4
86.1533,0
86.1587,1
86.1591,0
86.1754,2
86.1754,0
86.1809,2
86.1809,0
86.1921,11
86.1922,0
86.1976,3
86.1977,0
86.2144,4
86.2144,0
86.2198,10
86.22,0
86.2254,4
86.2257,2
86.2312,1
86.2421,0
86.2476,11
86.2531,0
86.2532,12
86.2533,1
86.2535,0
86.2591,15
86.2652,5
86.2653,2
86.2707,1
86.2817,0
86.2871,8
86.2874,6
86.2879,5
86.2936,0
86.299,8
86.3046,6
86.3106,5
86.3162,2
86.3437,0
86.3545,8
86.3546,0
86.3601,6
86.3604,1
86.3659,0
86.3713,6
86.3714,5
86.3769,2
86.377,1
86.3772,0
86.3828,20
86.3884,18
86.3939,15
86.3997,7
86.4221,0
86.4223,2
86.4275,0
86.4277,4
86.4277,3
86.4392,1
86.4447,0
86.4555,14
86.4556,12
86.4669,9
86.4724,5
86.4724,0
86.4778,2
86.4779,1
86.4833,0
86.4887,2
86.4888,0
86.4942,9
86.4945,8
86.4948,0
86.5002,9
86.5059,8
86.5114,5
86.5172,2
86.5229,0
86.5283,5
86.5284,0
86.5338,10
86.5339,0
86.5393,13
86.5508,9
86.551,8
86.5564,5
86.5565,0
86.5673,8
86.5731,6
86.5896,5
86.5953,2
86.6014,0
86.6068,2
86.6068,1
86.6123,0
86.6234,3
86.6238,0
86.6346,11
86.6347,10
86.6349,0
86.6457,13
86.6459,4
86.6513,0
86.6568,2
86.6622,1
86.668,0
86.6735,15
86.6791,8
86.6845,5
86.6845,4
86.69,0
86.6954,6
86.6958,0
86.7012,7
86.7013,0
86.7067,6
86.7067,3
86.7069,2
86.7124,0
86.7178,14
86.7179,9
86.7457,8
86.7514,7
86.7569,6
86.7623,5
86.7623,3
86.7678,0
86.7732,5
86.7736,3
86.7903,2
86.7961,1
86.7963,0
86.8017,3
86.802,2
86.8353,0
86.8519,8
86.852,0
86.8575,7
86.8575,1
86.863,0
86.8684,1
86.8685,0
86.8739,4
86.8742,0
86.8796,4
86.8797,0
86.9019,12
86.9022,7
86.9025,3
86.9079,2
86.9136,1
86.9357,0
86.9411,1
86.9417,0
86.9471,11
86.9472,0
86.9526,12
86.9527,11
86.9583,10
86.9637,8
86.9639,6
86.997,5
86.997,0
87.0082,15
87.0137,13
87.0139,9
87.0194,6
87.0249,5
87.0249,1
87.0364,0
87.0366,2
87.0366,0
87.0476,15
87.0809,4
87.0864,0
87.0865,8
87.0866,6
87.0868,3
87.0922,0
87.0977,10
87.098,3
87.1034,2
87.1091,0
87.115,8
87.1151,6
87.1205,5
87.1205,2
87.126,1
87.1317,0
87.1371,3
87.1372,0
87.1538,3
87.1538,0
87.1592,2
87.1593,0
87.1647,13
87.1649,0
87.1703,3
87.1704,0
87.1758,1
87.1758,0
87.1812,8
87.1813,0
87.1867,1
87.1871,0
87.1925,3
87.1983,0
87.1984,6
87.1985,4
87.204,0
87.2094,6
87.2097,4
87.2154,3
87.2156,2
87.2211,1
87.2265,0
87.2374,15
87.2375,6
87.2484,5
87.2484,2
87.2539,1
87.2541,0
87.2595,4
87.2595,0
87.265,2
87.2652,1
87.2707,0
87.2708,8
87.2709,3
87.2931,0
87.2985,5
87.299,4
87.3044,0
87.3156,2
87.3156,0
87.3211,9
87.3214,8
87.3216,7
87.327,5
87.3379,4
87.3492,0
87.3546,15
87.3549,14
87.3603,12
87.3658,9
87.3713,5
87.3767,4
87.3822,0
87.3878,4
87.3881,2
87.3936,1
87.399,0
87.4045,12
87.4046,0
87.41,12
87.4102,0
87.4156,3
87.4159,2
87.4435,0
87.4712,8
87.4713,0
87.4822,2
87.4822,0
87.4936,1
87.4937,0
87.4991,2
87.4991,0
87.5047,9
87.5056,6
87.5058,5
87.5112,0
87.5167,1
87.517,0
87.5171,11
87.5172,8
87.5174,5
87.5176,0
87.523,13
87.5231,10
87.5343,9
87.5404,7
87.5406,6
87.546,5
87.546,4
87.5515,0
87.5569,1
87.557,0
87.5624,12
87.5624,8
87.5679,6
87.5788,5
87.5788,4
87.5843,0
87.5898,5
87.5955,3
87.601,0
87.6013,7
87.6014,3
87.6071,1
87.6184,0
87.6298,11
87.6298,8
87.6354,6
87.6411,3
87.6466,0
87.652,6
87.652,5
87.6522,1
87.6577,0
87.6631,4
87.6686,3
87.6906,0
87.7016,10
87.7019,8
87.7077,6
87.7131,5
87.7189,4
87.719,3
87.7245,2
87.7302,0
87.7356,6
87.7638,0
87.7747,14
87.7801,5
87.7804,0
87.7805,12
87.7806,10
87.7809,8
87.7863,6
87.7864,4
87.7918,3
87.7975,2
87.803,0
87.8253,6
87.8254,0
87.8308,3
87.8309,0
87.8417,7
87.8418,0
87.853,7
87.8539,0
87.8593,14
87.8595,0
87.8649,9
87.8706,8
87.8817,5
87.8817,0
87.8871,15
87.8873,0
87.8927,7
87.8928,3
87.893,0
87.8984,4
87.8987,2
87.9042,0
87.9096,14
87.9096,13
87.9151,8
87.9206,5
87.9206,2
87.9264,0
87.9318,11
87.9318,10
87.9428,8
87.9485,6
87.9546,4
87.96,0
87.9709,8
87.971,0
87.9764,14
87.9765,10
87.9767,9
87.9822,5
87.9822,0
87.9876,15
87.9878,1
87.9933,0
88.0044,2
88.0045,0
88.0099,2
88.0156,0
88.0211,11
88.0269,2
88.027,1
88.0325,0
88.0326,6
88.0327,4
88.0384,3
88.0439,0
88.0493,8
88.0494,5
88.0552,0
88.0606,14
88.0608,0
88.0662,12
88.0663,0
88.0717,2
88.0721,1
88.0775,0
88.083,7
88.0832,0
88.0888,13
88.0941,11
88.0995,10
88.0997,9
88.0997,8
88.1055,4
88.111,1
88.1112,0
88.1166,12
88.1166,11
88.1221,5
88.1222,0
88.1446,3
88.1447,2
88.1502,0
88.1556,11
88.1613,10
88.1618,9
88.1673,6
88.1727,5
88.1782,3
88.1836,2
88.1891,0
88.1892,13
88.1893,9
88.1948,5
88.2003,1
88.2114,0
88.2334,12
88.2339,0
88.2393,15
88.2397,8
88.2506,6
88.2561,5
88.2561,2
88.2621,0
88.2676,1
88.2676,0
88.273,8
88.2733,6
88.2788,5
88.2788,4
88.2842,0
88.2897,6
88.2898,0
88.2952,9
88.2953,0
88.3007,8
88.3008,0
88.3062,14
88.3066,11
88.3231,9
88.3235,7
88.3238,0
88.3292,1
88.3293,0
88.3347,11
88.335,10
88.3407,7
88.3516,5
88.3517,0
88.3571,7
88.3577,5
88.3632,0
88.374,2
88.3741,0
88.3797,2
88.3798,1
88.3853,0
88.3854,13
88.3907,9
88.3909,6
88.3911,5
88.3966,3
88.4021,0
88.4132,9
88.4133,0
88.4187,7
88.4188,0
88.4297,7
88.4298,0
88.4352,10
88.4353,7
88.4356,0
88.4411,7
88.4413,6
88.4471,2
88.4473,1
88.453,0
88.4532,1
88.4532,0
88.4586,14
88.4587,13
88.459,11
88.4592,9
88.4594,4
88.4761,3
88.4816,1
88.4871,0
88.4925,4
88.4925,0
88.4979,1
88.498,0
88.5034,10
88.5035,0
88.5089,1
88.509,0
88.5144,5
88.5148,2
88.5202,0
88.5256,10
88.5258,0
88.5312,2
88.5312,0
88.5366,4
88.5367,0
88.5421,15
88.5425,10
88.548,5
88.548,2
88.5482,0
88.5596,9
88.5653,8
88.5708,7
88.5762,5
88.5763,1
88.5766,0
88.5769,10
88.5769,9
88.5824,7
88.5879,5
88.5879,4
88.5881,1
88.5935,0
88.6044,10
88.6099,9
88.6211,5
88.6212,0
88.6213,4
88.6267,0
88.6321,10
88.6321,9
88.6489,5
88.6544,3
88.6598,0
88.6652,5
88.6653,1
88.6708,0
88.6762,13
88.6763,0
88.6818,4
88.6821,0
88.6876,8
88.7153,4
88.7207,3
88.7262,0
88.7263,12
88.7264,7
88.7266,6
88.732,5
88.7321,0
88.7375,4
88.7376,2
88.7488,0
88.7542,7
88.7545,5
88.76,3
88.7655,2
88.7718,0
88.7826,10
88.7829,6
88.7884,5
88.7884,4
88.7939,0
88.8047,8
88.8048,0
88.8102,14
88.8103,10
88.8327,5
88.8327,0
88.8384,12
88.8385,9
88.8385,8
88.8387,7
88.8442,6
88.8499,0
88.8558,7
88.8559,5
88.8614,0
88.8668,1
88.8668,0
88.8722,11
88.8728,9
88.873,7
88.8784,5
88.8839,4
88.8894,2
88.8948,1
88.9003,0
88.9057,12
88.9057,9
88.9112,5
88.9225,0
88.9279,14
88.9281,0
88.9335,8
88.9335,7
88.939,2
88.9444,0
88.9498,10
88.9503,0
88.9558,15
88.956,0
88.9614,3
88.9615,0
88.9669,2
88.967,0
88.9724,8
88.9725,2
88.9728,1
88.9785,0
88.9841,3
88.9841,0
88.9896,1
88.9896,0
89.0005,2
89.0062,0
89.0064,3
89.0065,0
89.0119,10
89.0121,9
89.0291,5
89.0291,0
89.0293,1
89.0293,0
89.0347,5
89.0348,3
89.0403,2
89.0457,0
89.0512,8
89.0572,7
89.0681,5
89.0681,1
89.0736,0
89.0791,3
89.0797,0
89.0851,2
89.0852,0
89.1015,7
89.1016,0
89.107,7
89.1071,0
89.1179,11
89.1181,0
89.1289,15
89.1294,0
89.1402,4
89.1403,0
89.1458,5
89.146,3
89.1462,0
89.1464,19
89.1517,15
89.1575,9
89.1629,5
89.163,1
89.1632,0
89.1633,9
89.1634,5
89.1806,4
89.1861,2
89.1915,0
89.2024,15
89.2025,8
89.2027,7
89.2082,3
89.2084,0
89.2138,2
89.2138,0
89.2192,14
89.2193,10
89.2473,5
89.2473,4
89.253,3
89.2587,0
89.2642,2
89.2642,0
89.2751,15
89.2751,13
89.2809,12
89.2869,11
89.2923,7
89.2978,5
89.2979,0
89.3033,3
89.3033,0
89.3087,11
89.3088,9
89.3143,5
89.3143,0
89.3197,13
89.3198,10
89.3252,9
89.331,7
89.3367,6
89.3421,5
89.3422,0
89.353,14
89.3532,0
89.3586,12
89.359,11
89.3647,10
89.3702,5
89.3702,1
89.3757,0
89.3925,1
89.3926,0
89.4034,11
89.4038,10
89.4092,6
89.4147,5
89.4147,0
89.4201,12
89.4256,11
89.4311,10
89.4368,9
89.4423,5
89.4423,3
89.4535,2
89.4589,0
89.4643,12
89.4647,7
89.4705,4
89.4707,2
89.4708,1
89.4763,0
89.4871,9
89.4877,8
89.4932,7
89.4934,3
89.4988,1
89.5043,0
89.5097,6
89.5098,0
89.5152,11
89.5154,0
89.5208,4
89.5262,2
89.5264,0
89.5374,11
89.5377,0
89.5378,9
89.5379,0
89.5433,4
89.5434,0
89.5488,2
89.5489,0
89.5543,13
89.5544,9
89.5599,5
89.5599,3
89.5601,0
89.5714,13
89.5716,0
89.577,5
89.5777,4
89.5831,2
89.5833,0
89.5887,11
89.5891,10
89.5945,9
89.5947,8
89.6002,6
89.6056,5
89.6056,2
89.6061,0
89.617,6
89.6171,3
89.6226,0
89.628,10
89.6281,0
89.6335,2
89.6336,0
89.639,7
89.6393,4
89.6504,0
89.6558,4
89.6561,1
89.6615,0
89.6617,2
89.6617,0
89.6671,14
89.6675,12
89.6677,9
89.6679,6
89.6736,5
89.6791,1
89.6793,0
89.6901,12
89.6903,0
89.6957,15
89.696,13
89.7015,5
89.7016,0
89.707,7
89.7071,0
89.7125,4
89.7126,1
89.718,0
89.7234,10
89.7236,0
89.729,13
89.7294,0
89.7348,9
89.7349,5
89.7407,0
89.7461,7
89.7461,5
89.7571,4
89.7626,0
89.768,11
89.7684,9
89.7741,5
89.7796,0
89.7905,7
89.7906,0
89.796,7
89.7963,1
89.8079,0
89.8243,13
89.8244,5
89.8299,4
89.8353,2
89.8408,1
89.8465,0
89.8574,14
89.8629,5
89.8686,3
89.8688,2
89.8746,0
89.8747,28
89.8912,19
89.8967,5
89.8968,0
89.8969,4
89.8975,1
89.9029,0
89.9083,10
89.9087,9
89.9252,5
89.9252,0
89.9361,15
89.9362,0
89.9416,15
89.9417,13
89.953,12
89.9585,6
89.9639,5
89.964,0
89.9694,2
89.9695,0
89.9749,10
89.9753,0
89.9755,10
89.9756,0
89.981,6
89.9811,5
89.9815,4
89.987,3
90.0094,0
90.0203,1
90.0203,0
90.0257,10
90.0258,8
90.0313,5
90.0313,3
90.0367,2
90.0422,0
90.0476,9
90.048,5
90.0534,0
90.0589,3
90.0646,2
90.07,1
90.0758,0
90.0812,12
90.0813,0
90.0867,14
90.0869,5
90.098,4
90.1037,3
90.1092,0
90.1201,9
90.1311,5
90.1311,0
90.1312,3
90.1313,0
90.1369,11
90.1372,10
90.1427,6
90.1427,0
90.1481,6
90.1482,1
90.1485,0
90.1539,9
90.154,0
90.1595,4
90.1595,3
90.1597,0
90.1651,7
90.1652,5
90.1707,1
90.1766,0
90.1875,10
90.1988,8
90.2046,6
90.21,5
90.2101,0
90.2155,9
90.2209,8
90.2211,6
90.2377,5
90.2379,4
90.2434,3
90.2488,1
90.2546,0
90.2547,7
90.26,6
90.2655,5
90.2655,2
90.2712,0
90.2767,8
90.2825,4
90.2827,0
90.2829,20
90.2882,14
90.3049,11
90.3051,10
90.3109,0
90.3111,25
90.3165,9
90.3167,5
90.3169,2
90.3223,0
90.3279,13
90.328,9
90.3282,8
90.3336,7
90.3391,6
90.3446,5
90.3446,4
90.3501,0
90.3612,5
90.3615,1
90.367,0
90.3724,15
90.3726,0
90.378,9
90.3781,4
90.3838,0
90.3892,2
90.3893,0
90.3947,11
90.3948,7
90.4057,5
90.4057,3
90.4063,0
90.4172,9
90.4173,0
90.4227,14
90.4228,12
90.423,9
90.4396,5
90.4396,0
90.445,4
90.4451,0
90.4505,8
90.4505,7
90.4563,6
90.4565,4
90.4674,0
90.473,8
90.473,3
90.4845,2
90.4899,1
90.4901,0
90.5013,6
90.5127,5
90.5182,0
90.5183,14
90.5187,13
90.5241,12
90.5296,11
90.5351,8
90.5405,5
90.5406,1
90.5408,0
90.5462,15
90.5462,14
90.5517,13
90.5571,9
90.5629,2
90.5684,1
90.5738,0
90.5792,2
90.5793,0
90.5848,9
90.5849,7
90.5907,0
90.5963,11
90.6078,7
90.608,4
90.614,0
90.6249,10
90.6249,7
90.6304,5
90.6305,0
90.6359,7
90.6359,5
90.6414,3
90.6469,0
90.6523,8
90.6524,0
90.6578,10
90.6579,0
90.6633,14
90.6637,13
90.6639,10
90.6693,6
90.6748,5
90.6748,4
90.6802,3
90.686,2
90.6917,0
90.6971,10
90.7086,8
90.7143,7
90.7145,1
90.72,0
90.7254,13
90.7255,8
90.7313,6
90.7367,5
90.7368,0
90.7422,5
90.7423,0
90.7477,9
90.7478,1
90.7532,0
90.7586,15
90.7587,11
90.7642,10
90.7699,9
90.7701,5
90.7756,1
90.7813,0
90.7867,6
90.7867,4
90.7869,1
90.7927,0
90.7981,3
90.7982,0
90.8036,12
90.8037,0
90.8091,8
90.8092,0
90.8146,4
90.8147,0
90.8203,2
90.8204,0
90.8258,13
90.8262,6
90.8264,5
90.8321,1
90.8376,0
90.8379,4
90.838,1
90.8489,0
90.8597,12
90.86,10
90.8602,8
90.866,7
90.8714,6
90.8715,0
90.8769,1
90.8771,0
90.8825,10
90.8829,5
90.8831,2
90.8885,1
90.8887,0
90.8941,12
90.8945,10
90.8946,9
90.9004,5
90.9059,3
90.9113,0
90.9167,11
90.9168,6
90.9226,0
90.928,9
90.9281,8
90.939,5
90.939,0
90.9444,14
90.9448,0
90.9503,3
90.9503,0
90.9557,12
90.9559,1
90.9613,0
90.9667,10
90.9669,0
90.9723,15
90.9726,14
90.9781,13
90.9782,11
90.9785,0
90.9839,12
90.9842,9
90.9844,8
90.9898,6
90.9953,5
90.9956,4
91.001,3
91.007,0
91.0179,15
91.018,0
91.0234,14
91.0236,5
91.0348,0
91.0402,10
91.0403,0
91.0457,10
91.0458,4
91.0513,2
91.0515,0
91.0569,8
91.057,0
91.0624,3
91.0627,2
91.0739,0
91.0848,3
91.1348,0
91.1404,9
91.1405,7
91.1459,5
91.1459,4
91.1517,0
91.1571,9
91.1572,8
91.1574,6
91.1629,5
91.1629,0
91.1683,1
91.1684,0
91.1738,13
91.1739,0
91.1848,5
91.1849,0
91.1903,3
91.1904,0
91.1958,8
91.1961,7
91.2018,5
91.2133,2
91.2354,0
91.2409,9
91.241,0
91.2464,3
91.2467,1
91.2521,0
91.2576,2
91.2578,0
91.2581,9
91.2582,6
91.2584,3
91.2638,2
91.2692,0
91.2914,8
91.2914,3
91.2969,0
91.3023,11
91.3081,9
91.3083,7
91.3084,6
91.3086,5
91.3144,4
91.3478,0
91.3587,1
91.359,0
91.3644,12
91.3699,11
91.3754,8
91.3811,7
91.3866,5
91.3866,3
91.392,1
91.3922,0
91.3926,11
91.3979,0
91.398,4
91.3984,2
91.4038,1
91.426,0
91.4314,1
91.4318,0
91.4373,3
91.4374,0
91.4539,1
91.4539,0
91.4648,5
91.4649,0
91.4703,8
91.4705,4
91.4759,2
91.4817,0
91.498,8
91.5035,5
91.5035,4
91.5092,3
91.5152,1
91.5375,0
91.5429,15
91.543,0
91.5485,9
91.5486,0
91.554,12
91.5541,0
91.5595,4
91.5596,0
91.565,4
91.5651,0
91.5705,12
91.5707,0
91.5761,3
91.5762,0
91.5816,8
91.5817,1
91.593,0
91.5984,3
91.5984,0
91.6039,5
91.6039,0
91.6093,8
91.6094,7
91.6151,5
91.6209,4
91.6266,3
91.6435,2
91.649,0
91.6544,10
91.6545,0
91.6653,14
91.6655,0
91.6709,7
91.671,6
91.6712,3
91.6766,0
91.682,2
91.6821,1
91.6878,0
91.699,11
91.6991,0
91.7045,10
91.7046,0
91.7101,9
91.7161,6
91.7219,3
91.7329,0
91.744,5
91.7441,3
91.7495,0
91.755,5
91.755,0
91.7604,15
91.7605,14
91.766,12
91.7662,5
91.7717,0
91.7771,8
91.7771,7
91.7826,5
91.7826,3
91.7884,0
91.7938,8
91.7939,0
91.827,2
91.827,0
91.8325,11
91.833,9
91.8444,7
91.8498,0
91.8552,4
91.8553,2
91.8555,1
91.8612,0
91.8666,14
91.8667,12
91.8668,11
91.8723,10
91.8777,9
91.8832,6
91.8887,5
91.9003,0
91.9058,1
91.9058,0
91.9112,13
91.9114,0
91.9168,8
91.9281,6
91.9335,5
91.9446,3
91.9503,1
91.967,0
91.9778,13
91.978,0
91.9888,1
91.9889,0
92,5
92.0001,2
92.0056,0
92.011,9
92.011,8
92.0115,5
92.0172,0
92.0226,12
92.0338,8
92.0393,5
92.0393,0
92.0448,9
92.0449,0
92.0451,13
92.0451,12
92.0457,4
92.0566,0
92.062,11
92.0624,0
92.0678,3
92.0679,0
92.0733,11
92.0734,2
92.0789,0
92.1065,2
92.1065,1
92.1123,0
92.1177,9
92.1292,1
92.1403,0
92.1459,8
92.1465,6
92.152,5
92.152,0
92.1574,5
92.1575,4
92.163,0
92.1684,6
92.1738,5
92.1739,0
92.1793,15
92.1795,0
92.1849,6
92.185,0
92.1904,12
92.1904,11
92.1906,9
92.1961,5
92.2073,0
92.2182,7
92.2182,6
92.2237,5
92.2237,0
92.2291,11
92.2296,0
92.235,7
92.2351,0
92.2405,9
92.2462,8
92.252,6
92.2521,4
92.2576,3
92.2578,0
92.2632,8
92.2636,0
92.2968,6
92.3025,3
92.3079,2
92.3134,0
92.3135,6
92.3136,3
92.3191,2
92.3194,0
92.3302,5
92.3306,2
92.3363,1
92.3417,0
92.3472,1
92.3472,0
92.3696,6
92.3697,5
92.3752,2
92.3806,0
92.386,8
92.3861,7
92.3915,5
92.3916,3
92.397,1
92.4025,0
92.4079,10
92.4082,8
92.4192,7
92.4249,6
92.4306,3
92.4361,1
92.4416,0
92.447,3
92.4583,0
92.4697,1
92.4698,0
92.4752,8
92.4754,7
92.4808,6
92.4863,5
92.4918,3
92.4972,1
92.5027,0
92.5082,15
92.5083,0
92.5137,13
92.5196,5
92.525,3
92.5253,2
92.5308,0
92.5362,11
92.5366,7
92.542,5
92.5421,0
92.5475,12
92.5476,6
92.5479,4
92.559,3
92.5645,2
92.5699,1
92.5754,0
92.5808,6
92.5809,3
92.5863,0
92.5917,9
92.5919,0
92.5973,15
92.5975,0
92.6029,4
92.6029,0
92.6083,10
92.6087,8
92.6089,6
92.6143,5
92.6144,2
92.6198,1
92.62,0
92.6254,10
92.6255,0
92.6309,12
92.6311,0
92.6365,1
92.6371,0
92.6483,9
92.6484,2
92.6538,0
92.6592,2
92.6593,0
92.6647,6
92.665,4
92.6705,0
92.6761,5
92.6762,0
92.6926,4
92.6926,0
92.6981,6
92.6983,5
92.6985,2
92.6987,0
92.7096,7
92.7099,6
92.7154,5
92.7154,3
92.7377,2
92.7431,1
92.7489,0
92.7544,2
92.7603,0
92.772,5
92.7721,3
92.7723,0
92.7779,8
92.778,5
92.7782,3
92.7836,0
92.7945,12
92.7947,9
92.8002,6
92.8056,5
92.8056,2
92.8114,0
92.8168,13
92.8168,12
92.8223,9
92.8278,7
92.8332,0
92.8386,5
92.839,1
92.8445,0
92.8499,2
92.8503,0
92.8557,13
92.8558,8
92.856,3
92.8674,0
92.8729,13
92.8732,9
92.8787,7
92.8842,6
92.8896,5
92.8896,3
92.8951,0
92.906,7
92.906,2
92.9115,0
92.9169,6
92.917,0
92.9224,12
92.9228,9
92.9282,5
92.9283,3
92.9392,2
92.945,0
92.9505,13
92.9782,11
92.9784,6
92.9844,4
92.9899,2
92.9954,1
92.9955,0
92.9957,1
92.9957,0
93.0011,8
93.0013,0
93.0067,14
93.0068,0
93.0122,3
93.0123,0
93.0178,14
93.018,13
93.0182,10
93.0237,8
93.0291,6
93.0349,5
93.0403,0
93.0459,6
93.0516,0
93.057,9
93.0572,0
93.0626,3
93.0626,0
93.068,9
93.0681,6
93.0683,3
93.0741,0
93.0795,4
93.0796,0
93.085,14
93.0851,7
93.1019,5
93.1074,3
93.1128,1
93.1186,0
93.1294,8
93.1295,7
93.1297,3
93.1299,2
93.1353,0
93.1407,1
93.1408,0
93.1462,14
93.1468,12
93.1523,11
93.158,9
93.1745,0
93.1857,11
93.1857,10
93.1859,9
93.1914,8
93.2026,6
93.2081,5
93.2081,0
93.2135,4
93.2136,0
93.219,7
93.2359,6
93.2469,5
93.2469,4
93.264,3
93.2694,0
93.2748,15
93.2749,13
93.2806,12
93.2861,9
93.2915,8
93.2973,6
93.3028,5
93.3028,4
93.3082,0
93.3136,1
93.3137,0
93.3192,15
93.3416,7
93.3418,5
93.3473,4
93.3533,2
93.359,0
93.3592,11
93.3592,8
93.3594,6
93.3649,5
93.3649,2
93.3761,0
93.3815,9
93.3816,3
93.3926,0
93.3981,5
93.3981,1
93.4036,0
93.4147,4
93.4148,1
93.4202,0
93.4256,7
93.426,5
93.4369,2
93.4371,1
93.4425,0
93.4479,12
93.448,10
93.4537,9
93.4592,8
93.4646,6
93.4704,3
93.5039,0
93.5093,5
93.5094,3
93.5148,0
93.5203,6
93.5257,5
93.5258,3
93.526,0
93.5261,14
93.5317,13
93.5372,12
93.5427,5
93.5427,0
93.5482,9
93.5483,6
93.5487,4
93.5488,3
93.5543,2
93.5545,1
93.5602,0
93.5603,8
93.5605,0
93.5659,11
93.5663,2
93.5717,0
93.5772,7
93.5772,6
93.5829,5
93.5994,0
93.6103,7
93.6104,0
93.6158,9
93.6158,8
93.6161,7
93.627,5
93.6328,2
93.6382,1
93.6437,0
93.6491,14
93.6492,8
93.6547,5
93.6604,3
93.6661,2
93.6716,0
93.677,15
93.6771,14
93.6828,13
93.6883,5
93.6884,0
93.6938,8
93.6939,0
93.6993,2
93.6993,0
93.7157,4
93.7158,0
93.7212,11
93.7214,0
93.7268,1
93.7271,0
93.7382,15
93.7384,0
93.7438,2
93.7438,0
93.755,1
93.755,0
93.7605,5
93.7662,0
93.7776,7
93.7777,6
93.7831,5
93.7831,4
93.7891,0
93.7945,8
93.7947,0
93.8001,1
93.8001,0
93.8055,7
93.8056,0
93.811,11
93.8111,9
93.8113,5
93.8168,4
93.8277,0
93.8385,1
93.8389,0
93.8497,1
93.8498,0
93.8552,11
93.8554,5
93.8667,0
93.8834,3
93.8834,0
93.8889,7
93.8892,6
93.8946,5
93.9001,3
93.9058,1
93.9168,0
93.9222,4
93.9223,0
93.9277,6
93.9278,0
93.9332,7
93.9333,0
93.9387,9
93.9388,4
93.9391,0
93.9446,14
93.9447,0
93.9501,1
93.9502,0
93.9665,4
93.9668,0
93.9783,12
93.9784,6
93.9838,5
93.9838,4
94.0006,2
94.0061,0
94.0115,11
94.0115,9
94.0224,5
94.0225,1
94.0279,0
94.0333,5
94.0334,4
94.0336,1
94.0338,0
94.0392,1
94.0392,0
94.0446,10
94.045,3
94.0505,2
94.056,0
94.0614,1
94.0614,0
94.0668,6
94.0669,2
94.0676,0
94.073,15
94.0731,14
94.0788,13
94.079,11
94.0847,8
94.0906,5
94.0908,0
94.102,9
94.1021,4
94.1075,2
94.113,0
94.1238,8
94.1239,6
94.1293,5
94.1294,4
94.1348,0
94.1402,9
94.1403,7
94.146,6
94.1462,3
94.1517,2
94.1571,0
94.1683,6
94.1684,0
94.1738,12
94.1742,7
94.1799,6
94.1853,5
94.1854,2
94.1908,0
94.1962,5
94.1965,3
94.202,0
94.2074,4
94.2075,0
94.2131,1
94.2131,0
94.2185,1
94.2186,0
94.224,14
94.2242,0
94.2296,7
94.2297,2
94.2299,0
94.2408,2
94.28,1
94.2802,0
94.2913,11
94.2914,5
94.2969,0
94.3023,13
94.3025,0
94.3079,7
94.3082,6
94.3137,5
94.3137,4
94.3191,1
94.3246,0
94.33,12
94.33,11
94.3355,7
94.341,6
94.3688,5
94.3751,3
94.3805,2
94.397,0
94.4024,1
94.4028,0
94.4082,4
94.4085,3
94.414,0
94.4194,11
94.4195,5
94.4304,1
94.4359,0
94.4413,14
94.4413,13
94.4415,10
94.4471,9
94.4529,8
94.453,7
94.4585,5
94.464,3
94.4641,1
94.4696,0
94.4805,12
94.4808,10
94.4866,0
94.4975,5
94.4976,0
94.5087,14
94.5088,11
94.5252,8
94.5307,6
94.5361,5
94.5362,1
94.5416,0
94.5691,4
94.5692,0
94.5746,10
94.5747,0
94.5801,2
94.5805,0
94.5859,2
94.586,0
94.5914,1
94.592,0
94.5976,14
94.5977,0
94.6031,3
94.6032,1
94.6092,0
94.6146,2
94.6147,0
94.6255,5
94.6256,0
94.6419,13
94.6421,0
94.6475,4
94.6476,0
94.653,15
94.6531,12
94.6812,11
94.6872,9
94.6983,6
94.6984,4
94.7039,0
94.7093,3
94.7097,1
94.7486,0
94.7541,10
94.7542,0
94.7596,10
94.7599,9
94.7654,5
94.7654,0
94.7818,12
94.7819,6
94.7877,0
94.7933,15
94.799,13
94.8044,11
94.8102,8
94.8156,7
94.8211,6
94.8265,5
94.8266,4
94.827,2
94.8325,0
94.8326,9
94.8327,7
94.8546,5
94.8547,0
94.8602,6
94.8659,0
94.866,15
94.8661,13
94.8716,9
94.8771,5
94.8771,0
94.8825,6
94.8826,4
94.9103,0
94.9157,13
94.9159,0
94.9213,4
94.9214,0
94.9268,13
94.9273,11
94.9328,9
94.9383,6
94.9437,5
94.9438,0
94.9657,10
94.9661,5
94.9773,4
94.9827,3
94.9882,0
94.9993,10
94.9998,9
95.0053,6
95.0107,5
95.0108,0
95.022,3
95.0221,0
95.0275,13
95.033,12
95.0385,5
95.044,4
95.0494,0
95.0548,8
95.0549,2
95.0604,0
95.0658,9
95.0661,8
95.0716,5
95.0717,0
95.0771,4
95.0771,2
95.0829,1
95.094,0
95.0998,8
95.1055,7
95.111,5
95.111,4
95.1112,2
95.117,0
95.1278,2
95.1281,0
95.1335,3
95.1336,0
95.1444,9
95.1445,7
95.1447,6
95.1501,5
95.1502,0
95.1556,12
95.1557,6
95.1559,4
95.1614,0
95.1668,4
95.1671,3
95.178,2
95.1892,0
95.1949,5
95.2006,0
95.2007,9
95.2011,2
95.2176,0
95.223,4
95.223,0
95.2285,2
95.2285,0
95.2339,15
95.2341,0
95.2395,14
95.2397,0
95.2451,12
95.2456,11
95.2511,10
95.2566,5
95.2566,3
95.2621,2
95.2675,1
95.273,0
95.2784,7
95.2787,3
95.2789,2
95.2844,0
95.2898,10
95.2899,6
95.2953,5
95.2954,0
95.3008,2
95.3011,1
95.3013,0
95.3068,11
95.3073,10
95.3127,8
95.313,0
95.3186,6
95.3187,0
95.3241,9
95.3247,8
95.3249,4
95.3303,0
95.3358,1
95.3358,0
95.3412,3
95.3413,0
95.3469,12
95.3469,10
95.3524,6
95.3579,5
95.3579,4
95.3581,0
95.3635,9
95.3637,8
95.3692,5
95.3692,3
95.3749,2
95.3804,1
95.3805,0
95.386,8
95.3861,0
95.3915,3
95.3916,0
95.397,12
95.397,8
95.4028,7
95.4085,3
95.414,0
95.4195,9
95.4252,0
95.4308,7
95.4309,5
95.4311,0
95.442,8
95.4423,6
95.4532,5
95.4534,0
95.4643,15
95.4645,0
95.4699,8
95.47,3
95.4757,0
95.4811,3
95.4812,0
95.4866,9
95.4868,7
95.4923,5
95.4923,1
95.4977,0
95.5031,3
95.5035,0
95.5089,8
95.509,6
95.5092,3
95.5149,0
95.5258,13
95.5259,0
95.5313,10
95.5319,7
95.5376,5
95.5431,3
95.5485,1
95.5595,0
95.5649,4
95.565,3
95.5652,2
95.5706,0
95.576,12
95.5762,0
95.5816,4
95.582,0
95.5874,9
95.5874,8
95.5929,0
95.5983,13
95.5984,6
95.5986,4
95.5988,0
95.6042,3
95.6046,0
95.61,11
95.61,10
95.616,9
95.6215,8
95.627,6
95.6327,0
95.6381,13
95.6383,0
95.6437,15
95.6439,0
95.6493,11
95.6494,8
95.6603,5
95.6603,4
95.6659,2
95.6714,1
95.6768,0
95.6823,15
95.6826,13
95.6881,8
95.7045,5
95.7045,2
95.7103,0
95.7215,6
95.7216,5
95.7218,2
95.7275,0
95.7334,11
95.7335,9
95.7389,7
95.7444,5
95.7444,4
95.7499,3
95.7553,1
95.7555,0
95.7609,13
95.761,12
95.7612,6
95.7721,5
95.7776,3
95.7833,2
95.7888,0
95.7942,10
95.7943,0
95.7997,5
95.7998,0
95.8052,15
95.8053,13
95.8113,3
95.8115,0
95.8227,2
95.8227,0
95.8283,9
95.8284,0
95.8338,2
95.8344,1
95.8399,0
95.8508,4
95.8508,0
95.8562,6
95.8563,3
95.8618,1
95.862,0
95.8674,2
95.8674,0
95.873,12
95.8732,0
95.8786,15
95.8788,0
95.8842,2
95.8845,0
95.8899,14
95.89,9
95.8955,5
95.9012,4
95.9124,3
95.9182,0
95.9622,2
95.9625,1
95.968,0
95.9788,7
95.9789,2
95.9844,0
95.9898,10
95.9903,0
95.9907,10
95.9907,9
95.9962,8
96.0019,5
96.0075,1
96.0133,0
96.0241,5
96.0354,4
96.0412,0
96.0466,12
96.0469,10
96.0524,9
96.0578,8
96.0633,5
96.0633,4
96.0687,3
96.0742,2
96.0796,0
96.0905,1
96.0908,0
96.0962,10
96.0964,0
96.1072,5
96.1073,2
96.113,1
96.1185,0
96.1242,8
96.1245,3
96.1247,2
96.1249,0
96.1303,2
96.1414,0
96.1526,5
96.1583,4
96.1638,0
96.1694,13
96.1747,7
96.1802,5
96.1802,3
96.1804,2
96.1859,0
96.1913,11
96.1916,10
96.1971,7
96.2026,6
96.208,5
96.2081,0
96.2189,11
96.2193,9
96.2527,8
96.2582,5
96.2637,0
96.2691,5
96.2691,4
96.2746,3
96.2856,1
96.291,0
96.3022,13
96.3024,0
96.3025,2
96.3026,0
96.3082,6
96.3085,4
96.314,3
96.3194,1
96.3417,0
96.3471,5
96.3472,0
96.3638,13
96.364,0
96.3694,15
96.3695,11
96.3749,9
96.3804,8
96.3858,5
96.3913,4
96.397,3
96.4025,2
96.4079,0
96.4134,13
96.414,12
96.4194,10
96.4252,9
96.4361,8
96.4419,0
96.4473,7
96.4474,0
96.4528,15
96.4534,13
96.4588,10
96.4643,6
96.4644,4
96.4646,0
96.47,7
96.47,6
96.4755,0
96.4809,7
96.4809,4
96.4812,0
96.4866,11
96.492,10
96.4978,9
96.5089,7
96.5144,5
96.5145,0
96.5199,10
96.52,0
96.5254,11
96.526,10
96.5484,9
96.5486,2
96.5544,1
96.5598,0
96.5652,14
96.5653,13
96.5708,10
96.5762,5
96.5762,4
96.5817,3
96.5819,1
96.5873,0
96.5982,5
96.5983,2
96.604,0
96.6096,7
96.6097,0
96.6206,8
96.6206,6
96.6208,5
96.621,4
96.6212,3
96.6266,0
96.632,9
96.6324,0
96.6378,11
96.6379,10
96.6383,7
96.6493,5
96.6493,4
96.655,1
96.6605,0
96.6659,11
96.666,8
96.6773,0
96.6827,5
96.6828,1
96.6882,0
96.7046,3
96.7048,0
96.705,12
96.705,9
96.7215,5
96.7216,0
96.727,1
96.7272,0
96.7326,7
96.733,5
96.7552,0
96.7608,5
96.7609,0
96.7663,13
96.7664,7
96.7997,5
96.8055,0
96.8166,12
96.8167,0
96.8221,8
96.8222,7
96.8279,5
96.8282,0
96.8336,7
96.8339,0
96.8505,1
96.8505,0
96.856,2
96.856,0
96.8614,4
96.8618,0
96.8672,6
96.8672,5
96.8675,0
96.8784,14
96.8838,12
96.8843,11
96.8898,6
96.89,5
96.8954,3
96.9064,0
96.9066,8
96.9066,7
96.9069,4
96.9124,0
96.9178,13
96.9179,8
96.9234,5
96.9289,0
96.9397,12
96.9402,0
96.9516,9
96.9516,6
96.9574,5
96.9631,2
96.9686,1
96.9688,0
96.9742,13
96.9744,9
96.9799,8
96.9853,6
97.0017,5
97.0072,0
97.0126,6
97.013,0
97.0184,4
97.0184,3
97.0294,0
97.0349,10
97.035,0
97.0404,12
97.0407,9
97.0409,8
97.0467,7
97.0521,5
97.0521,2
97.0576,0
97.0685,9
97.0685,6
97.0795,5
97.0795,0
97.0849,14
97.0855,11
97.0857,10
97.0911,9
97.0966,6
97.1468,0
97.1523,11
97.1524,0
97.1578,2
97.1579,0
97.1633,4
97.1633,1
97.1691,0
97.1805,9
97.1809,5
97.1863,1
97.1918,0
97.2029,10
97.2029,9
97.2142,7
97.2197,5
97.2197,4
97.2309,2
97.2364,0
97.2418,12
97.2421,8
97.2476,6
97.2588,5
97.2645,0
97.27,15
97.2701,0
97.2868,15
97.287,14
97.2925,13
97.2979,8
97.3034,5
97.3034,0
97.3088,10
97.3089,3
97.3257,2
97.3311,0
97.3365,2
97.3366,0
97.342,14
97.3421,13
97.3533,11
97.3588,5
97.3588,0
97.3642,3
97.3643,2
97.3921,0
97.3976,15
97.3978,8
97.398,7
97.3982,6
97.3984,5
97.3986,4
97.404,0
97.4042,1
97.4042,0
97.4151,2
97.4151,0
97.4207,13
97.4211,12
97.4265,11
97.4376,10
97.4431,8
97.4489,3
97.4491,2
97.4548,0
97.4602,10
97.4657,9
97.4659,5
97.4717,3
97.4771,2
97.4826,0
97.488,10
97.4935,5
97.4935,3
97.4989,2
97.5044,1
97.5098,0
97.51,14
97.51,13
97.5155,12
97.5267,10
97.5322,6
97.538,5
97.5434,3
97.5436,0
97.5438,13
97.5493,11
97.5548,10
97.6049,8
97.6051,0
97.6053,9
97.6106,5
97.6161,0
97.6162,13
97.6163,9
97.6166,1
97.6279,0
97.6333,1
97.6334,0
97.6335,10
97.6339,7
97.6393,5
97.6393,4
97.6395,2
97.645,0
97.6505,7
97.6562,6
97.662,4
97.6674,0
97.673,7
97.6731,0
97.6785,3
97.6786,0
97.6787,9
97.6793,7
97.6847,5
97.6848,3
97.6902,2
97.6956,0
97.701,9
97.7012,0
97.7066,12
97.7067,0
97.7121,11
97.7122,9
97.7124,7
97.7178,6
97.7233,5
97.7233,2
97.729,0
97.7345,2
97.7345,0
97.7399,2
97.74,1
97.7457,0
97.7565,12
97.7569,0
97.7624,13
97.7625,0
97.7794,7
97.7799,6
97.7801,4
97.7802,2
97.7857,0
97.7858,4
97.7859,3
97.7914,0
97.8076,15
97.8078,6
97.8134,5
97.8135,0
97.8243,5
97.8244,0
97.8298,7
97.8411,5
97.8411,4
97.8466,2
97.852,0
97.8574,12
97.8578,11
97.8856,10
97.8913,9
97.8968,7
97.9022,5
97.9022,2
97.9077,1
97.9131,0
97.9185,4
97.9186,0
97.9297,3
97.9413,0
97.9467,7
97.9469,0
97.9523,15
97.9524,8
97.9526,3
97.9642,0
97.9696,2
97.9696,0
97.975,9
97.9751,3
97.9809,0
97.9863,8
97.9869,2
97.9924,0
97.998,9
98.0035,6
98.0035,2
98.0037,0
98.0039,10
98.0092,9
98.0146,6
98.0148,3
98.0203,0
98.0257,7
98.0258,6
98.0312,5
98.0312,2
98.0314,0
98.0536,4
98.0539,0
98.0647,14
98.0651,5
98.0654,4
98.0712,1
98.0713,0
98.0822,7
98.0823,2
98.088,1
98.0937,0
98.0993,6
98.0994,0
98.1048,14
98.105,0
98.1104,13
98.1105,0
98.1159,1
98.116,0
98.1214,12
98.1215,8
98.1269,5
98.127,0
98.1324,8
98.1325,0
98.1434,9
98.1437,5
98.1492,2
98.1494,0
98.155,10
98.1553,5
98.1555,1
98.161,0
98.1664,9
98.1668,2
98.1723,0
98.1831,1
98.1831,0
98.1885,14
98.1891,10
98.1946,8
98.2,5
98.2001,1
98.2055,0
98.2109,1
98.211,0
98.2184,9
98.2185,3
98.2187,0
98.2242,10
98.2296,8
98.2351,5
98.2351,2
98.2353,1
98.241,0
98.2411,1
98.2412,0
98.2466,2
98.2467,0
98.2521,4
98.2522,0
98.2576,5
98.2577,0
98.2631,11
98.2632,3
98.2634,0
98.28,8
98.2804,0
98.2858,10
98.2858,9
98.2919,7
98.2973,5
98.2974,0
98.303,6
98.303,4
98.3142,1
98.3197,0
98.3251,5
98.3252,0
98.3306,4
98.3307,0
98.3361,3
98.3362,0
98.3416,1
98.3419,0
98.3583,7
98.3584,2
98.3917,0
98.3971,4
98.3972,0
98.4026,5
98.4027,0
98.4081,2
98.4083,1
98.4085,0
98.4141,13
98.4142,11
98.4196,10
98.4198,9
98.4198,7
98.4253,5
98.4308,1
98.4417,0
98.4471,2
98.4475,0
98.4529,13
98.453,9
98.4584,8
98.4639,5
98.4639,0
98.4693,10
98.4694,7
98.4754,6
98.4811,5
98.4866,4
98.492,1
98.498,0
98.5035,15
98.5036,4
98.509,0
98.5199,3
98.52,0
98.5254,8
98.5255,0
98.5309,13
98.531,0
98.5365,5
98.5365,0
98.542,4
98.542,0
98.5533,5
98.5699,0
98.5754,7
98.5759,5
98.5766,0
98.5767,2
98.5768,0
98.5822,10
98.5822,8
98.588,5
98.5991,0
98.6157,6
98.6158,0
98.6267,5
98.6268,0
98.6376,4
98.6432,0
98.6486,6
98.6544,2
98.6546,0
98.6655,8
98.6657,0
98.6659,2
98.6659,0
98.6714,14
98.6715,0
98.6769,5
98.6773,3
98.6775,2
98.6832,0
98.6886,4
98.6942,2
98.6944,1
98.7001,0
98.7055,5
98.7056,2
98.7221,0
98.7276,1
98.7277,0
98.7278,9
98.7279,7
98.7333,5
98.7334,4
98.7388,0
98.7496,7
98.7497,2
98.7555,0
98.7609,11
98.7609,10
98.7782,6
98.7784,5
98.7839,0
98.7893,6
98.7894,0
98.8003,10
98.8004,0
98.8058,8
98.8064,7
98.8118,5
98.812,3
98.8175,1
98.8229,0
98.8283,13
98.8284,9
98.8286,5
98.8341,0
98.8395,5
98.8395,2
98.845,0
98.8504,1
98.8505,0
98.8559,9
98.8562,8
98.8617,5
98.8617,0
98.8671,7
98.8672,6
98.8726,5
98.8783,4
98.8841,3
98.8843,0
98.8954,13
98.8954,12
98.9009,8
98.907,6
98.9124,5
98.9125,0
98.9179,14
98.918,12
98.9235,5
98.9235,0
98.9289,14
98.9291,10
98.9346,7
98.9401,5
98.9401,3
98.9455,2
98.951,0
98.9619,12
98.962,0
98.9674,1
98.9678,0
98.9732,4
98.9732,2
99.012,0
99.0175,8
99.0178,5
99.0235,3
99.0289,2
99.0344,0
99.0398,1
99.0399,0
99.0453,15
99.0454,8
99.0508,5
99.051,0
99.0564,6
99.0565,5
99.0567,2
99.0621,1
99.0626,0
99.068,3
99.0681,0
99.0735,10
99.079,5
99.0792,1
99.0794,0
99.0795,1
99.0848,0
99.0962,7
99.0963,5
99.1017,3
99.124,0
99.1348,2
99.1349,0
99.1404,9
99.1409,6
99.1463,5
99.1463,4
99.1465,2
99.1574,0
99.1576,14
99.1577,11
99.1635,1
99.1745,0
99.1799,13
99.18,0
99.1854,12
99.1855,8
99.1913,4
99.197,3
99.2024,2
99.2082,0
99.2193,15
99.2194,7
99.2249,5
99.2249,4
99.2304,0
99.2358,5
99.2359,2
99.2413,0
99.2467,8
99.2468,6
99.2522,5
99.2577,2
99.2635,0
99.2689,2
99.2912,0
99.2913,14
99.2914,12
99.2971,5
99.3026,4
99.3081,0
99.3135,6
99.3135,4
99.319,0
99.3244,10
99.3248,5
99.3358,4
99.3413,0
99.3467,1
99.3468,0
99.3522,12
99.3522,8
99.3577,5
99.3579,3
99.3581,0
99.3635,4
99.3636,0
99.369,7
99.3696,6
99.375,5
99.3805,0
99.3859,3
99.386,0
99.3914,8
99.3915,0
99.3969,13
99.3973,7
99.4363,0
99.4419,5
99.4419,4
99.4479,3
99.4533,0
99.4588,2
99.4588,0
99.4698,7
99.47,0
99.4754,10
99.4757,8
99.4812,5
99.4869,4
99.4924,2
99.4925,1
99.498,0
99.5037,5
99.5041,0
99.5096,13
99.5096,11
99.5098,8
99.5266,0
99.5267,3
99.5268,1
99.5269,0
99.5324,11
99.5381,7
99.5436,6
99.5436,5
99.5438,0
99.5494,7
99.5494,6
99.5551,0
99.5605,7
99.5605,5
99.5607,3
99.5662,0
99.5716,15
99.5718,0
99.5772,1
99.5775,0
99.5829,5
99.583,3
99.5885,0
99.6051,14
99.6056,11
99.6113,10
99.6168,8
99.617,6
99.623,4
99.6284,2
99.6339,0
99.6393,2
99.6394,1
99.6448,0
99.6502,14
99.6558,0
99.6612,3
99.6613,0
99.6667,10
99.6668,0
99.6722,14
99.6726,6
99.6781,5
99.6781,1
99.7062,0
99.7116,9
99.7119,6
99.7177,0
99.7231,15
99.7232,7
99.7343,6
99.7397,5
99.7397,4
99.7452,2
99.7509,0
99.7563,1
99.7564,0
99.7618,7
99.7619,1
99.773,0
99.7784,14
99.7788,13
99.7843,5
99.7843,0
99.7897,3
99.7901,2
99.7955,0
99.801,13
99.8067,11
99.807,1
99.8124,0
99.8126,11
99.8346,6
99.84,5
99.8402,4
99.8457,0
99.8458,2
99.8459,0
99.8568,11
99.8677,10
99.8732,5
99.8732,1
99.8734,0
99.8736,2
99.8736,0
99.8848,13
99.8903,8
99.896,5
99.8962,4
99.9016,3
99.9074,0
99.9075,2
99.9128,0
99.9129,13
99.9133,10
99.9187,8
99.9242,5
99.9243,0
99.9351,12
99.9352,7
99.9463,6
99.9518,5
99.9573,3
99.9627,0
99.9681,3
99.9682,0
99.9791,13
99.9792,0
99.9846,12
99.985,11
99.9904,5
99.9905,4
99.9962,0
100.013,11
100.013,0
100.018,14
100.019,0
100.024,6
100.024,5
100.03,4
100.03,0
100.046,5
100.046,0
100.052,9
100.052,0
100.057,4
100.057,3
100.068,2
100.069,0
100.079,12
100.079,11
100.085,9
100.091,8
100.096,5
100.096,4
100.102,0
100.113,7
100.113,0
100.119,1
100.119,0
100.124,7
100.124,0
100.135,8
100.136,7
100.141,4
100.147,0
100.157,13
100.157,10
100.158,9
100.163,7
100.169,5
100.169,2
100.174,1
100.179,0
100.185,6
100.185,1
100.191,0
100.196,4
100.196,2
100.202,0
100.207,10
100.207,0
100.213,12
100.213,10
100.218,9
100.219,6
100.224,3
100.23,0
100.241,14
100.241,13
100.242,11
100.247,10
100.264,9
100.275,7
100.28,5
100.28,0
100.286,4
100.286,2
100.303,0
100.314,10
100.314,0
100.319,15
100.32,0
100.325,13
100.325,11
100.331,8
100.347,7
100.381,5
100.386,1
100.403,0
100.414,10
100.414,3
100.42,1
100.426,0
100.431,7
100.431,3
100.436,0
100.442,8
100.442,6
100.448,5
100.448,2
100.448,0
100.453,13
100.454,11
100.454,9
100.459,5
100.459,2
100.465,0
100.481,15
100.481,5
100.492,4
100.493,1
100.498,0
100.509,14
100.509,11
100.515,7
100.521,4
100.521,0
100.521,12
100.521,9
100.527,4
100.555,3
100.56,2
100.566,1
100.571,0
100.577,8
100.577,0
100.582,14
100.582,0
100.588,6
100.588,0
100.593,12
100.593,0
100.599,7
100.599,5
100.605,0
100.61,9
100.61,6
100.616,5
100.621,4
100.627,3
100.632,0
100.638,6
100.638,0
100.643,13
100.644,0
100.649,10
100.649,9
100.655,6
100.666,5
100.666,4
100.671,2
100.677,1
100.677,0
100.682,13
100.683,10
100.688,8
100.693,5
100.694,3
100.705,0
100.716,7
100.716,0
100.721,14
100.721,5
100.721,2
100.727,0
100.733,6
100.733,0
100.749,15
100.749,8
100.75,7
100.755,6
100.761,5
100.761,4
100.766,0
100.766,4
100.766,2
100.772,0
100.783,6
100.783,0
100.788,7
100.788,5
100.788,3
100.794,0
100.799,15
100.8,14
100.8,12
100.805,5
100.805,3
100.811,2
100.816,0
100.822,3
100.822,0
100.827,2
100.828,1
100.833,0
100.834,1
100.834,0
100.844,2
100.844,0
100.855,5
100.856,1
100.861,0
100.867,10
100.867,9
100.873,5
100.873,4
100.878,0
100.884,15
100.889,12
100.889,9
100.89,7
100.895,5
100.895,0
100.895,2
100.895,1
100.901,0
100.907,4
100.907,0
100.907,9
100.907,3
100.912,1
100.913,0
100.918,2
100.918,0
100.93,3
100.93,0
100.935,12
100.935,6
100.936,5
100.941,4
100.947,0
100.952,2
100.952,0
100.958,2
100.958,1
100.964,0
100.974,9
100.974,8
100.98,6
100.985,5
100.985,0
100.991,15
100.996,14
101.002,10
101.007,9
101.008,8
101.013,5
101.013,0
101.019,2
101.025,0
101.03,9
101.036,7
101.041,5
101.041,1
101.042,0
101.047,2
101.047,0
101.052,12
101.052,10
101.058,6
101.059,5
101.064,0
101.07,8
101.07,7
101.08,5
101.08,2
101.103,1
101.108,0
101.13,5
101.13,0
101.136,14
101.136,12
101.142,10
101.147,0
101.153,2
101.153,1
101.153,0
101.158,12
101.159,11
101.164,9
101.17,5
101.17,1
101.17,0
101.192,12
101.192,11
101.197,8
101.203,7
101.209,0
101.23,5
101.231,0
101.236,14
101.236,0
101.242,5
101.242,0
101.247,10
101.247,0
101.253,12
101.259,11
101.264,10
101.27,7
101.275,5
101.297,2
101.303,1
101.308,0
101.314,2
101.314,1
101.32,0
101.325,11
101.325,0
101.33,6
101.331,0
101.336,2
101.336,0
101.341,9
101.353,8
101.359,5
101.359,0
101.375,13
101.376,12
101.381,5
101.381,3
101.387,1
101.392,0
101.397,2
101.397,0
101.403,11
101.403,0
101.408,10
101.409,0
101.414,3
101.414,1
101.415,0
101.436,3
101.437,2
101.443,1
101.448,0
101.454,8
101.454,6
101.459,5
101.465,0
101.465,5
101.471,3
101.471,1
101.487,0
101.498,9
101.498,6
101.515,0
101.521,12
101.521,0
101.526,5
101.526,4
101.532,3
101.537,2
101.543,0
101.549,5
101.549,1
101.554,0
101.576,2
101.577,0
101.582,8
101.582,7
101.593,5
101.599,0
101.604,7
101.604,0
101.615,12
101.615,6
101.621,4
101.627,0
101.637,6
101.638,5
101.643,0
101.654,4
101.671,0
101.677,6
101.677,0
101.682,6
101.682,0
101.688,1
101.693,0
101.699,11
101.699,9
101.699,0
101.705,4
101.705,3
101.71,1
101.716,0
101.721,5
101.721,4
101.727,0
101.732,5
101.732,0
101.738,10
101.738,0
101.743,10
101.744,9
101.749,8
101.755,6
101.761,5
101.761,2
101.766,0
101.777,4
101.777,0
101.783,4
101.783,0
101.788,15
101.788,12
101.794,9
101.8,5
101.8,4
101.8,2
101.805,0
101.806,11
101.806,9
101.811,6
101.811,0
101.817,4
101.817,1
101.817,0
101.822,15
101.823,11
101.828,6
101.834,5
101.834,0
101.845,6
101.845,0
101.845,8
101.845,0
101.851,11
101.851,0
101.856,14
101.857,0
101.862,8
101.862,0
101.868,5
101.873,0
101.885,2
101.885,0
101.89,5
101.901,0
101.907,12
101.907,11
101.912,10
101.929,5
101.929,0
101.934,4
101.934,1
101.934,0
101.94,13
101.94,3
101.945,1
101.951,0
101.957,7
101.957,0
101.962,13
101.963,0
101.968,3
101.968,2
101.974,0
101.979,13
101.979,5
101.985,4
101.99,0
102.001,3
102.001,0
102.007,4
102.007,3
102.007,1
102.013,0
102.018,11
102.018,9
102.023,6
102.023,2
102.024,0
102.04,4
102.04,0
102.046,14
102.046,11
102.052,9
102.057,0
102.068,1
102.069,0
102.074,5
102.074,2
102.079,0
102.085,9
102.085,5
102.091,3
102.096,1
102.102,0
102.107,13
102.107,10
102.113,9
102.113,7
102.118,5
102.119,4
102.124,2
102.135,0
102.141,14
102.141,10
102.147,7
102.152,5
102.158,4
102.163,1
102.163,0
102.174,15
102.174,0
102.18,3
102.18,0
102.185,9
102.186,8
102.202,7
102.208,6
102.208,2
102.213,1
102.219,0
102.224,15
102.224,0
102.23,7
102.23,2
102.23,1
102.236,0
102.241,8
102.241,5
102.241,2
102.247,1
102.252,0
102.263,12
102.264,4
102.286,0
102.291,3
102.291,0
102.297,7
102.297,6
102.303,5
102.303,0
102.308,13
102.308,12
102.314,11
102.319,8
102.325,5
102.325,0
102.336,1
102.336,0
102.341,5
102.341,4
102.347,0
102.352,3
102.358,2
102.369,0
102.375,5
102.375,3
102.375,0
102.386,9
102.387,4
102.387,2
102.387,0
102.387,15
102.387,13
102.393,5
102.398,4
102.399,2
102.404,0
102.409,5
102.41,0
102.415,10
102.415,0
102.421,2
102.421,1
102.426,0
102.437,14
102.437,9
102.443,8
102.448,5
102.448,4
102.454,0
102.46,7
102.46,5
102.465,4
102.471,0
102.499,9
102.499,0
102.51,6
102.51,0
102.515,9
102.515,0
102.521,10
102.526,9
102.526,7
102.532,5
102.532,3
102.532,2
102.538,1
102.543,0
102.565,11
102.565,9
102.582,5
102.588,3
102.588,1
102.588,0
102.594,1
102.594,0
102.6,2
102.6,0
102.605,8
102.611,0
102.616,1
102.616,0
102.627,15
102.627,0
102.633,8
102.633,1
102.638,0
102.649,9
102.65,4
102.655,0
102.66,8
102.661,0
102.666,13
102.666,12
102.672,8
102.678,0
102.683,5
102.683,0
102.688,2
102.688,0
102.694,13
102.694,10
102.7,6
102.722,5
102.722,2
102.738,0
102.744,9
102.744,0
102.749,12
102.75,11
102.755,8
102.761,7
102.766,5
102.766,3
102.783,2
102.789,1
102.794,0
102.805,15
102.811,14
102.816,13
102.822,6
102.827,5
102.827,0
102.828,20
102.833,14
102.833,0
102.833,15
102.839,13
102.839,10
102.851,2
102.851,0
102.856,10
102.862,9
102.867,7
102.873,5
102.873,0
102.873,9
102.873,7
102.879,0
102.885,2
102.896,0
102.907,2
102.907,0
102.913,15
102.913,14
102.918,10
102.924,7
102.924,6
102.93,5
102.93,4
102.935,0
102.94,6
102.941,0
102.951,4
102.957,3
102.963,0
102.968,1
102.968,0
102.985,12
102.985,8
102.996,7
103.002,6
103.024,5
103.024,4
103.03,0
103.035,15
103.035,11
103.041,7
103.046,5
103.046,4
103.052,0
103.057,3
103.058,0
103.068,11
103.068,9
103.074,5
103.08,4
103.085,2
103.091,1
103.108,0
103.113,3
103.113,0
103.124,12
103.124,0
103.13,12
103.13,9
103.135,7
103.136,3
103.141,0
103.152,14
103.152,9
103.157,0
103.163,4
103.163,0
103.169,15
103.169,7
103.174,6
103.175,5
103.175,4
103.18,2
103.186,0
103.191,6
103.192,0
103.197,2
103.197,0
103.214,14
103.214,0
103.22,11
103.236,8
103.242,7
103.247,5
103.253,0
103.275,5
103.275,0
103.28,5
103.286,3
103.292,2
103.297,0
103.297,4
103.297,2
103.303,0
103.308,1
103.308,0
103.314,4
103.314,0
103.319,9
103.32,7
103.32,2
103.325,0
103.331,6
103.331,2
103.337,1
103.342,0
103.348,7
103.348,6
103.348,3
103.359,0
103.365,14
103.365,12
103.37,10
103.376,8
103.381,5
103.387,0
103.393,6
103.393,4
103.415,2
103.415,0
103.421,10
103.421,6
103.426,5
103.426,4
103.432,1
103.443,0
103.448,14
103.448,0
103.454,7
103.454,0
103.46,5
103.46,2
103.465,0
103.471,8
103.477,3
103.482,2
103.487,0
103.493,10
103.499,8
103.505,7
103.51,5
103.51,0
103.516,4
103.516,0
103.521,1
103.522,0
103.533,4
103.533,1
103.538,0
103.549,4
103.549,2
103.549,0
103.555,8
103.555,0
103.56,10
103.56,9
103.56,7
103.566,6
103.566,5
103.572,0
103.577,12
103.583,9
103.589,5
103.595,3
103.6,2
103.606,0
103.611,7
103.612,4
103.617,3
103.623,1
103.623,0
103.628,6
103.628,0
103.634,12
103.634,11
103.64,9
103.645,5
103.645,1
103.651,0
103.656,14
103.656,12
103.662,9
103.667,7
103.673,5
103.678,3
103.684,0
103.69,4
103.69,0
103.695,13
103.695,12
103.701,11
103.712,10
103.718,1
103.718,0
103.729,11
103.729,10
103.735,7
103.735,6
103.735,5
103.74,0
103.746,14
103.746,0
103.751,3
103.752,0
103.757,2
103.757,0
103.768,8
103.768,0
103.773,13
103.774,11
103.774,4
103.78,0
103.791,9
103.797,1
103.797,0
103.797,2
103.797,1
103.814,0
103.819,6
103.82,5
103.825,4
103.831,3
103.836,0
103.842,5
103.842,0
103.847,1
103.847,0
103.853,3
103.853,0
103.858,9
103.858,8
103.859,2
103.87,0
103.87,16
103.875,4
103.876,2
103.898,1
103.898,0
103.898,14
103.898,7
103.904,6
103.909,5
103.909,0
103.915,9
103.915,4
103.926,3
103.932,1
103.937,0
103.943,2
103.943,0
103.948,14
103.948,0
103.954,15
103.959,10
103.965,9
103.97,6
103.976,5
103.981,4
103.992,2
103.998,0
104.003,14
104.004,12
104.009,11
104.009,9
104.015,7
104.015,3
104.021,0
104.032,12
104.043,5
104.043,2
104.049,0
104.054,8
104.054,0
104.06,12
104.06,11
104.065,8
104.071,6
104.076,2
104.082,0
104.098,3
104.104,0
104.109,5
104.109,0
104.115,5
104.115,0
104.12,8
104.12,7
104.121,3
104.126,2
104.132,0
104.137,3
104.138,0
104.154,3
104.154,0
104.16,6
104.16,5
104.165,4
104.165,3
104.171,0
104.176,1
104.176,0
104.182,9
104.182,7
104.188,5
104.188,0
104.199,5
104.199,2
104.221,0
104.226,14
104.232,11
104.238,6
104.238,4
104.249,1
104.265,0
104.271,10
104.271,3
104.277,2
104.282,0
104.288,15
104.288,14
104.293,5
104.299,3
104.305,1
104.31,0
104.322,4
104.327,0
104.338,6
104.338,0
104.344,14
104.344,13
104.344,11
104.35,6
104.36,5
104.361,0
104.371,14
104.371,12
104.377,11
104.383,9
104.388,7
104.394,5
104.394,3
104.399,2
104.405,0
104.41,13
104.411,1
104.422,0
104.428,1
104.428,0
104.433,7
104.433,0
104.439,1
104.444,0
104.455,11
104.461,5
104.461,1
104.466,0
104.472,10
104.477,5
104.478,4
104.483,0
104.489,3
104.494,0
104.505,2
104.511,0
104.516,9
104.517,4
104.517,1
104.523,0
104.528,1
104.528,0
104.534,1
104.534,0
104.55,13
104.551,2
104.551,0
104.556,3
104.556,0
104.562,4
104.567,2
104.573,0
104.583,11
104.584,0
104.589,5
104.589,3
104.59,0
104.595,6
104.595,0
104.6,11
104.6,9
104.606,5
104.611,1
104.617,0
104.623,13
104.623,10
104.623,9
104.629,5
104.629,0
104.629,1
104.629,0
104.634,12
104.635,11
104.635,9
104.64,8
104.646,5
104.646,4
104.651,1
104.657,0
104.662,2
104.662,1
104.668,0
104.673,4
104.673,2
104.684,0
104.69,14
104.69,0
104.701,3
104.701,0
104.706,8
104.707,0
104.717,2
104.718,0
104.723,3
104.723,0
104.729,3
104.729,0
104.734,5
104.757,0
104.762,2
104.762,0
104.767,6
104.767,5
104.773,1
104.773,0
104.779,2
104.779,0
104.789,2
104.789,0
104.795,11
104.796,8
104.801,5
104.801,0
104.806,13
104.806,12
104.813,10
104.84,8
104.851,5
104.851,1
104.862,0
104.867,6
104.868,0
104.879,8
104.879,5
104.884,2
104.885,0
104.895,1
104.896,0
104.901,4
104.901,0
104.907,13
104.907,0
104.912,8
104.912,7
104.918,6
104.924,5
104.924,4
104.924,0
104.929,2
104.936,0
104.946,13
104.946,7
104.963,6
104.968,5
104.968,4
104.991,3
104.997,0
105.002,7
105.002,5
105.002,3
105.013,0
105.019,2
105.019,1
105.025,0
105.036,3
105.036,2
105.041,0
105.047,2
105.047,0
105.052,8
105.052,7
105.064,3
105.069,0
105.08,2
105.08,1
105.091,0
105.097,5
105.097,0
105.102,5
105.102,0
105.107,6
105.108,5
105.113,3
105.119,0
105.13,15
105.13,13
105.136,11
105.142,8
105.147,5
105.147,4
105.153,1
105.158,0
105.164,7
105.164,0
105.169,4
105.169,2
105.175,0
105.18,1
105.18,0
105.186,3
105.186,0
105.191,8
105.191,0
105.197,3
105.197,2
105.202,0
105.213,13
105.214,8
105.219,5
105.253,1
105.259,0
105.264,15
105.264,0
105.27,6
105.27,1
105.27,0
105.281,10
105.286,9
105.286,0
105.287,8
105.287,7
105.292,6
105.298,5
105.298,4
105.303,3
105.309,0
105.314,6
105.314,0
105.32,6
105.32,0
105.325,8
105.325,7
105.348,2
105.353,0
105.359,7
105.359,3
105.365,0
105.365,6
105.365,5
105.37,3
105.376,2
105.381,1
105.387,0
105.392,12
105.398,5
105.398,0
105.403,10
105.403,5
105.404,3
105.415,0
105.426,6
105.426,2
105.432,1
105.437,0
105.438,3
105.438,2
105.438,1
105.444,0
105.449,10
105.449,9
105.454,7
105.482,5
105.482,0
105.487,11
105.488,0
105.493,15
105.494,10
105.499,7
105.504,6
105.51,0
105.516,6
105.516,5
105.516,4
105.522,0
105.522,7
105.522,0
105.527,14
105.527,3
105.533,2
105.539,0
105.544,8
105.544,0
105.549,14
105.55,10
105.561,7
105.567,4
105.572,0
105.583,11
105.583,0
105.589,1
105.589,0
105.594,9
105.594,4
105.6,3
105.611,1
105.616,0
105.622,6
105.622,3
105.627,0
105.633,9
105.638,7
105.65,5
105.655,0
105.661,8
105.661,7
105.666,6
105.667,3
105.672,0
105.678,9
105.678,4
105.683,0
105.689,5
105.689,2
105.694,0
105.7,9
105.7,0
105.7,2
105.7,0
105.705,10
105.711,8
105.711,7
105.711,4
105.717,2
105.722,0
105.728,13
105.728,10
105.728,9
105.734,8
105.734,7
105.739,5
105.739,4
105.745,0
105.751,6
105.751,0
105.756,5
105.756,4
105.757,1
105.768,0
105.773,4
105.774,3
105.779,2
105.779,0
105.79,6
105.796,5
105.796,2
105.801,1
105.807,0
105.807,5
105.807,4
105.813,0
105.818,5
105.823,4
105.829,0
105.829,3
105.835,0
105.84,15
105.84,0
105.846,13
105.846,8
105.852,6
105.857,5
105.857,3
105.857,0
105.863,7
105.863,0
105.874,3
105.874,2
105.875,0
105.885,6
105.886,4
105.891,1
105.896,0
105.924,15
105.924,0
105.93,9
105.93,0
105.935,13
105.935,12
105.941,7
105.946,2
105.952,0
105.957,5
105.957,0
105.963,10
105.963,0
105.969,23
105.985,22
105.991,13
105.996,11
106.002,9
106.002,6
106.008,5
106.008,0
106.008,15
106.008,11
106.013,9
106.019,5
106.019,0
106.024,15
106.025,0
106.03,3
106.03,0
106.052,4
106.053,0
106.058,11
106.058,9
106.07,8
106.075,5
106.075,0
106.086,13
106.086,11
106.092,5
106.092,4
106.097,1
106.114,0
106.119,11
106.119,7
106.125,3
106.131,0
106.136,6
106.136,0
106.142,10
106.142,8
106.147,6
106.159,4
106.164,3
106.164,1
106.17,0
106.175,12
106.176,7
106.181,5
106.181,1
106.187,0
106.198,7
106.209,5
106.22,4
106.225,0
106.226,3
106.226,0
106.231,4
106.231,1
106.254,0
106.27,12
106.276,11
106.281,6
106.281,0
106.287,8
106.287,7
106.32,5
106.32,2
106.332,0
106.342,10
106.343,0
106.348,7
106.348,0
106.354,3
106.354,0
106.359,14
106.36,13
106.365,8
106.371,6
106.376,5
106.376,1
106.376,0
106.377,5
106.377,1
106.383,0
106.388,13
106.394,8
106.394,0
106.394,3
106.394,1
106.399,0
106.405,15
106.405,10
106.411,4
106.422,3
106.427,0
106.433,2
106.433,1
106.438,0
106.444,13
106.444,0
106.449,6
106.449,0
106.455,11
106.455,4
106.461,3
106.466,0
106.477,7
106.477,0
106.483,11
106.483,10
106.489,5
106.522,0
106.527,2
106.528,1
106.533,0
106.544,1
106.544,0
106.55,12
106.55,10
106.556,8
106.578,4
106.583,1
106.589,0
106.595,2
106.595,1
106.595,0
106.606,3
106.606,0
106.611,10
106.611,5
106.617,2
106.633,0
106.639,4
106.639,3
106.645,1
106.645,0
106.65,1
106.651,0
106.667,6
106.667,0
106.673,8
106.673,7
106.679,6
106.679,5
106.679,3
106.684,0
106.69,7
106.69,5
106.69,4
106.69,3
106.696,2
106.701,0
106.707,3
106.707,0
106.707,22
106.712,19
106.718,18
106.718,14
106.723,12
106.724,10
106.729,7
106.729,6
106.735,5
106.735,0
106.735,15
106.741,14
106.752,6
106.757,5
106.763,2
106.774,0
106.779,8
106.78,5
106.785,2
106.785,0
106.791,8
106.796,5
106.796,4
106.797,3
106.802,2
106.819,0
106.819,1
106.819,0
106.824,3
106.824,0
106.83,12
106.83,9
106.83,6
106.835,5
106.835,4
106.841,3
106.841,0
106.841,15
106.842,5
106.858,1
106.864,0
106.869,10
106.87,0
106.875,1
106.881,0
106.892,9
106.892,8
106.898,6
106.898,3
106.909,2
106.915,0
106.925,14
106.926,1
106.931,0
106.947,3
106.948,0
106.953,11
106.954,9
106.954,4
106.959,0
106.959,2
106.96,0
106.965,13
106.976,12
106.982,9
106.988,5
106.993,1
106.999,0
107.004,6
107.004,2
107.016,1
107.027,0
107.032,3
107.032,2
107.037,1
107.043,0
107.048,13
107.049,11
107.054,6
107.06,5
107.065,2
107.065,0
107.071,7
107.071,0
107.082,14
107.082,9
107.088,0
107.093,14
107.099,13
107.105,9
107.11,7
107.111,5
107.116,4
107.116,2
107.122,0
107.127,7
107.127,2
107.127,0
107.138,12
107.138,0
107.144,9
107.144,0
107.149,1
107.155,0
107.161,2
107.161,1
107.166,0
107.177,1
107.177,0
107.188,9
107.188,6
107.194,2
107.2,0
107.206,11
107.206,9
107.211,6
107.217,2
107.217,0
107.222,12
107.223,0
107.228,9
107.234,5
107.234,3
107.239,0
107.244,11
107.245,9
107.25,2
107.251,0
107.256,4
107.256,0
107.261,8
107.261,6
107.278,4
107.284,3
107.289,1
107.295,0
107.306,1
107.307,0
107.312,15
107.318,14
107.323,12
107.323,3
107.329,2
107.334,0
107.34,5
107.34,0
107.345,13
107.345,1
107.351,0
107.357,3
107.357,1
107.362,0
107.368,9
107.368,5
107.373,4
107.379,1
107.385,0
107.39,13
107.39,7
107.391,6
107.396,5
107.396,1
107.413,0
107.418,7
107.418,3
107.424,2
107.429,0
107.429,4
107.43,3
107.435,0
107.446,7
107.446,0
107.451,7
107.451,0
107.457,11
107.463,5
107.463,4
107.469,2
107.486,1
107.491,0
107.497,12
107.497,0
107.508,13
107.508,12
107.514,10
107.519,5
107.525,3
107.53,1
107.53,0
107.536,3
107.536,1
107.536,0
107.542,6
107.542,3
107.553,0
107.558,9
107.564,4
107.564,0
107.57,2
107.57,1
107.576,0
107.587,15
107.587,14
107.604,10
107.62,5
107.62,0
107.626,2
107.626,0
107.631,12
107.631,0
107.637,7
107.637,6
107.648,0
107.653,14
107.654,5
107.67,4
107.676,0
107.681,3
107.682,2
107.682,0
107.704,5
107.704,0
107.704,14
107.704,5
107.71,4
107.716,0
107.721,9
107.721,3
107.727,0
107.732,12
107.732,4
107.738,0
107.743,8
107.743,0
107.748,13
107.749,12
107.766,11
107.771,7
107.782,6
107.782,0
107.788,5
107.788,0
107.793,13
107.794,7
107.794,5
107.799,3
107.805,2
107.811,0
107.811,14
107.811,10
107.811,8
107.817,7
107.822,6
107.828,5
107.828,1
107.839,0
107.844,7
107.86,6
107.861,0
107.861,4
107.861,2
107.866,0
107.872,6
107.872,0
107.877,6
107.877,3
107.888,0
107.894,6
107.894,4
107.894,1
107.9,0
107.905,7
107.905,0
107.911,6
107.911,0
107.916,7
107.917,4
107.917,2
107.923,0
107.928,8
107.928,0
107.933,2
107.934,0
107.939,7
107.939,2
107.945,0
107.95,5
107.95,3
107.956,0
107.956,8
107.961,5
107.967,4
107.973,0
107.978,6
107.978,3
107.978,0
107.984,5
107.989,2
107.989,0
107.989,2
107.989,1
107.995,0
108.001,4
108.001,1
108.006,0
108.007,11
108.007,9
108.012,6
108.018,5
108.018,2
108.023,1
108.024,0
108.029,3
108.046,1
108.051,0
108.051,5
108.051,0
108.068,10
108.068,0
108.073,8
108.074,5
108.079,4
108.09,1
108.09,0
108.096,1
108.096,0
108.113,14
108.113,7
108.119,5
108.125,1
108.125,0
108.131,6
108.131,5
108.136,4
108.142,3
108.147,2
108.152,0
108.163,3
108.163,0
108.169,1
108.169,0
108.174,12
108.175,6
108.175,5
108.18,2
108.191,0
108.202,1
108.203,0
108.213,9
108.214,1
108.219,0
108.225,10
108.225,0
108.23,3
108.23,0
108.263,4
108.264,1
108.269,0
108.274,15
108.275,0
108.28,9
108.28,1
108.286,0
108.291,15
108.291,0
108.297,7
108.297,0
108.302,2
108.303,1
108.309,0
108.32,9
108.32,8
108.325,5
108.325,0
108.336,11
108.342,5
108.342,4
108.342,2
108.353,0
108.359,13
108.359,1
108.375,0
108.381,4
108.381,0
108.386,6
108.392,2
108.403,1
108.404,0
108.409,3
108.409,0
108.415,12
108.415,11
108.42,6
108.426,5
108.426,1
108.431,0
108.437,10
108.437,9
108.443,8
108.454,5
108.454,0
108.459,1
108.459,0
108.465,8
108.465,0
108.47,15
108.47,9
108.476,5
108.476,1
108.481,0
108.487,6
108.487,0
108.492,13
108.492,10
108.493,8
108.493,4
108.493,0
108.504,9
108.504,0
108.526,6
108.527,4
108.527,3
108.533,0
108.544,4
108.544,3
108.549,0
108.555,13
108.56,10
108.56,9
108.56,7
108.566,5
108.566,3
108.571,0
108.571,7
108.571,5
108.572,2
108.577,1
108.583,0
108.588,15
108.588,0
108.594,8
108.599,5
108.599,4
108.605,0
108.61,7
108.61,0
108.616,1
108.616,0
108.628,14
108.628,10
108.633,0
108.639,13
108.639,11
108.639,3
108.644,2
108.644,0
108.65,10
108.65,7
108.65,3
108.661,1
108.667,0
108.672,11
108.672,0
108.678,7
108.678,4
108.683,3
108.689,2
108.694,0
108.7,13
108.705,9
108.711,7
108.717,6
108.722,3
108.728,2
108.734,0
108.739,7
108.745,5
108.75,2
108.756,0
108.761,9
108.767,6
108.772,5
108.772,0
108.772,8
108.772,0
108.778,8
108.778,0
108.783,3
108.795,1
108.8,0
108.806,12
108.806,4
108.817,2
108.834,1
108.84,0
108.845,15
108.845,13
108.851,12
108.851,9
108.862,7
108.868,5
108.868,0
108.873,1
108.873,0
108.879,9
108.879,0
108.884,1
108.89,0
108.895,10
108.895,7
108.901,6
108.906,5
108.912,2
108.917,0
108.923,13
108.923,0
108.928,2
108.928,1
108.934,0
108.946,6
108.951,5
108.951,4
108.973,3
109.001,2
109.006,1
109.012,0
109.017,10
109.023,7
109.023,6
109.029,5
109.034,0
109.045,7
109.046,6
109.051,5
109.051,0
109.057,2
109.057,0
109.062,10
109.062,5
109.079,0
109.084,7
109.084,6
109.09,5
109.09,3
109.095,0
109.106,3
109.107,2
109.112,1
109.117,0
109.123,5
109.123,0
109.129,13
109.129,10
109.146,9
109.152,5
109.152,4
109.157,2
109.168,0
109.174,14
109.174,0
109.179,1
109.179,0
109.185,3
109.185,0
109.19,2
109.19,0
109.196,5
109.196,0
109.201,4
109.212,2
109.213,0
109.229,14
109.229,12
109.23,7
109.235,5
109.246,1
109.252,0
109.258,12
109.258,0
109.263,2
109.263,1
109.269,0
109.274,12
109.274,0
109.28,10
109.28,4
109.285,3
109.286,0
109.291,9
109.297,5
109.297,0
109.303,4
109.303,0
109.308,3
109.314,1
109.319,0
109.319,1
109.325,0
109.336,11
109.336,3
109.336,0
109.342,13
109.342,0
109.347,1
109.348,0
109.353,12
109.354,11
109.37,8
109.37,5
109.376,2
109.381,0
109.392,7
109.392,4
109.398,0
109.409,3
109.409,0
109.42,12
109.42,0
109.425,3
109.425,0
109.442,4
109.442,0
109.453,8
109.453,0
109.464,3
109.464,0
109.469,6
109.469,0
109.475,5
109.475,2
109.481,1
109.492,0
109.503,14
109.503,11
109.508,8
109.519,5
109.519,2
109.542,1
109.547,0
109.553,6
109.558,3
109.564,0
109.564,12
109.564,11
109.581,9
109.586,8
109.587,5
109.592,4
109.598,3
109.603,0
109.608,6
109.609,5
109.614,0
109.625,1
109.625,0
109.631,2
109.636,0
109.637,7
109.637,5
109.637,4
109.643,1
109.648,0
109.659,12
109.659,0
109.664,9
109.665,0
109.67,9
109.67,0
109.675,10
109.676,8
109.682,5
109.682,0
109.687,14
109.687,12
109.693,7
109.698,5
109.698,1
109.715,0
109.726,12
109.726,0
109.731,6
109.731,0
109.737,8
109.737,4
109.743,3
109.748,0
109.754,15
109.754,13
109.76,12
109.76,10
109.766,9
109.771,5
109.771,3
109.776,2
109.777,0
109.782,13
109.788,10
109.793,8
109.799,5
109.799,2
109.804,1
109.81,0
109.815,11
109.821,5
109.821,0
109.821,1
109.821,0
109.832,7
109.832,5
109.832,2
109.838,0
109.843,8
109.844,0
109.849,7
109.849,6
109.855,5
109.855,4
109.861,2
109.861,0
109.866,9
109.866,8
109.867,4
109.872,3
109.878,0
109.883,7
109.883,5
109.9,0
109.905,4
109.905,0
109.91,5
109.911,0
109.916,10
109.916,9
109.922,5
109.922,4
109.927,2
109.933,0
109.944,5
109.944,4
109.95,1
109.955,0
109.961,4
109.961,2
109.961,0
109.966,15
109.967,0
109.972,2
109.972,0
109.983,6
109.984,4
109.989,3
110,0
